id,district_id,forecast_area_id,district_region_id,planning_area_id,inhabitants,inhabitants_with_migration_background,inhabitants_germans,inhabitants_germans_without_migration_background,inhabitants_germans_with_migration_background,inhabitants_foreigners,inhabitants_percentage,inhabitants_with_migration_background_percentage,inhabitants_germans_percentage,inhabitants_germans_without_migration_background_percentage,inhabitants_germans_with_migration_background_percentage,inhabitants_foreigners_percentage
01100101,01,10,01,01,3648,2371,2021,1277,744,1627,100.0,64.99451754385966,55.40021929824561,35.00548245614035,20.394736842105264,44.59978070175439
01100102,01,10,01,02,2020,1438,915,582,333,1105,100.0,71.18811881188118,45.2970297029703,28.81188118811881,16.485148514851485,54.70297029702971
01100103,01,10,01,03,5699,3497,3511,2202,1309,2188,100.0,61.36164239340235,61.60729952623267,38.63835760659765,22.968941919635025,38.39270047376733
01100104,01,10,01,04,4982,3327,2932,1655,1277,2050,100.0,66.78040947410679,58.85186672019269,33.21959052589322,25.63227619429948,41.14813327980731
01100205,01,10,02,05,2966,2004,1440,962,478,1526,100.0,67.56574511126095,48.55023600809171,32.43425488873905,16.11598111935266,51.44976399190829
01100206,01,10,02,06,1913,1072,1166,841,325,747,100.0,56.0376372190277,60.951385258755884,43.9623627809723,16.989022477783585,39.04861474124412
01100207,01,10,02,07,8772,4926,5469,3846,1623,3303,100.0,56.15595075239398,62.346101231190154,43.84404924760602,18.50205198358413,37.65389876880985
01100308,01,10,03,08,7410,3634,4817,3776,1041,2593,100.0,49.041835357624834,65.00674763832659,50.958164642375166,14.048582995951417,34.99325236167341
01100309,01,10,03,09,12579,5539,8923,7040,1883,3656,100.0,44.033706971937356,70.93568646156292,55.966293028062644,14.969393433500278,29.064313538437077
01100310,01,10,03,10,10277,5436,6360,4841,1519,3917,100.0,52.89481366157439,61.885764328111314,47.10518633842561,14.780577989685707,38.114235671888686
01100311,01,10,03,11,9636,5022,6282,4614,1668,3354,100.0,52.117061021170606,65.19302615193027,47.882938978829394,17.31008717310087,34.80697384806974
01100312,01,10,03,12,10262,5150,6816,5112,1704,3446,100.0,50.18514909374391,66.41980120834145,49.81485090625609,16.604950302085363,33.580198791658546
01100313,01,10,03,13,11199,5565,7367,5634,1733,3832,100.0,49.69193678006965,65.78265916599696,50.308063219930354,15.474595946066612,34.21734083400303
01100414,01,10,04,14,5560,3261,3082,2299,783,2478,100.0,58.65107913669064,55.43165467625899,41.34892086330935,14.082733812949641,44.56834532374101
01100415,01,10,04,15,13551,6210,9244,7341,1903,4307,100.0,45.82687624529555,68.21636779573464,54.173123754704456,14.043244041030182,31.783632204265366
01100416,01,10,04,16,13656,5987,9614,7669,1945,4042,100.0,43.841534856473345,70.40128881077915,56.15846514352666,14.242823667252491,29.598711189220854
01200517,01,20,05,17,4160,2652,2156,1508,648,2004,100.0,63.74999999999999,51.82692307692308,36.25,15.576923076923077,48.17307692307693
01200518,01,20,05,18,6942,4481,3848,2461,1387,3094,100.0,64.54912129069432,55.430711610486895,35.45087870930568,19.979832901181215,44.569288389513105
01200519,01,20,05,19,9610,5467,5816,4143,1673,3794,100.0,56.888657648283036,60.520291363163366,43.111342351716964,17.40894901144641,39.479708636836634
01200520,01,20,05,20,9503,4707,6565,4796,1769,2938,100.0,49.53172682310849,69.08344733242134,50.46827317689151,18.615174155529832,30.91655266757866
01200521,01,20,05,21,5308,3257,3208,2051,1157,2100,100.0,61.36021100226073,60.43707611152976,38.63978899773926,21.797287113790507,39.56292388847024
01200522,01,20,05,22,11644,4468,8963,7176,1787,2681,100.0,38.37169357609069,76.97526623153556,61.62830642390931,15.346959807626245,23.024733768464444
01200623,01,20,06,23,10998,5832,7340,5166,2174,3658,100.0,53.0278232405892,66.73940716493908,46.9721767594108,19.767230405528277,33.26059283506092
01200624,01,20,06,24,6482,4661,3185,1821,1364,3297,100.0,71.90681888306078,49.13606911447084,28.093181116939213,21.042887997531626,50.863930885529165
01200625,01,20,06,25,6955,4232,4511,2723,1788,2444,100.0,60.848310567936736,64.85981308411215,39.151689432063264,25.708123652048886,35.14018691588785
01200626,01,20,06,26,5972,2704,4269,3268,1001,1703,100.0,45.277963831212325,71.48359008707301,54.72203616878768,16.761553918285333,28.516409912926992
01200627,01,20,06,27,3421,2301,2173,1120,1053,1248,100.0,67.26103478515054,63.519438760596316,32.73896521484946,30.780473545746855,36.48056123940368
01200628,01,20,06,28,3304,1542,2407,1762,645,897,100.0,46.67070217917676,72.85108958837773,53.32929782082324,19.52179176755448,27.148910411622275
01200629,01,20,06,29,5967,2951,3909,3016,893,2058,100.0,49.45533769063181,65.51030668677727,50.54466230936819,14.965644377409081,34.48969331322272
01300730,01,30,07,30,8106,5901,4146,2205,1941,3960,100.0,72.7979274611399,51.14729829755736,27.202072538860104,23.945225758697262,48.85270170244264
01300731,01,30,07,31,8916,5505,5224,3411,1813,3692,100.0,61.74293405114402,58.59129654553612,38.25706594885599,20.334230596680126,41.40870345446388
01300732,01,30,07,32,10166,6486,5989,3680,2309,4177,100.0,63.80090497737556,58.912059807200464,36.199095022624434,22.712964784576037,41.08794019279953
01300733,01,30,07,33,11667,7364,7067,4303,2764,4600,100.0,63.118196622953626,60.57255506985515,36.88180337704637,23.690751692808774,39.42744493014485
01300834,01,30,08,34,14425,9670,9891,4755,5136,4534,100.0,67.03639514731368,68.56845753899479,32.96360485268631,35.60485268630849,31.4315424610052
01300835,01,30,08,35,10925,6778,7248,4147,3101,3677,100.0,62.04118993135012,66.34324942791761,37.95881006864988,28.38443935926773,33.65675057208238
01300836,01,30,08,36,15123,10125,8651,4998,3653,6472,100.0,66.95100178536005,57.20425841433578,33.04899821463995,24.155260199695828,42.795741585664224
01400937,01,40,09,37,11024,5786,7318,5238,2080,3706,100.0,52.48548621190131,66.38243831640058,47.5145137880987,18.867924528301888,33.61756168359942
01400938,01,40,09,38,9728,5298,6291,4430,1861,3437,100.0,54.461348684210535,64.66899671052632,45.53865131578947,19.130345394736842,35.331003289473685
01400939,01,40,09,39,6131,3472,3623,2659,964,2508,100.0,56.630239765128046,59.093133257217424,43.36976023487196,15.723373022345458,40.90686674278258
01400940,01,40,09,40,7067,2933,5714,4134,1580,1353,100.0,41.50275930380643,80.85467666619499,58.49724069619357,22.357435970001415,19.14532333380501
01400941,01,40,09,41,3919,1936,2756,1983,773,1163,100.0,49.40035723398826,70.3240622607808,50.59964276601174,19.724419494769073,29.675937739219187
01400942,01,40,09,42,8635,4812,5364,3823,1541,3271,100.0,55.72669368847713,62.11928199189346,44.27330631152287,17.845975680370586,37.88071800810655
01401043,01,40,10,43,7749,5304,4450,2445,2005,3299,100.0,68.44754161827332,57.42676474383791,31.552458381726673,25.874306362111238,42.573235256162086
01401044,01,40,10,44,10314,7177,5606,3137,2469,4708,100.0,69.58503005623425,54.35330618576691,30.414969943765758,23.938336242001164,45.64669381423308
01401045,01,40,10,45,5687,4194,3076,1493,1583,2611,100.0,73.74714260594338,54.08827149639529,26.252857394056623,27.835414102338667,45.911728503604714
01401046,01,40,10,46,8932,4656,5864,4276,1588,3068,100.0,52.127183161665926,65.65158978952083,47.87281683833408,17.778772951186745,34.34841021047917
01401047,01,40,10,47,8159,5733,3945,2426,1519,4214,100.0,70.26596396617234,48.35151366589043,29.734036033827678,18.617477632062755,51.64848633410956
01401048,01,40,10,48,9499,5866,5594,3633,1961,3905,100.0,61.75386882829772,58.890409516791244,38.24613117170229,20.644278345088956,41.109590483208756
01401049,01,40,10,49,6711,4146,3855,2565,1290,2856,100.0,61.779168529280284,57.443004023245415,38.220831470719716,19.222172552525706,42.55699597675458
02100101,02,10,01,01,7122,5338,3651,1784,1867,3471,100.0,74.95085650098287,51.2636899747262,25.04914349901713,26.21454647570907,48.7363100252738
02100102,02,10,01,02,8739,6249,5511,2490,3021,3228,100.0,71.50703741846894,63.062135255750086,28.492962581531067,34.56917267421902,36.937864744249914
02100103,02,10,01,03,5482,3491,3699,1991,1708,1783,100.0,63.68113827070412,67.47537395111273,36.318861729295875,31.156512221816858,32.52462604888727
02100104,02,10,01,04,5654,3923,3506,1731,1775,2148,100.0,69.38450654403961,62.00919702865229,30.61549345596038,31.3937035726919,37.99080297134772
02100105,02,10,01,05,9505,6821,6084,2684,3400,3421,100.0,71.76223040504998,64.00841662283008,28.237769594950024,35.77064702788007,35.99158337716991
02100106,02,10,01,06,4944,3206,3342,1738,1604,1602,100.0,64.84627831715211,67.59708737864078,35.153721682847895,32.44336569579288,32.40291262135923
02200207,02,20,02,07,2534,1163,1823,1371,452,711,100.0,45.89581689029203,71.94159431728492,54.10418310970797,17.837411207576952,28.058405682715076
02200208,02,20,02,08,5848,2711,4121,3137,984,1727,100.0,46.35772913816689,70.46853625170999,53.64227086183311,16.82626538987688,29.531463748290015
02200209,02,20,02,09,10990,4759,8084,6231,1853,2906,100.0,43.30300272975432,73.55777979981801,56.696997270245674,16.860782529572337,26.442220200181982
02200210,02,20,02,10,12247,5573,8794,6674,2120,3453,100.0,45.505021637952154,71.80534008328571,54.49497836204785,17.310361721237854,28.194659916714297
02200211,02,20,02,11,14624,6338,10897,8286,2611,3727,100.0,43.33971553610503,74.51449671772428,56.660284463894975,17.85421225382932,25.48550328227571
02200212,02,20,02,12,8493,4310,6205,4183,2022,2288,100.0,50.74767455551631,73.06016719651478,49.25232544448369,23.807841752031084,26.939832803485224
02200213,02,20,02,13,10111,4688,7117,5423,1694,2994,100.0,46.365344674117296,70.38868558995154,53.634655325882704,16.754030264068838,29.61131441004846
02300314,02,30,03,14,7243,4352,4632,2891,1741,2611,100.0,60.085599889548526,63.95140135303051,39.91440011045147,24.03700124257904,36.04859864696949
02300315,02,30,03,15,8390,4822,5507,3568,1939,2883,100.0,57.473182359952325,65.63766388557806,42.526817640047675,23.110846245530393,34.36233611442193
02300316,02,30,03,16,4225,2144,2966,2081,885,1259,100.0,50.74556213017751,70.20118343195266,49.25443786982249,20.94674556213018,29.798816568047336
02300417,02,30,04,17,8144,4497,5393,3647,1746,2751,100.0,55.21856581532416,66.2205304518664,44.78143418467583,21.439096267190568,33.7794695481336
02300418,02,30,04,18,7809,3855,5358,3954,1404,2451,100.0,49.36611601997695,68.61313868613139,50.63388398002305,17.979254706108335,31.386861313868614
02300419,02,30,04,19,10656,5603,7036,5053,1983,3620,100.0,52.58070570570571,66.02852852852853,47.419294294294296,18.609234234234233,33.97147147147147
02400520,02,40,05,20,5836,2347,4409,3489,920,1427,100.0,40.21590130226183,75.54832076764907,59.78409869773817,15.764222069910899,24.451679232350926
02400521,02,40,05,21,8338,3311,6201,5027,1174,2137,100.0,39.70976253298153,74.37035260254258,60.29023746701847,14.080115135524107,25.629647397457422
02400522,02,40,05,22,11489,3898,9006,7591,1415,2483,100.0,33.92810514405083,78.38802332666029,66.07189485594917,12.316128470711114,21.61197667333972
02400623,02,40,06,23,13637,6890,9086,6747,2339,4551,100.0,50.52430886558628,66.62755738065556,49.47569113441373,17.15186624624184,33.372442619344426
02400624,02,40,06,24,11896,4710,8424,7186,1238,3472,100.0,39.59314055144586,70.81371889710827,60.40685944855414,10.406859448554135,29.186281102891726
02400625,02,40,06,25,1219,865,504,354,150,715,100.0,70.95980311730928,41.345365053322396,29.04019688269073,12.305168170631665,58.65463494667761
02500726,02,50,07,26,9307,3702,6704,5605,1099,2603,100.0,39.776512302567966,72.03180401848071,60.22348769743204,11.808316321048673,27.96819598151929
02500727,02,50,07,27,6675,2701,4783,3974,809,1892,100.0,40.46441947565543,71.65543071161049,59.53558052434457,12.119850187265918,28.344569288389515
02500728,02,50,07,28,10154,3705,7542,6449,1093,2612,100.0,36.48808351388615,74.27614733110104,63.51191648611385,10.764230844987196,25.723852668898957
02500729,02,50,07,29,5491,2076,4152,3415,737,1339,100.0,37.807321070843194,75.61464214168639,62.1926789291568,13.421963212529594,24.385357858313604
02500830,02,50,08,30,4066,1780,2774,2286,488,1292,100.0,43.77766847024102,68.22429906542055,56.222331529758975,12.001967535661585,31.775700934579437
02500831,02,50,08,31,7991,3388,5579,4603,976,2412,100.0,42.39769740958578,69.81604304842949,57.60230259041421,12.213740458015266,30.18395695157052
02500832,02,50,08,32,9574,4452,6382,5122,1260,3192,100.0,46.5009400459578,66.65970336327554,53.499059954042195,13.16064340923334,33.34029663672447
02500833,02,50,08,33,10313,4242,7144,6071,1073,3169,100.0,41.132551149035194,69.27179288276932,58.8674488509648,10.404344031804518,30.728207117230678
02500834,02,50,08,34,11436,4316,8517,7120,1397,2919,100.0,37.74046869534802,74.47534102833158,62.25953130465197,12.215809723679607,25.52465897166842
02500835,02,50,08,35,8401,3796,5588,4605,983,2813,100.0,45.18509701226044,66.51589096536127,54.81490298773956,11.700987977621711,33.484109034638735
02500836,02,50,08,36,5042,1337,4375,3705,670,667,100.0,26.51725505751686,86.77112257040856,73.48274494248315,13.288377627925426,13.228877429591432
03100101,03,10,01,01,4693,914,4102,3779,323,591,100.0,19.47581504368208,87.40677604943534,80.52418495631792,6.882591093117409,12.593223950564672
03100102,03,10,01,02,3430,1188,2495,2242,253,935,100.0,34.63556851311954,72.74052478134111,65.36443148688048,7.376093294460641,27.259475218658892
03100103,03,10,01,03,9635,2608,7502,7027,475,2133,100.0,27.067981318111052,77.86196159833939,72.93201868188895,4.9299429164504405,22.138038401660612
03200204,03,20,02,04,2552,650,1983,1902,81,569,100.0,25.47021943573668,77.70376175548589,74.52978056426332,3.1739811912225706,22.296238244514107
03200205,03,20,02,05,8839,1713,7822,7126,696,1017,100.0,19.3800203642946,88.494173549044,80.61997963570539,7.874193913338614,11.50582645095599
03200206,03,20,02,06,6749,1667,5591,5082,509,1158,100.0,24.699955548970216,82.84190250407468,75.30004445102978,7.541858053044896,17.158097495925322
03200207,03,20,02,07,11535,2391,10071,9144,927,1464,100.0,20.728218465539662,87.30819245773732,79.27178153446035,8.036410923276984,12.691807542262678
03200308,03,20,03,08,5296,854,4872,4442,430,424,100.0,16.12537764350453,91.99395770392749,83.87462235649546,8.119335347432024,8.006042296072508
03200309,03,20,03,09,5428,1048,4828,4380,448,600,100.0,19.307295504789977,88.94620486366986,80.69270449521002,8.253500368459838,11.05379513633014
03200310,03,20,03,10,8049,1426,7377,6623,754,672,100.0,17.716486520064603,91.65113678717853,82.2835134799354,9.367623307243136,8.348863212821469
03300411,03,30,04,11,11860,2962,9873,8898,975,1987,100.0,24.97470489038786,83.24620573355817,75.02529510961214,8.220910623946038,16.753794266441822
03300412,03,30,04,12,5202,614,4911,4588,323,291,100.0,11.80315263360246,94.40599769319492,88.19684736639753,6.209150326797386,5.594002306805075
03300413,03,30,04,13,3128,313,2981,2815,166,147,100.0,10.006393861892583,95.3005115089514,89.99360613810742,5.30690537084399,4.6994884910485935
03300514,03,30,05,14,6918,800,6439,6118,321,479,100.0,11.56403584851113,93.07603353570396,88.43596415148886,4.640069384215091,6.92396646429604
03300515,03,30,05,15,50,6,44,44,0,6,100.0,12.0,88.0,88.0,0.0,12.0
03300516,03,30,05,16,8736,2499,6872,6237,635,1864,100.0,28.60576923076923,78.66300366300366,71.39423076923077,7.268772893772894,21.336996336996336
03300517,03,30,05,17,1132,81,1084,1051,33,48,100.0,7.1554770318021195,95.75971731448763,92.84452296819788,2.9151943462897525,4.240282685512367
03400618,03,40,06,18,4808,1103,4387,3705,682,421,100.0,22.940931780366057,91.24376039933443,77.05906821963394,14.1846921797005,8.756239600665557
03400619,03,40,06,19,10559,2325,9283,8234,1049,1276,100.0,22.019130599488587,87.91552230324842,77.98086940051141,9.934652902737001,12.084477696751586
03400620,03,40,06,20,3511,758,3107,2753,354,404,100.0,21.589290800341782,88.49330675021362,78.41070919965821,10.082597550555397,11.506693249786386
03400721,03,40,07,21,11937,2969,10213,8968,1245,1724,100.0,24.872245957945882,85.55751026220993,75.12775404205412,10.429756220155818,14.442489737790066
03400722,03,40,07,22,3820,820,3322,3000,322,498,100.0,21.465968586387437,86.96335078534031,78.53403141361257,8.429319371727749,13.036649214659684
03400723,03,40,07,23,7195,1861,6050,5334,716,1145,100.0,25.865184155663655,84.08617095205003,74.13481584433634,9.95135510771369,15.913829047949966
03400724,03,40,07,24,8092,1525,7141,6567,574,951,100.0,18.84577360355907,88.24765200197726,81.15422639644093,7.093425605536333,11.752347998022739
03400725,03,40,07,25,7468,1122,6808,6346,462,660,100.0,15.024102838778788,91.16229244777718,84.97589716122121,6.186395286555972,8.837707552222817
03400826,03,40,08,26,7138,1796,5843,5342,501,1295,100.0,25.161109554497056,81.85766321098346,74.83889044550294,7.018772765480527,18.14233678901653
03400827,03,40,08,27,9647,2601,7927,7046,881,1720,100.0,26.961749766766868,82.17062299160361,73.03825023323313,9.132372758370478,17.829377008396392
03400828,03,40,08,28,4903,1407,3912,3496,416,991,100.0,28.69671629614522,79.7878849683867,71.30328370385477,8.484601264531918,20.212115031613298
03400829,03,40,08,29,6064,1504,4989,4560,429,1075,100.0,24.80211081794195,82.27242744063325,75.19788918205805,7.074538258575198,17.727572559366756
03400830,03,40,08,30,9292,1826,8137,7466,671,1155,100.0,19.651312957382693,87.56995264743865,80.3486870426173,7.221265604821352,12.430047352561344
03400831,03,40,08,31,0,0,0,0,0,0,0.0,0.0,0.0,0.0,0.0,0.0
03500932,03,50,09,32,6456,1989,4818,4467,351,1638,100.0,30.808550185873607,74.62825278810409,69.1914498141264,5.436802973977695,25.37174721189591
03500933,03,50,09,33,7607,1607,6532,6000,532,1075,100.0,21.125279347968977,85.86827921651111,78.87472065203103,6.993558564480084,14.131720783488891
03500934,03,50,09,34,10343,3172,8145,7171,974,2198,100.0,30.668084694962776,78.74891230784105,69.33191530503723,9.416997002803829,21.251087692158947
03500935,03,50,09,35,6684,1977,5340,4707,633,1344,100.0,29.578096947935368,79.89228007181327,70.42190305206462,9.470377019748653,20.107719928186714
03500936,03,50,09,36,10008,2508,8330,7500,830,1678,100.0,25.059952038369303,83.2334132693845,74.9400479616307,8.293365307753797,16.766586730615508
03501037,03,50,10,37,8547,1975,7142,6572,570,1405,100.0,23.107523107523107,83.56148356148356,76.89247689247689,6.669006669006669,16.438516438516437
03501038,03,50,10,38,7309,1344,6345,5965,380,964,100.0,18.388288411547407,86.81078122862225,81.6117115884526,5.199069640169654,13.189218771377753
03601139,03,60,11,39,3788,1450,2794,2338,456,994,100.0,38.278775079197466,73.75923970432946,61.721224920802534,12.038014783526927,26.24076029567054
03601140,03,60,11,40,5993,2097,4529,3896,633,1464,100.0,34.99082262639747,75.57150008343066,65.00917737360254,10.562322709828132,24.42849991656933
03601141,03,60,11,41,6863,2632,5001,4231,770,1862,100.0,38.350575550051,72.8690077225703,61.649424449948995,11.219583272621303,27.130992277429694
03601142,03,60,11,42,10934,4191,8024,6743,1281,2910,100.0,38.329979879275655,73.38576916041704,61.670020120724345,11.715749039692703,26.61423083958295
03601243,03,60,12,43,6963,2191,5522,4772,750,1441,100.0,31.466321987649003,79.30489731437599,68.53367801235099,10.77121930202499,20.69510268562401
03601244,03,60,12,44,7656,2278,6165,5378,787,1491,100.0,29.754440961337515,80.52507836990596,70.24555903866249,10.27951933124347,19.474921630094045
03601245,03,60,12,45,13352,4349,10330,9003,1327,3022,100.0,32.57189934092271,77.36668663870581,67.4281006590773,9.93858597962852,22.63331336129419
03601346,03,60,13,46,5993,2347,4356,3646,710,1637,100.0,39.162356082095776,72.68479893208743,60.83764391790422,11.847155014183214,27.315201067912565
03601347,03,60,13,47,9434,3268,7365,6166,1199,2069,100.0,34.640661437354254,78.06868772524909,65.35933856264575,12.70934916260335,21.9313122747509
03601348,03,60,13,48,7518,2690,5703,4828,875,1815,100.0,35.78079276403299,75.85794094173983,64.21920723596702,11.638733705772813,24.142059058260177
03601449,03,60,14,49,9951,2234,8500,7717,783,1451,100.0,22.45000502462064,85.4185508994071,77.54999497537935,7.868555924027736,14.581449100592906
03601450,03,60,14,50,4697,2566,2454,2131,323,2243,100.0,54.63061528635299,52.24611454119651,45.36938471364701,6.876729827549499,47.75388545880349
03601451,03,60,14,51,6423,2209,4849,4214,635,1574,100.0,34.39202864704966,75.49431729721314,65.60797135295033,9.886345944262805,24.50568270278686
03601452,03,60,14,52,4724,1966,3316,2758,558,1408,100.0,41.61727349703641,70.194750211685,58.38272650296359,11.812023708721423,29.805249788314985
03601453,03,60,14,53,3216,1161,2528,2055,473,688,100.0,36.100746268656714,78.60696517412936,63.899253731343286,14.70771144278607,21.393034825870647
03701554,03,70,15,54,11549,4750,8316,6799,1517,3233,100.0,41.12910208676076,72.00623430600052,58.87089791323924,13.13533639276128,27.993765693999478
03701555,03,70,15,55,7357,2636,5604,4721,883,1753,100.0,35.82982193829006,76.1723528612206,64.17017806170993,12.002174799510671,23.827647138779394
03701556,03,70,15,56,8592,3558,6140,5034,1106,2452,100.0,41.410614525139664,71.46182495344506,58.589385474860336,12.87243947858473,28.538175046554937
03701657,03,70,16,57,3192,1090,2459,2102,357,733,100.0,34.147869674185465,77.03634085213032,65.85213032581454,11.18421052631579,22.963659147869674
03701658,03,70,16,58,8340,2909,6366,5431,935,1974,100.0,34.880095923261386,76.33093525179856,65.1199040767386,11.211031175059953,23.66906474820144
03701659,03,70,16,59,9439,3588,7054,5851,1203,2385,100.0,38.01250132429283,74.73249284881874,61.98749867570717,12.744994173111559,25.267507151181267
03701660,03,70,16,60,12813,3931,10355,8882,1473,2458,100.0,30.679778350113168,80.81635838601422,69.32022164988683,11.49613673612737,19.183641613985795
04100101,04,10,01,01,11599,6147,7795,5452,2343,3804,100.0,52.9959479265454,67.20406931632037,47.00405207345461,20.200017242865766,32.79593068367962
04100102,04,10,01,02,7855,4569,5539,3286,2253,2316,100.0,58.16677275620624,70.51559516231698,41.833227243793765,28.682367918523234,29.484404837683005
04200203,04,20,02,03,1499,451,1232,1048,184,267,100.0,30.086724482988657,82.18812541694463,69.91327551701134,12.274849899933288,17.81187458305537
04200204,04,20,02,04,3076,1241,2198,1835,363,878,100.0,40.3446033810143,71.45643693107932,59.6553966189857,11.801040312093628,28.543563068920676
04200205,04,20,02,05,2486,827,1988,1659,329,498,100.0,33.266291230893,79.96781979082864,66.733708769107,13.234111021721642,20.03218020917136
04200206,04,20,02,06,2899,851,2466,2048,418,433,100.0,29.354949982752675,85.06381510865816,70.64505001724733,14.418765091410831,14.936184891341842
04200207,04,20,02,07,2949,1060,2197,1889,308,752,100.0,35.944387928111226,74.49983045100034,64.05561207188877,10.444218379111565,25.50016954899966
04200308,04,20,03,08,6238,2336,4743,3902,841,1495,100.0,37.44789996793844,76.03398525168323,62.55210003206155,13.481885219621672,23.96601474831677
04200309,04,20,03,09,6845,2015,5797,4830,967,1048,100.0,29.43754565376187,84.68955441928415,70.56245434623814,14.12710007304602,15.31044558071585
04200310,04,20,03,10,7603,2812,6056,4791,1265,1547,100.0,36.985400499802715,79.65276864395634,63.014599500197285,16.638169143759043,20.347231356043665
04200311,04,20,03,11,7373,3086,5470,4287,1183,1903,100.0,41.85541841855419,74.1896107418961,58.14458158144582,16.04502916045029,25.810389258103893
04300412,04,30,04,12,4432,2623,2468,1809,659,1964,100.0,59.18321299638989,55.68592057761733,40.81678700361011,14.86913357400722,44.314079422382676
04300413,04,30,04,13,9976,4784,7497,5192,2305,2479,100.0,47.9550922213312,75.15036086607859,52.0449077786688,23.10545308740978,24.84963913392141
04300414,04,30,04,14,10503,4157,8143,6346,1797,2360,100.0,39.57916785680282,77.53022945825002,60.42083214319718,17.109397315052842,22.469770541749977
04300415,04,30,04,15,6362,2534,4882,3828,1054,1480,100.0,39.83024206224457,76.73687519647909,60.16975793775542,16.56711725872367,23.263124803520903
04300416,04,30,04,16,11884,5055,8846,6829,2017,3038,100.0,42.536183103332206,74.43621676203298,57.46381689666779,16.972399865365198,25.563783237967012
04300517,04,30,05,17,9517,4689,6622,4828,1794,2895,100.0,49.269727855416626,69.58075023641904,50.730272144583374,18.85047809183566,30.419249763580957
04300518,04,30,05,18,5814,2755,4245,3059,1186,1569,100.0,47.385620915032675,73.01341589267287,52.614379084967325,20.39903680770554,26.986584107327143
04300619,04,30,06,19,8860,4243,6324,4617,1707,2536,100.0,47.88939051918736,71.37697516930022,52.11060948081264,19.266365688487586,28.623024830699773
04300620,04,30,06,20,3911,2444,2394,1467,927,1517,100.0,62.49041165942214,61.21196624904116,37.50958834057786,23.70237790846331,38.78803375095883
04300621,04,30,06,21,10651,5262,7627,5389,2238,3024,100.0,49.40381184865271,71.60829969016994,50.596188151347285,21.012111538822644,28.391700309830064
04300622,04,30,06,22,5233,3122,3462,2111,1351,1771,100.0,59.65985094592013,66.15708006879419,40.34014905407987,25.81693101471431,33.84291993120581
04300623,04,30,06,23,12099,6820,7705,5279,2426,4394,100.0,56.36829490040499,63.682949004049924,43.63170509959501,20.051243904454914,36.317050995950076
04300624,04,30,06,24,9277,4258,6661,5019,1642,2616,100.0,45.898458553411665,71.80122884553197,54.10154144658834,17.699687398943624,28.198771154468037
04400725,04,40,07,25,82,58,34,24,10,48,100.0,70.73170731707317,41.46341463414634,29.268292682926827,12.195121951219512,58.536585365853654
04400726,04,40,07,26,5404,2394,4087,3010,1077,1317,100.0,44.30051813471503,75.62916358253146,55.69948186528497,19.929681717246485,24.370836417468542
04400727,04,40,07,27,8300,3566,6321,4734,1587,1979,100.0,42.963855421686745,76.1566265060241,57.036144578313255,19.120481927710845,23.843373493975903
04400728,04,40,07,28,3221,1281,2550,1940,610,671,100.0,39.77025768394908,79.16796026078858,60.22974231605092,18.93821794473766,20.832039739211424
04400729,04,40,07,29,2891,1176,2244,1715,529,647,100.0,40.67796610169492,77.62020062262192,59.32203389830508,18.298166724316843,22.37979937737807
04400830,04,40,08,30,8383,4027,5949,4356,1593,2434,100.0,48.03769533579864,70.96504831206012,51.96230466420136,19.00274364785876,29.03495168793988
04400831,04,40,08,31,1536,464,1308,1072,236,228,100.0,30.208333333333332,85.15625,69.79166666666666,15.364583333333334,14.84375
04400832,04,40,08,32,6897,1866,5906,5031,875,991,100.0,27.055241409308394,85.63143395679282,72.9447585906916,12.686675366101202,14.368566043207192
04400833,04,40,08,33,4015,1551,3226,2464,762,789,100.0,38.63013698630137,80.34869240348692,61.369863013698634,18.97882938978829,19.651307596513075
04400834,04,40,08,34,3463,1174,2838,2289,549,625,100.0,33.90124169794975,81.95206468380017,66.09875830205024,15.853306381749926,18.047935316199826
04400835,04,40,08,35,10233,2944,8631,7289,1342,1602,100.0,28.76966676438972,84.34476693051892,71.23033323561027,13.114433694908628,15.655233069481088
04500936,04,50,09,36,5486,2461,4083,3025,1058,1403,100.0,44.85964272694131,74.42581115566898,55.14035727305869,19.28545388261028,25.574188844331026
04500937,04,50,09,37,7585,3328,5580,4257,1323,2005,100.0,43.87607119314436,73.56624917600527,56.12392880685564,17.442320369149638,26.43375082399473
04500938,04,50,09,38,8288,3972,5937,4316,1621,2351,100.0,47.924710424710426,71.63368725868726,52.075289575289574,19.558397683397683,28.366312741312743
04500939,04,50,09,39,6760,3418,4823,3342,1481,1937,100.0,50.562130177514796,71.34615384615385,49.43786982248521,21.90828402366864,28.653846153846153
04501040,04,50,10,40,5889,2679,4357,3210,1147,1532,100.0,45.49159449821701,73.98539650195279,54.50840550178299,19.476991000169807,26.014603498047208
04501041,04,50,10,41,5456,2544,3939,2912,1027,1517,100.0,46.62756598240469,72.1957478005865,53.3724340175953,18.823313782991203,27.804252199413487
04501042,04,50,10,42,3691,2155,2290,1536,754,1401,100.0,58.38526144676239,62.04280682741804,41.61473855323761,20.42806827418044,37.95719317258195
04501043,04,50,10,43,11023,5238,7912,5785,2127,3111,100.0,47.518824276512746,71.777193141613,52.48117572348725,19.29601741812574,28.222806858387013
04501044,04,50,10,44,5408,2459,3904,2949,955,1504,100.0,45.46967455621302,72.18934911242604,54.530325443786985,17.659023668639055,27.810650887573964
04501045,04,50,10,45,9101,4483,6343,4618,1725,2758,100.0,49.258323261180095,69.69563784199538,50.741676738819905,18.953961103175477,30.304362158004615
04501146,04,50,11,46,4572,2042,3374,2530,844,1198,100.0,44.663167104111984,73.79702537182851,55.33683289588801,18.460192475940506,26.20297462817148
04501147,04,50,11,47,5510,2414,4156,3096,1060,1354,100.0,43.811252268602544,75.42649727767696,56.188747731397456,19.237749546279492,24.57350272232305
04501148,04,50,11,48,4565,2214,3230,2351,879,1335,100.0,48.49945235487404,70.75575027382256,51.50054764512596,19.255202628696605,29.244249726177436
04501149,04,50,11,49,10012,4223,7449,5789,1660,2563,100.0,42.17938473831403,74.40071913703555,57.82061526168598,16.58010387534958,25.59928086296444
04501150,04,50,11,50,3059,1246,2293,1813,480,766,100.0,40.73226544622426,74.95913697286694,59.26773455377574,15.691402419091204,25.04086302713305
04501151,04,50,11,51,7459,2630,5953,4829,1124,1506,100.0,35.25941815256737,79.80962595522188,64.74058184743264,15.069044107789248,20.19037404477812
04501152,04,50,11,52,6823,3064,5000,3759,1241,1823,100.0,44.906932434413015,73.28154770628755,55.093067565586985,18.188480140700573,26.718452293712442
04501153,04,50,11,53,7375,3381,5407,3994,1413,1968,100.0,45.84406779661017,73.31525423728814,54.15593220338983,19.159322033898306,26.684745762711863
05100101,05,10,01,01,4358,1069,3832,3289,543,526,100.0,24.529600734281782,87.93024323083984,75.47039926571823,12.459843965121616,12.069756769160165
05100102,05,10,01,02,4350,1196,3623,3154,469,727,100.0,27.49425287356322,83.28735632183908,72.50574712643679,10.781609195402298,16.71264367816092
05100103,05,10,01,03,6095,3141,4174,2954,1220,1921,100.0,51.53404429860542,68.48236259228877,48.465955701394584,20.016406890894174,31.51763740771124
05100104,05,10,01,04,6111,3063,4270,3048,1222,1841,100.0,50.1227295041728,69.87399770904925,49.8772704958272,19.99672721322206,30.126002290950744
05100105,05,10,01,05,7657,1699,6834,5958,876,823,100.0,22.18884680684341,89.25166514300639,77.81115319315658,11.44051194984981,10.748334856993601
05100206,05,10,02,06,3666,1662,2688,2004,684,978,100.0,45.335515548281506,73.32242225859247,54.6644844517185,18.657937806873978,26.677577741407525
05100207,05,10,02,07,2319,668,2047,1651,396,272,100.0,28.805519620526088,88.27080638206122,71.19448037947392,17.076326002587322,11.729193617938767
05100208,05,10,02,08,10979,5484,7692,5495,2197,3287,100.0,49.949904362874584,70.06102559431642,50.05009563712542,20.010929957191,29.938974405683577
05100209,05,10,02,09,11784,6497,8585,5287,3298,3199,100.0,55.134080108621866,72.8530210454854,44.86591989137814,27.987101154107265,27.146978954514594
05100210,05,10,02,10,7812,3278,5642,4534,1108,2170,100.0,41.9610855094726,72.22222222222221,58.0389144905274,14.183307731694828,27.77777777777778
05100211,05,10,02,11,6226,2348,4999,3878,1121,1227,100.0,37.71281721811757,80.29232251847093,62.287182781882436,18.0051397365885,19.70767748152907
05100312,05,10,03,12,4117,1878,2862,2239,623,1255,100.0,45.61573961622541,69.51663832888025,54.384260383774595,15.13237794510566,30.483361671119745
05100313,05,10,03,13,6511,3646,4403,2865,1538,2108,100.0,55.99754262018123,67.62402088772846,44.002457379818765,23.62156350790969,32.375979112271544
05100314,05,10,03,14,7431,4678,3925,2753,1172,3506,100.0,62.95249629928678,52.81927062306554,37.04750370071323,15.771766922352306,47.180729376934465
05100315,05,10,03,15,6971,3390,4669,3581,1088,2302,100.0,48.63003873188926,66.97747812365515,51.36996126811074,15.607516855544398,33.022521876344854
05100316,05,10,03,16,10485,4760,7647,5725,1922,2838,100.0,45.39818788745828,72.93276108726752,54.60181211254172,18.3309489747258,27.067238912732478
05100317,05,10,03,17,4036,2249,2213,1787,426,1823,100.0,55.72348860257681,54.831516352824586,44.27651139742319,10.555004955401387,45.16848364717542
05200418,05,20,04,18,3885,976,3540,2909,631,345,100.0,25.122265122265127,91.11969111969111,74.87773487773488,16.24195624195624,8.880308880308881
05200419,05,20,04,19,1666,91,1642,1575,67,24,100.0,5.46218487394958,98.5594237695078,94.53781512605042,4.021608643457383,1.440576230492197
05200420,05,20,04,20,5888,2044,4857,3844,1013,1031,100.0,34.71467391304348,82.48980978260869,65.28532608695652,17.204483695652172,17.510190217391305
05200421,05,20,04,21,4439,1485,3479,2954,525,960,100.0,33.453480513629195,78.37350754674476,66.5465194863708,11.826988060373958,21.62649245325524
05200422,05,20,04,22,1156,323,969,833,136,187,100.0,27.941176470588236,83.82352941176471,72.05882352941177,11.76470588235294,16.176470588235293
05200423,05,20,04,23,6770,2587,5185,4183,1002,1585,100.0,38.21270310192023,76.58788774002954,61.78729689807977,14.800590841949779,23.412112259970456
05200524,05,20,05,24,3404,1035,2961,2369,592,443,100.0,30.405405405405407,86.98589894242068,69.5945945945946,17.391304347826086,13.01410105757932
05200525,05,20,05,25,2460,683,2202,1777,425,258,100.0,27.764227642276424,89.51219512195122,72.23577235772358,17.276422764227643,10.487804878048781
05200526,05,20,05,26,5749,3506,3296,2243,1053,2453,100.0,60.984519046790744,57.3317098625848,39.015480953209256,18.316228909375543,42.668290137415205
05200527,05,20,05,27,12029,7870,7285,4159,3126,4744,100.0,65.42522237925014,60.56197522653587,34.574777620749856,25.987197605786015,39.43802477346413
05200528,05,20,05,28,7193,2252,6003,4941,1062,1190,100.0,31.308216321423604,83.45613791185875,68.69178367857639,14.76435423328236,16.543862088141246
05200629,05,20,06,29,8368,3727,5965,4641,1324,2403,100.0,44.5387189292543,71.28346080305927,55.46128107074569,15.822179732313577,28.716539196940726
05200630,05,20,06,30,10048,4181,7263,5867,1396,2785,100.0,41.610270700636946,72.28304140127389,58.389729299363054,13.89331210191083,27.716958598726116
05200631,05,20,06,31,8618,3674,6202,4944,1258,2416,100.0,42.63170109074031,71.96565328382455,57.368298909259686,14.597354374564864,28.034346716175445
05200632,05,20,06,32,3754,1895,2512,1859,653,1242,100.0,50.47948854555141,66.91529035695258,49.52051145444859,17.394778902503997,33.08470964304742
05200633,05,20,06,33,2098,675,1761,1423,338,337,100.0,32.17349857006673,83.93708293612964,67.82650142993327,16.11058150619638,16.06291706387035
05200634,05,20,06,34,4413,835,3954,3578,376,459,100.0,18.921368683435304,89.59891230455472,81.0786313165647,8.520280987990029,10.401087695445275
05300735,05,30,07,35,4382,2787,3080,1595,1485,1302,100.0,63.60109539023278,70.28753993610223,36.39890460976723,33.888635326335006,29.712460063897762
05300736,05,30,07,36,3619,2013,2727,1606,1121,892,100.0,55.62310030395137,75.35230726720089,44.37689969604863,30.975407571152253,24.647692732799115
05300737,05,30,07,37,11809,5678,8825,6131,2694,2984,100.0,48.08197137776272,74.73113726818528,51.91802862223728,22.813108645948006,25.268862731814718
05300838,05,30,08,38,29,19,13,10,3,16,100.0,65.51724137931035,44.827586206896555,34.48275862068966,10.344827586206897,55.172413793103445
05300839,05,30,08,39,7604,3939,5243,3665,1578,2361,100.0,51.801683324566014,68.95055234087323,48.198316675433986,20.75223566543924,31.049447659126777
05300840,05,30,08,40,469,243,327,226,101,142,100.0,51.812366737739865,69.7228144989339,48.18763326226013,21.535181236673772,30.2771855010661
05300841,05,30,08,41,4662,2361,3241,2301,940,1421,100.0,50.64350064350064,69.51951951951952,49.356499356499356,20.163020163020164,30.48048048048048
05400942,05,40,09,42,3772,845,3378,2927,451,394,100.0,22.401908801696713,89.55461293743372,77.5980911983033,11.956521739130435,10.445387062566278
05400943,05,40,09,43,10454,2123,9673,8331,1342,781,100.0,20.308016070403674,92.52917543524009,79.69198392959632,12.837191505643771,7.4708245647599005
05400944,05,40,09,44,2210,427,2030,1783,247,180,100.0,19.321266968325794,91.8552036199095,80.67873303167421,11.176470588235295,8.144796380090497
05400945,05,40,09,45,3660,641,3379,3019,360,281,100.0,17.513661202185794,92.3224043715847,82.48633879781421,9.836065573770492,7.6775956284152995
06100101,06,10,01,01,6886,1925,5868,4961,907,1018,100.0,27.95527156549521,85.21638106302643,72.04472843450479,13.171652628521638,14.78361893697357
06100102,06,10,01,02,9166,3774,6921,5392,1529,2245,100.0,41.1739035566223,75.50730962251801,58.82609644337769,16.6812131791403,24.492690377482
06100103,06,10,01,03,6192,2097,5126,4095,1031,1066,100.0,33.866279069767444,82.78423772609818,66.13372093023256,16.650516795865634,17.21576227390181
06100204,06,10,02,04,6865,2613,5462,4252,1210,1403,100.0,38.062636562272395,79.56300072833213,61.9373634377276,17.625637290604516,20.43699927166788
06100205,06,10,02,05,9983,3650,7978,6333,1645,2005,100.0,36.56215566462987,79.9158569568266,63.43784433537013,16.478012621456475,20.084143043173395
06100206,06,10,02,06,7753,2589,6317,5164,1153,1436,100.0,33.393525087063075,81.47813749516317,66.60647491293693,14.871662582226236,18.521862504836836
06100207,06,10,02,07,8145,3014,6456,5131,1325,1689,100.0,37.004297114794355,79.2633517495396,62.99570288520565,16.267648864333946,20.736648250460405
06100208,06,10,02,08,6987,2395,5668,4592,1076,1319,100.0,34.27794475454415,81.12208387004436,65.72205524545585,15.400028624588522,18.877916129955633
06100209,06,10,02,09,9374,3621,7335,5753,1582,2039,100.0,38.6281203328355,78.24834649029229,61.3718796671645,16.8764668231278,21.7516535097077
06100210,06,10,02,10,5027,1672,4107,3355,752,920,100.0,33.260393873085334,81.69882633777601,66.73960612691467,14.959220210861348,18.30117366222399
06200311,06,20,03,11,4866,1309,4206,3557,649,660,100.0,26.900945334977393,86.43649815043156,73.0990546650226,13.33744348540896,13.563501849568436
06200312,06,20,03,12,6247,2190,4892,4057,835,1355,100.0,35.05682727709301,78.30958860252922,64.943172722907,13.366415879622217,21.690411397470786
06200313,06,20,03,13,7408,2613,5976,4795,1181,1432,100.0,35.272678185745136,80.6695464362851,64.72732181425485,15.942224622030238,19.330453563714904
06200314,06,20,03,14,7177,2298,5920,4879,1041,1257,100.0,32.01894942176397,82.48571826668525,67.98105057823604,14.504667688449214,17.514281733314753
06200315,06,20,03,15,6648,2383,5445,4265,1180,1203,100.0,35.8453670276775,81.90433212996389,64.1546329723225,17.749699157641395,18.0956678700361
06200316,06,20,03,16,5424,2387,4039,3037,1002,1385,100.0,44.00811209439528,74.46533923303835,55.99188790560472,18.47345132743363,25.534660766961654
06200317,06,20,03,17,6331,1429,5657,4902,755,674,100.0,22.57147370083715,89.35397251619017,77.42852629916285,11.925446217027327,10.646027483809824
06200418,06,20,04,18,0,0,0,0,0,0,0.0,0.0,0.0,0.0,0.0,0.0
06200419,06,20,04,19,4510,2397,3255,2113,1142,1255,100.0,53.148558758314856,72.1729490022173,46.851441241685144,25.321507760532153,27.827050997782703
06200420,06,20,04,20,7216,2259,5903,4957,946,1313,100.0,31.305432372505543,81.80432372505543,68.69456762749445,13.109756097560975,18.195676274944567
06200421,06,20,04,21,8395,2501,6918,5894,1024,1477,100.0,29.791542584871948,82.40619416319238,70.20845741512805,12.197736748064324,17.593805836807626
06200422,06,20,04,22,7108,1743,6040,5365,675,1068,100.0,24.521665728756332,84.97467642093416,75.47833427124367,9.49634214969049,15.02532357906584
06200423,06,20,04,23,8656,2639,7306,6017,1289,1350,100.0,30.48752310536044,84.40388170055454,69.51247689463955,14.891404805914974,15.596118299445472
06300524,06,30,05,24,5733,1575,4791,4158,633,942,100.0,27.472527472527474,83.56881214024071,72.52747252747253,11.041339612768185,16.431187859759287
06300525,06,30,05,25,5744,1586,4822,4158,664,922,100.0,27.61142061281337,83.94846796657382,72.38857938718662,11.559888579387186,16.051532033426184
06300526,06,30,05,26,3387,1145,2739,2242,497,648,100.0,33.805727782698554,80.8680248007086,66.19427221730145,14.673752583407145,19.13197519929141
06300527,06,30,05,27,8435,2565,7101,5870,1231,1334,100.0,30.409010077059868,84.18494368701838,69.59098992294012,14.593953764078247,15.815056312981623
06300528,06,30,05,28,11008,2830,9554,8178,1376,1454,100.0,25.708575581395348,86.79142441860465,74.29142441860465,12.5,13.20857558139535
06300629,06,30,06,29,7025,2091,5878,4934,944,1147,100.0,29.765124555160146,83.67259786476868,70.23487544483986,13.437722419928827,16.327402135231317
06300630,06,30,06,30,5654,2387,4094,3267,827,1560,100.0,42.217898832684824,72.40891404315529,57.78210116731517,14.626812875840114,27.59108595684471
06300631,06,30,06,31,2946,1100,2194,1846,348,752,100.0,37.3387644263408,74.47386286490156,62.661235573659205,11.812627291242363,25.526137135098438
06300632,06,30,06,32,13961,4431,11766,9530,2236,2195,100.0,31.73841415371392,84.27763054222477,68.26158584628608,16.016044695938685,15.722369457775232
06300633,06,30,06,33,12088,3407,10188,8681,1507,1900,100.0,28.1849768365321,84.2819324950364,71.81502316346791,12.466909331568496,15.718067504963601
06300634,06,30,06,34,8415,2170,7232,6245,987,1183,100.0,25.78728461081402,85.941770647653,74.21271538918597,11.729055258467023,14.058229352346999
06400735,06,40,07,35,10231,2577,8705,7654,1051,1526,100.0,25.18815365066953,85.08454696510604,74.81184634933047,10.272700615775584,14.91545303489395
06400736,06,40,07,36,5212,1182,4699,4030,669,513,100.0,22.678434382194933,90.15732924021489,77.32156561780506,12.835763622409823,9.842670759785111
06400737,06,40,07,37,11301,3710,8717,7591,1126,2584,100.0,32.82895318998319,77.13476683479338,67.1710468100168,9.963720024776567,22.865233165206618
06400838,06,40,08,38,7457,1535,6689,5922,767,768,100.0,20.584685530374145,89.70095212551965,79.41531446962586,10.28563765589379,10.299047874480353
06400839,06,40,08,39,5230,1242,4578,3988,590,652,100.0,23.747609942638622,87.53346080305927,76.25239005736137,11.281070745697896,12.466539196940726
06400840,06,40,08,40,7188,1314,6512,5874,638,676,100.0,18.280467445742904,90.5954368391764,81.71953255425709,8.87590428491931,9.404563160823596
06400841,06,40,08,41,6164,1781,5184,4383,801,980,100.0,28.89357560025957,84.10123296560675,71.10642439974043,12.99480856586632,15.898767034393252
06400842,06,40,08,42,4860,1889,4076,2971,1105,784,100.0,38.86831275720164,83.86831275720165,61.13168724279835,22.73662551440329,16.131687242798353
06400843,06,40,08,43,4761,1471,3946,3290,656,815,100.0,30.89687040537702,82.88174753203108,69.10312959462298,13.778617937408107,17.118252467968915
06400844,06,40,08,44,7351,2614,5923,4737,1186,1428,100.0,35.55978778397497,80.5740715548905,64.44021221602503,16.13385933886546,19.42592844510951
07100101,07,10,01,01,9890,4956,6971,4934,2037,2919,100.0,50.111223458038424,70.48533872598584,49.888776541961576,20.59656218402427,29.514661274014152
07100102,07,10,01,02,8652,4552,5673,4100,1573,2979,100.0,52.612112806287556,65.56865464632455,47.38788719371244,18.180767452612113,34.431345353675454
07100103,07,10,01,03,7784,4980,4920,2804,2116,2864,100.0,63.977389516957864,63.206577595066804,36.022610483042136,27.183967112024664,36.793422404933196
07100204,07,10,02,04,10388,4247,7811,6141,1670,2577,100.0,40.88371197535618,75.19252984212554,59.116288024643815,16.07624181748171,24.80747015787447
07100205,07,10,02,05,5227,3568,3170,1659,1511,2057,100.0,68.26095274536063,60.646642433518274,31.739047254639374,28.907595178878896,39.353357566481726
07100206,07,10,02,06,8379,4264,5846,4115,1731,2533,100.0,50.88912758085691,69.76966225086527,49.1108724191431,20.658789831722164,30.23033774913474
07200307,07,20,03,07,10604,4050,8376,6554,1822,2228,100.0,38.193134666163715,78.98906073179933,61.80686533383629,17.18219539796303,21.01093926820068
07200308,07,20,03,08,10539,4982,7553,5557,1996,2986,100.0,47.272037195179806,71.66714109498055,52.727962804820194,18.939178290160356,28.332858905019453
07200409,07,20,04,09,9410,3623,7340,5787,1553,2070,100.0,38.501594048884165,78.00212539851222,61.49840595111583,16.503719447396385,21.99787460148778
07200410,07,20,04,10,5601,3091,3906,2510,1396,1695,100.0,55.18657382610248,69.73754686663096,44.81342617389752,24.92412069273344,30.262453133369043
07200411,07,20,04,11,2764,1251,2047,1513,534,717,100.0,45.26049204052099,74.05933429811867,54.73950795947901,19.319826338639654,25.940665701881333
07200412,07,20,04,12,2091,1260,1298,831,467,793,100.0,60.258249641319935,62.075561932089904,39.74175035868006,22.33381157340985,37.924438067910096
07200413,07,20,04,13,7729,2815,6101,4914,1187,1628,100.0,36.42127053952645,78.93647302367705,63.57872946047354,15.357743563203519,21.063526976322937
07200414,07,20,04,14,3803,1579,2887,2224,663,916,100.0,41.51985274783066,75.91375230081513,58.480147252169346,17.433605048645806,24.086247699184852
07300515,07,30,05,15,6988,1967,5983,5021,962,1005,100.0,28.14825414997138,85.61820263308529,71.85174585002862,13.766456783056668,14.38179736691471
07300516,07,30,05,16,8935,2816,7331,6119,1212,1604,100.0,31.516508114157805,82.04812534974818,68.4834918858422,13.564633463905986,17.95187465025182
07300517,07,30,05,17,9536,3409,7624,6127,1497,1912,100.0,35.74874161073826,79.9496644295302,64.25125838926175,15.698406040268456,20.050335570469798
07300618,07,30,06,18,9273,3199,7543,6074,1469,1730,100.0,34.49800496063841,81.34368597002049,65.50199503936159,15.841690930658903,18.65631402997951
07300619,07,30,06,19,12214,5668,9250,6546,2704,2964,100.0,46.4057638775176,75.73276567872934,53.5942361224824,22.13852955624693,24.267234321270674
07400720,07,40,07,20,11816,5071,9340,6745,2595,2476,100.0,42.91638456330399,79.04536222071768,57.083615436696,21.961746784021667,20.95463777928233
07400721,07,40,07,21,7187,3575,4594,3612,982,2593,100.0,49.742590788924446,63.9209684151941,50.257409211075554,13.663559204118547,36.0790315848059
07400822,07,40,08,22,3064,1083,2465,1981,484,599,100.0,35.34595300261096,80.45039164490862,64.65404699738903,15.796344647519584,19.549608355091383
07400823,07,40,08,23,9773,3764,7797,6009,1788,1976,100.0,38.5142740202599,79.78102936662232,61.4857259797401,18.295303386882228,20.218970633377673
07400824,07,40,08,24,7418,3088,5690,4330,1360,1728,100.0,41.62847128606093,76.70531140469129,58.37152871393907,18.333782690752223,23.294688595308706
07400825,07,40,08,25,7368,3305,5474,4063,1411,1894,100.0,44.856134636264926,74.2942453854506,55.14386536373507,19.150380021715527,25.705754614549402
07400826,07,40,08,26,5170,1578,4368,3592,776,802,100.0,30.522243713733076,84.48742746615086,69.47775628626692,15.009671179883947,15.512572533849129
07400927,07,40,09,27,11318,5521,8068,5797,2271,3250,100.0,48.780703304470755,71.28467927195618,51.21929669552925,20.06538257642693,28.715320728043825
07400928,07,40,09,28,3979,2386,2438,1593,845,1541,100.0,59.96481528022116,61.27167630057804,40.03518471977884,21.236491580799196,38.72832369942196
07501029,07,50,10,29,8456,3902,6366,4554,1812,2090,100.0,46.14474929044465,75.28382213812678,53.85525070955535,21.428571428571427,24.716177861873227
07501030,07,50,10,30,8773,3867,6739,4906,1833,2034,100.0,44.078422432463235,76.81522854211786,55.921577567536765,20.893650974581103,23.18477145788214
07501031,07,50,10,31,9142,3282,7485,5860,1625,1657,100.0,35.90024064756071,81.87486326843143,64.09975935243929,17.775103915992123,18.125136731568585
07501032,07,50,10,32,5989,2287,4954,3702,1252,1035,100.0,38.186675571881786,82.71831691434296,61.81332442811822,20.904992486224746,17.281683085657036
07501133,07,50,11,33,8165,3559,6033,4606,1427,2132,100.0,43.58848744641763,73.88854868340478,56.41151255358237,17.477036129822412,26.111451316595225
07501134,07,50,11,34,10568,3385,8947,7183,1764,1621,100.0,32.03065859197577,84.66124148372445,67.96934140802422,16.69190007570023,15.338758516275549
07501135,07,50,11,35,2242,619,1963,1623,340,279,100.0,27.609277430865298,87.5557537912578,72.39072256913471,15.165031222123105,12.444246208742195
07601236,07,60,12,36,10313,4745,7537,5568,1969,2776,100.0,46.00989042955493,73.08251721128673,53.990109570445064,19.092407640841653,26.917482788713276
07601237,07,60,12,37,4797,1367,4171,3430,741,626,100.0,28.49697727746508,86.95017719407964,71.50302272253491,15.447154471544716,13.049822805920366
07601238,07,60,12,38,2855,1184,2333,1671,662,522,100.0,41.471103327495626,81.71628721541155,58.52889667250438,23.18739054290718,18.28371278458844
07601339,07,60,13,39,5725,2489,4756,3236,1520,969,100.0,43.47598253275109,83.07423580786026,56.52401746724891,26.55021834061135,16.925764192139738
07601340,07,60,13,40,6498,2911,5223,3587,1636,1275,100.0,44.79839950754078,80.37857802400738,55.201600492459214,25.176977531548168,19.62142197599261
07601341,07,60,13,41,2226,716,1839,1510,329,387,100.0,32.16531895777179,82.61455525606469,67.83468104222821,14.779874213836477,17.38544474393531
07601442,07,60,14,42,10419,2650,9151,7769,1382,1268,100.0,25.434302716191574,87.82992609655437,74.56569728380843,13.264228812745946,12.170073903445628
07601443,07,60,14,43,10927,2806,9718,8121,1597,1209,100.0,25.67950947195021,88.93566395167932,74.32049052804979,14.61517342362954,11.064336048320673
07601544,07,60,15,44,9020,3153,7472,5867,1605,1548,100.0,34.95565410199556,82.83813747228382,65.04434589800442,17.79379157427938,17.16186252771619
07601545,07,60,15,45,8250,3433,6347,4817,1530,1903,100.0,41.61212121212121,76.93333333333334,58.38787878787879,18.545454545454547,23.066666666666666
07601546,07,60,15,46,7006,1538,6306,5468,838,700,100.0,21.952612046817013,90.00856408792464,78.04738795318299,11.961176134741649,9.991435912075364
07601547,07,60,15,47,3870,949,3312,2921,391,558,100.0,24.521963824289404,85.5813953488372,75.4780361757106,10.103359173126615,14.418604651162791
07601548,07,60,15,48,2927,608,2641,2319,322,286,100.0,20.77212162623847,90.22890331397335,79.22787837376153,11.00102494021182,9.771096686026649
08100101,08,10,01,01,4696,2711,2850,1985,865,1846,100.0,57.72998296422487,60.689948892674614,42.270017035775126,18.41993185689949,39.310051107325386
08100102,08,10,01,02,8304,4521,5280,3783,1497,3024,100.0,54.44364161849711,63.58381502890174,45.55635838150289,18.027456647398843,36.41618497109826
08100103,08,10,01,03,7275,3756,4828,3519,1309,2447,100.0,51.628865979381445,66.36426116838487,48.371134020618555,17.993127147766323,33.63573883161512
08100104,08,10,01,04,6731,4007,4172,2724,1448,2559,100.0,59.53053038181548,61.981874907146036,40.46946961818452,21.512405288961524,38.018125092853964
08100105,08,10,01,05,6187,3901,3860,2286,1574,2327,100.0,63.05155972199774,62.388879909487635,36.948440278002266,25.440439631485372,37.611120090512365
08100206,08,10,02,06,9506,5614,5802,3892,1910,3704,100.0,59.057437407952875,61.035135703766045,40.942562592047125,20.092573111718913,38.964864296233955
08100207,08,10,02,07,7505,5065,4836,2440,2396,2669,100.0,67.48834110592938,64.43704197201865,32.51165889407062,31.925383077948034,35.562958027981345
08100208,08,10,02,08,12209,7035,7639,5174,2465,4570,100.0,57.62142681628307,62.56859693668605,42.37857318371693,20.19002375296912,37.43140306331395
08100209,08,10,02,09,8552,5156,5058,3396,1662,3494,100.0,60.28999064546306,59.14405986903648,39.71000935453695,19.434050514499532,40.85594013096352
08100310,08,10,03,10,7717,3969,5253,3748,1505,2464,100.0,51.43190358947778,68.07049371517428,48.56809641052222,19.502397304652067,31.92950628482571
08100311,08,10,03,11,7246,3586,4881,3660,1221,2365,100.0,49.48937344741927,67.36130278774496,50.51062655258074,16.850676235164226,32.63869721225504
08100312,08,10,03,12,11772,6198,7760,5574,2186,4012,100.0,52.650356778797146,65.91913013931364,47.349643221202854,18.569486918110773,34.08086986068638
08100313,08,10,03,13,3804,1471,2958,2333,625,846,100.0,38.66982124079916,77.7602523659306,61.330178759200834,16.43007360672976,22.239747634069403
08100314,08,10,03,14,8055,4947,4793,3108,1685,3262,100.0,61.41527001862197,59.50341402855369,38.584729981378025,20.918684047175667,40.49658597144631
08100415,08,10,04,15,6586,3659,4179,2927,1252,2407,100.0,55.55724263589432,63.452778621317954,44.44275736410568,19.010021257212266,36.54722137868205
08100416,08,10,04,16,6481,3457,4257,3024,1233,2224,100.0,53.34053386823021,65.68430797716401,46.65946613176979,19.02484184539423,34.31569202283598
08100417,08,10,04,17,9657,5410,6138,4247,1891,3519,100.0,56.021538780159474,63.560111835973906,43.97846121984053,19.581650616133377,36.439888164026094
08100418,08,10,04,18,9385,4569,6468,4816,1652,2917,100.0,48.684070324986685,68.91848694725627,51.315929675013315,17.60255727224294,31.08151305274374
08100419,08,10,04,19,7311,4633,4148,2678,1470,3163,100.0,63.370263985774855,56.736424565722885,36.62973601422514,20.106688551497744,43.263575434277115
08100520,08,10,05,20,5828,4407,3544,1421,2123,2284,100.0,75.61770761839396,60.8098833218943,24.382292381606042,36.42759094028826,39.190116678105696
08100521,08,10,05,21,9564,6443,6572,3121,3451,2992,100.0,67.3672103722292,68.71601840234212,32.632789627770805,36.08322877457131,31.283981597657885
08200622,08,20,06,22,5752,4043,3043,1709,1334,2709,100.0,70.28859527121001,52.903337969401946,29.711404728789987,23.191933240611963,47.096662030598054
08200623,08,20,06,23,6871,3723,4439,3148,1291,2432,100.0,54.18425265609081,64.6048610100422,45.81574734390919,18.789113666133023,35.39513898995779
08200624,08,20,06,24,8878,4471,6463,4407,2056,2415,100.0,50.36044154088759,72.7979274611399,49.639558459112415,23.158369002027484,27.202072538860104
08200725,08,20,07,25,2524,886,2171,1638,533,353,100.0,35.10301109350238,86.01426307448494,64.89698890649763,21.117274167987322,13.985736925515054
08200726,08,20,07,26,6233,1993,5281,4240,1041,952,100.0,31.97497192363228,84.72645596021178,68.02502807636772,16.701427883844055,15.273544039788224
08200727,08,20,07,27,8004,2725,6645,5279,1366,1359,100.0,34.045477261369314,83.02098950524737,65.95452273863069,17.066466766616692,16.979010494752625
08200728,08,20,07,28,1190,403,1014,787,227,176,100.0,33.865546218487395,85.21008403361344,66.1344537815126,19.07563025210084,14.789915966386555
08200729,08,20,07,29,1872,705,1587,1167,420,285,100.0,37.66025641025641,84.77564102564102,62.33974358974359,22.435897435897438,15.224358974358973
08200730,08,20,07,30,3373,1201,2741,2172,569,632,100.0,35.60628520604803,81.26297064927364,64.39371479395197,16.869255855321672,18.737029350726356
08200831,08,20,08,31,8357,2632,7162,5725,1437,1195,100.0,31.494555462486538,85.70061026684218,68.50544453751345,17.195165729328707,14.299389733157833
08200832,08,20,08,32,11800,4238,9827,7562,2265,1973,100.0,35.91525423728814,83.27966101694916,64.08474576271188,19.194915254237287,16.720338983050848
08200833,08,20,08,33,8620,4245,6460,4375,2085,2160,100.0,49.245939675174014,74.94199535962876,50.754060324825986,24.187935034802784,25.05800464037123
08300934,08,30,09,34,12603,6935,9724,5668,4056,2879,100.0,55.02658097278426,77.15623264302151,44.97341902721574,32.18281361580576,22.843767356978496
08300935,08,30,09,35,7438,3595,5847,3843,2004,1591,100.0,48.3328851841893,78.60984135520302,51.6671148158107,26.942726539392307,21.39015864479699
08301036,08,30,10,36,7431,3781,5821,3650,2171,1610,100.0,50.881442605302105,78.33400619028394,49.11855739469789,29.215448795586056,21.665993809716056
08301037,08,30,10,37,11013,6606,8253,4407,3846,2760,100.0,59.98365567965133,74.93870879869246,40.01634432034868,34.92236447834377,25.061291201307544
08401138,08,40,11,38,2885,1049,2428,1836,592,457,100.0,36.360485268630846,84.15944540727904,63.639514731369154,20.51993067590988,15.84055459272097
08401139,08,40,11,39,4171,1579,3433,2592,841,738,100.0,37.856629105730036,82.30640134260369,62.14337089426996,20.163030448333732,17.693598657396308
08401140,08,40,11,40,2681,1011,2217,1670,547,464,100.0,37.70980977247296,82.69302499067513,62.29019022752704,20.40283476314808,17.30697500932488
08401241,08,40,12,41,8319,3347,6814,4972,1842,1505,100.0,40.23320110590215,81.9088832792403,59.76679889409785,22.142084385142443,18.091116720759707
08401242,08,40,12,42,6850,2013,5979,4837,1142,871,100.0,29.38686131386861,87.28467153284672,70.61313868613138,16.67153284671533,12.715328467153283
08401243,08,40,12,43,10083,3364,8445,6719,1726,1638,100.0,33.36308638302093,83.75483487057423,66.63691361697907,17.11792125359516,16.245165129425764
08401244,08,40,12,44,7302,2061,6587,5241,1346,715,100.0,28.225143796220216,90.20816214735689,71.77485620377979,18.433305943577103,9.791837852643113
08401245,08,40,12,45,3718,1219,3291,2499,792,427,100.0,32.78644432490586,88.51533082302313,67.21355567509414,21.301775147928996,11.484669176976869
08401246,08,40,12,46,7945,2321,6965,5624,1341,980,100.0,29.21334172435494,87.66519823788546,70.78665827564507,16.878539962240403,12.334801762114537
09100101,09,10,01,01,13359,4776,10404,8583,1821,2955,100.0,35.75117898046261,77.88008084437458,64.24882101953739,13.631259824837189,22.11991915562542
09100202,09,10,02,02,4331,973,3748,3358,390,583,100.0,22.465943200184714,86.53890556453476,77.53405679981529,9.004848764719464,13.46109443546525
09100203,09,10,02,03,6994,1726,5766,5268,498,1228,100.0,24.678295682013154,82.44209322276237,75.32170431798684,7.120388904775522,17.557906777237633
09100304,09,10,03,04,11899,2591,10280,9308,972,1619,100.0,21.774939070510126,86.39381460626943,78.22506092948987,8.168753676779561,13.606185393730566
09100305,09,10,03,05,4279,1134,3551,3145,406,728,100.0,26.501519046506196,82.986679130638,73.49848095349381,9.488198177144193,17.013320869362
09100306,09,10,03,06,3131,1075,2511,2056,455,620,100.0,34.33407856914724,80.19801980198021,65.66592143085276,14.532098371127436,19.801980198019802
09100407,09,10,04,07,8578,1507,7635,7071,564,943,100.0,17.568197715085102,89.00676148286314,82.4318022849149,6.57495919794824,10.993238517136863
09100408,09,10,04,08,8431,1823,7240,6608,632,1191,100.0,21.622583323449177,85.87356185505871,78.37741667655082,7.496145178507888,14.12643814494129
09100409,09,10,04,09,3985,1095,3465,2890,575,520,100.0,27.478042659974903,86.95106649937264,72.5219573400251,14.429109159347552,13.048933500627353
09200510,09,20,05,10,7792,3049,5406,4743,663,2386,100.0,39.12987679671458,69.3788501026694,60.87012320328542,8.508726899383984,30.621149897330596
09200511,09,20,05,11,13260,3998,10388,9262,1126,2872,100.0,30.150829562594268,78.34087481146305,69.84917043740573,8.491704374057315,21.659125188536954
09200512,09,20,05,12,3979,1304,2982,2675,307,997,100.0,32.77205327971852,74.94345312892686,67.22794672028147,7.715506408645388,25.05654687107313
09200613,09,20,06,13,10725,4230,7384,6495,889,3341,100.0,39.44055944055944,68.84848484848484,60.55944055944056,8.28904428904429,31.151515151515152
09200614,09,20,06,14,3833,653,3351,3180,171,482,100.0,17.03626402295852,87.42499347769372,82.96373597704148,4.461257500652231,12.575006522306287
09200715,09,20,07,15,4127,2046,2618,2081,537,1509,100.0,49.57596316937243,63.43590986188514,50.42403683062757,13.011873031257574,36.56409013811485
09200716,09,20,07,16,8023,2339,6176,5684,492,1847,100.0,29.153683160912376,76.97868627695375,70.84631683908762,6.132369437866135,23.02131372304624
09200717,09,20,07,17,9703,2412,7909,7291,618,1794,100.0,24.858291250128826,81.5108729258992,75.14170874987117,6.3691641760280335,18.489127074100793
09200818,09,20,08,18,4006,995,3241,3011,230,765,100.0,24.837743384922618,80.90364453320021,75.16225661507738,5.741387918122816,19.0963554667998
09200819,09,20,08,19,8506,2367,6745,6139,606,1761,100.0,27.827415941688223,79.29696684693158,72.17258405831178,7.124382788619797,20.70303315306842
09300920,09,30,09,20,13048,2960,11497,10088,1409,1551,100.0,22.68546903740037,88.1131207847946,77.31453096259963,10.798589822194971,11.886879215205395
09300921,09,30,09,21,2772,467,2536,2305,231,236,100.0,16.847041847041847,91.48629148629148,83.15295815295815,8.333333333333332,8.513708513708513
09300922,09,30,09,22,5940,1446,4983,4494,489,957,100.0,24.343434343434346,83.88888888888889,75.65656565656566,8.232323232323232,16.11111111111111
09300923,09,30,09,23,8383,2242,7149,6141,1008,1234,100.0,26.744602171060478,85.27973279255636,73.25539782893952,12.024334963616843,14.720267207443635
09301024,09,30,10,24,3662,990,3064,2672,392,598,100.0,27.03440742763517,83.67012561441835,72.96559257236483,10.704533042053523,16.32987438558165
09301025,09,30,10,25,11805,2520,10136,9285,851,1669,100.0,21.346886912325285,85.86192291401949,78.65311308767471,7.20880982634477,14.138077085980516
09301126,09,30,11,26,8131,1643,7044,6488,556,1087,100.0,20.20661665231829,86.63141065059648,79.79338334768171,6.83802730291477,13.368589349403518
09301227,09,30,12,27,1896,234,1790,1662,128,106,100.0,12.341772151898734,94.40928270042194,87.65822784810126,6.751054852320674,5.590717299578059
09301228,09,30,12,28,2623,338,2451,2285,166,172,100.0,12.886008387342738,93.44262295081968,87.11399161265726,6.328631338162409,6.557377049180328
09401329,09,40,13,29,10316,1070,9622,9246,376,694,100.0,10.372237301279567,93.27258627374951,89.62776269872043,3.644823575029081,6.727413726250485
09401330,09,40,13,30,1873,241,1741,1632,109,132,100.0,12.867058195408434,92.95248264815802,87.13294180459157,5.819540843566471,7.0475173518419645
09401431,09,40,14,31,5917,1100,5094,4817,277,823,100.0,18.590501943552475,86.09092445496029,81.40949805644753,4.68142639851276,13.909075545039718
09401432,09,40,14,32,1545,290,1366,1255,111,179,100.0,18.77022653721683,88.41423948220066,81.22977346278317,7.184466019417475,11.585760517799352
09401433,09,40,14,33,4583,967,3846,3616,230,737,100.0,21.099716343006765,83.91883046039712,78.90028365699322,5.018546803403884,16.08116953960288
09401534,09,40,15,34,7622,1984,6188,5638,550,1434,100.0,26.029913408554183,81.18604040934137,73.97008659144582,7.215953817895565,18.81395959065862
09401635,09,40,16,35,7053,734,6673,6319,354,380,100.0,10.406919041542606,94.61222174961009,89.59308095845739,5.019140791152701,5.387778250389905
09501736,09,50,17,36,4635,622,4212,4013,199,423,100.0,13.419633225458469,90.87378640776699,86.58036677454153,4.293419633225459,9.12621359223301
09501737,09,50,17,37,14382,1507,13509,12875,634,873,100.0,10.478375747462106,93.92991239048811,89.52162425253789,4.4082881379502155,6.07008760951189
09501838,09,50,18,38,10704,1574,9692,9130,562,1012,100.0,14.704783258594917,90.54559043348281,85.29521674140508,5.250373692077727,9.45440956651719
09501939,09,50,19,39,6781,1648,5580,5133,447,1201,100.0,24.3032001179767,82.28874797227547,75.6967998820233,6.591948090252176,17.711252027724527
09501940,09,50,19,40,2685,547,2285,2138,147,400,100.0,20.37243947858473,85.1024208566108,79.62756052141528,5.4748603351955305,14.8975791433892
09501941,09,50,19,41,2805,491,2463,2314,149,342,100.0,17.50445632798574,87.80748663101605,82.49554367201426,5.311942959001782,12.192513368983956
09502042,09,50,20,42,4173,597,3763,3576,187,410,100.0,14.306254493170382,90.17493410016775,85.69374550682963,4.481188593338127,9.825065899832255
09502043,09,50,20,43,9127,1027,8498,8100,398,629,100.0,11.252328256820423,93.10835981154815,88.74767174317958,4.360688068368577,6.891640188451846
10100101,10,10,01,01,5853,1927,4621,3926,695,1232,100.0,32.92328720314369,78.95096531693149,67.07671279685631,11.874252520075174,21.049034683068513
10100102,10,10,01,02,3668,1303,2711,2365,346,957,100.0,35.523446019629226,73.90948745910578,64.47655398037078,9.432933478735006,26.090512540894224
10100103,10,10,01,03,7827,2282,6408,5545,863,1419,100.0,29.155487415357094,81.8704484476811,70.8445125846429,11.025935863038201,18.129551552318894
10100104,10,10,01,04,7557,2385,6392,5172,1220,1165,100.0,31.560142913854705,84.5838295619955,68.4398570861453,16.143972475850205,15.416170438004498
10100205,10,10,02,05,1263,888,424,375,49,839,100.0,70.30878859857482,33.570863024544735,29.69121140142518,3.879651623119557,66.42913697545526
10100206,10,10,02,06,11353,3401,9319,7952,1367,2034,100.0,29.956839601867348,82.08403065269093,70.04316039813266,12.040870254558268,17.915969347309083
10100207,10,10,02,07,8242,1643,7157,6599,558,1085,100.0,19.934481921863625,86.83571948556175,80.06551807813638,6.770201407425382,13.164280514438243
10100208,10,10,02,08,9829,2925,7967,6904,1063,1862,100.0,29.75887679316309,81.05605860209583,70.2411232068369,10.814935395258928,18.943941397904158
10100209,10,10,02,09,9525,3443,7085,6082,1003,2440,100.0,36.14698162729659,74.38320209973753,63.85301837270341,10.530183727034121,25.616797900262466
10100210,10,10,02,10,10846,3257,9020,7589,1431,1826,100.0,30.029503964595243,83.16430020283975,69.97049603540476,13.193804167435,16.835699797160245
10100311,10,10,03,11,2263,775,1764,1488,276,499,100.0,34.24657534246575,77.94962439239947,65.75342465753424,12.196199734865223,22.050375607600532
10100312,10,10,03,12,15483,4989,12478,10494,1984,3005,100.0,32.222437512110055,80.59161661176775,67.77756248788994,12.814054123877803,19.408383388232256
10100313,10,10,03,13,4939,1762,3712,3177,535,1227,100.0,35.67523790240939,75.15691435513261,64.32476209759061,10.832152257542013,24.843085644867383
10100314,10,10,03,14,6446,1532,5585,4914,671,861,100.0,23.766677008997828,86.64287930499535,76.23332299100217,10.409556313993173,13.357120695004653
10100315,10,10,03,15,7821,2549,6392,5272,1120,1429,100.0,32.591740186676894,81.72867919703363,67.4082598133231,14.320419383710522,18.271320802966372
10100316,10,10,03,16,3740,626,3466,3114,352,274,100.0,16.737967914438503,92.67379679144385,83.2620320855615,9.411764705882353,7.32620320855615
10200417,10,20,04,17,7950,3243,5783,4707,1076,2167,100.0,40.79245283018868,72.74213836477988,59.20754716981133,13.534591194968554,27.257861635220127
10200418,10,20,04,18,6983,1868,5576,5115,461,1407,100.0,26.750680223399687,79.85106687670056,73.24931977660032,6.601747100100243,20.148933123299443
10200419,10,20,04,19,4333,1996,2851,2337,514,1482,100.0,46.06508192937918,65.7973690283868,53.93491807062082,11.862450957765983,34.2026309716132
10200420,10,20,04,20,8235,3096,5700,5139,561,2535,100.0,37.595628415300546,69.2167577413479,62.40437158469946,6.812386156648452,30.783242258652095
10200421,10,20,04,21,1731,895,1193,836,357,538,100.0,51.70421721548239,68.91969959560947,48.29578278451762,20.623916811091856,31.080300404390528
10200422,10,20,04,22,7136,3297,4382,3839,543,2754,100.0,46.202354260089685,61.40695067264574,53.797645739910315,7.6093049327354265,38.593049327354265
10200423,10,20,04,23,6170,2396,4398,3774,624,1772,100.0,38.83306320907617,71.2803889789303,61.16693679092382,10.113452188006484,28.719611021069692
10200524,10,20,05,24,11553,3391,9019,8162,857,2534,100.0,29.351683545399464,78.0663031247295,70.64831645460053,7.41798667012897,21.933696875270492
10200525,10,20,05,25,5402,1736,4078,3666,412,1324,100.0,32.13624583487597,75.49055905220288,67.86375416512402,7.62680488707886,24.509440947797113
10200526,10,20,05,26,6251,2491,4373,3760,613,1878,100.0,39.849624060150376,69.95680691089426,60.150375939849624,9.806430971044634,30.043193089105742
10200627,10,20,06,27,3655,948,3052,2707,345,603,100.0,25.937072503419973,83.50205198358414,74.06292749658002,9.439124487004104,16.49794801641587
10200628,10,20,06,28,6607,2046,5114,4561,553,1493,100.0,30.967156046617223,77.40275465415468,69.03284395338277,8.369910700771909,22.597245345845316
10200629,10,20,06,29,9139,1911,7953,7228,725,1186,100.0,20.910384068278805,87.02265018054491,79.0896159317212,7.933034248823723,12.977349819455084
10200630,10,20,06,30,6570,1123,5928,5447,481,642,100.0,17.09284627092846,90.22831050228311,82.90715372907154,7.321156773211568,9.771689497716896
10300731,10,30,07,31,7793,1535,6800,6258,542,993,100.0,19.69716412164763,87.25779545746182,80.30283587835237,6.954959579109457,12.742204542538174
10300732,10,30,07,32,7164,1814,6058,5350,708,1106,100.0,25.321049692908986,84.56169737576774,74.67895030709101,9.882747068676718,15.438302624232273
10300733,10,30,07,33,5327,1677,4186,3650,536,1141,100.0,31.48113384644265,78.580814717477,68.51886615355734,10.061948563919655,21.419185282522996
10300734,10,30,07,34,10595,1564,9856,9031,825,739,100.0,14.761680037753658,93.02501179801793,85.23831996224635,7.786691835771591,6.974988201982067
10400835,10,40,08,35,7906,879,7451,7027,424,455,100.0,11.118138122944599,94.24487730837339,88.8818618770554,5.3630154313179865,5.755122691626613
10400836,10,40,08,36,3972,534,3641,3438,203,331,100.0,13.444108761329304,91.66666666666666,86.5558912386707,5.110775427995972,8.333333333333332
10400837,10,40,08,37,7886,735,7559,7151,408,327,100.0,9.320314481359372,95.85341110829317,90.67968551864062,5.173725589652549,4.146588891706822
10400938,10,40,09,38,10270,1059,9756,9211,545,514,100.0,10.311587147030185,94.99513145082766,89.68841285296982,5.306718597857838,5.004868549172346
10400939,10,40,09,39,4543,639,4191,3904,287,352,100.0,14.065595421527624,92.25181598062953,85.93440457847238,6.317411402157165,7.74818401937046
10400940,10,40,09,40,5891,513,5634,5378,256,257,100.0,8.708198947547107,95.63741300288576,91.2918010524529,4.345611950432864,4.362586997114242
10400941,10,40,09,41,9795,946,9373,8849,524,422,100.0,9.6579887697805,95.69167942827973,90.3420112302195,5.349668198060234,4.308320571720266
11100101,11,10,01,01,3325,351,3138,2974,164,187,100.0,10.556390977443609,94.37593984962406,89.44360902255639,4.932330827067669,5.624060150375939
11100102,11,10,01,02,3100,1322,2090,1778,312,1010,100.0,42.645161290322584,67.41935483870968,57.35483870967742,10.064516129032258,32.58064516129032
11100203,11,10,02,03,9109,3345,6887,5764,1123,2222,100.0,36.721923372488746,75.60654297947085,63.27807662751125,12.328466351959602,24.393457020529148
11100204,11,10,02,04,7431,2850,5495,4581,914,1936,100.0,38.35284618490109,73.94697887229175,61.64715381509891,12.299825057192841,26.05302112770825
11100205,11,10,02,05,6231,2161,4686,4070,616,1545,100.0,34.68143155191783,75.20462205103514,65.31856844808217,9.886053602952977,24.795377948964852
11100206,11,10,02,06,7689,2641,5711,5048,663,1978,100.0,34.34776954090259,74.27493822343608,65.65223045909741,8.622707764338667,25.725061776563923
11100307,11,10,03,07,11791,3997,9292,7794,1498,2499,100.0,33.89873632431515,78.80586888304639,66.10126367568483,12.704605207361547,21.19413111695361
11100308,11,10,03,08,9721,3304,7484,6417,1067,2237,100.0,33.98827281143915,76.98796420121387,66.01172718856084,10.97623701265302,23.012035798786133
11100309,11,10,03,09,6597,2071,5050,4526,524,1547,100.0,31.39305745035622,76.54994694558133,68.60694254964378,7.943004395937548,23.450053054418678
11200410,11,20,04,10,10336,3603,7619,6733,886,2717,100.0,34.85874613003096,73.71323529411765,65.14125386996903,8.571981424148607,26.286764705882355
11200411,11,20,04,11,6928,1935,5637,4993,644,1291,100.0,27.93013856812933,81.36547344110855,72.06986143187068,9.295612009237875,18.634526558891455
11200512,11,20,05,12,3966,913,3253,3053,200,713,100.0,23.02067574382249,82.02218860312658,76.9793242561775,5.0428643469490675,17.977811396873424
11200513,11,20,05,13,10261,3139,7880,7122,758,2381,100.0,30.591560276776143,76.79563395380568,69.40843972322386,7.387194230581814,23.204366046194327
11200514,11,20,05,14,15803,5335,12284,10468,1816,3519,100.0,33.75941276972726,77.73207618806556,66.24058723027272,11.491488957792823,22.26792381193444
11200515,11,20,05,15,4334,1160,3653,3174,479,681,100.0,26.765113059529305,84.28703276419013,73.2348869404707,11.052145823719428,15.712967235809874
11300616,11,30,06,16,6012,2363,4573,3649,924,1439,100.0,39.30472388556221,76.0645375914837,60.69527611443779,15.369261477045908,23.9354624085163
11300617,11,30,06,17,4388,1393,3553,2995,558,835,100.0,31.745670009115774,80.97082953509572,68.25432999088423,12.716499544211485,19.029170464904286
11300618,11,30,06,18,3775,1295,2829,2480,349,946,100.0,34.3046357615894,74.94039735099338,65.69536423841059,9.245033112582782,25.059602649006624
11300619,11,30,06,19,8851,3514,6263,5337,926,2588,100.0,39.70172861823523,70.76036606033217,60.29827138176477,10.462094678567393,29.239633939667836
11300620,11,30,06,20,11345,4360,8510,6985,1525,2835,100.0,38.43102688408991,75.0110180696342,61.5689731159101,13.442044953724109,24.9889819303658
11300721,11,30,07,21,6551,4530,2476,2021,455,4075,100.0,69.14974813005648,37.79575637307281,30.850251869943516,6.9455045031292935,62.204243626927195
11300722,11,30,07,22,10217,3041,8394,7176,1218,1823,100.0,29.764118625819712,82.15718899872762,70.23588137418028,11.921307624547323,17.842811001272388
11300723,11,30,07,23,2780,1969,1022,811,211,1758,100.0,70.8273381294964,36.76258992805755,29.172661870503596,7.589928057553958,63.23741007194245
11300724,11,30,07,24,4256,1362,3315,2894,421,941,100.0,32.00187969924812,77.89003759398496,67.99812030075188,9.891917293233082,22.109962406015036
11300725,11,30,07,25,10048,2653,8210,7395,815,1838,100.0,26.403264331210192,81.7078025477707,73.59673566878982,8.111066878980893,18.2921974522293
11300826,11,30,08,26,10368,4380,7465,5988,1477,2903,100.0,42.245370370370374,72.00038580246914,57.754629629629626,14.245756172839505,27.999614197530864
11400927,11,40,09,27,4248,1171,3487,3077,410,761,100.0,27.565913370998118,82.08568738229755,72.43408662900188,9.651600753295668,17.91431261770245
11400928,11,40,09,28,2721,1115,1858,1606,252,863,100.0,40.97758177140757,68.28371922087469,59.022418228592436,9.26130099228225,31.716280779125324
11400929,11,40,09,29,16604,5156,12769,11448,1321,3835,100.0,31.052758371476752,76.90315586605637,68.94724162852324,7.9559142375331255,23.096844133943627
11400930,11,40,09,30,4758,969,4153,3789,364,605,100.0,20.365699873896595,87.28457335014713,79.63430012610341,7.650273224043716,12.71542664985288
11400931,11,40,09,31,6937,2117,5488,4820,668,1449,100.0,30.5175147758397,79.11200807265388,69.4824852241603,9.629522848493584,20.887991927346114
11401032,11,40,10,32,6157,2449,4363,3708,655,1794,100.0,39.775864869254505,70.86243300308593,60.224135130745495,10.638297872340425,29.13756699691408
11401033,11,40,10,33,6827,2855,4989,3972,1017,1838,100.0,41.819247107074844,73.07748645085688,58.18075289292515,14.896733557931741,26.92251354914311
11401034,11,40,10,34,3355,1222,2483,2133,350,872,100.0,36.42324888226528,74.00894187779433,63.57675111773472,10.432190760059612,25.99105812220566
11401135,11,40,11,35,10997,4009,8382,6988,1394,2615,100.0,36.45539692643448,76.2207874874966,63.54460307356552,12.676184413931072,23.77921251250341
11401136,11,40,11,36,8204,2279,6472,5925,547,1732,100.0,27.779132130667968,78.88834714773282,72.22086786933203,6.66747927840078,21.111652852267188
11401137,11,40,11,37,8690,3227,6618,5463,1155,2072,100.0,37.13463751438435,76.15650172612199,62.86536248561565,13.291139240506327,23.84349827387802
11501238,11,50,12,38,4457,1212,3717,3245,472,740,100.0,27.193179268566297,83.39690374691496,72.8068207314337,10.590083015481264,16.603096253085035
11501339,11,50,13,39,10536,2805,8551,7731,820,1985,100.0,26.623006833712985,81.15983295368261,73.37699316628702,7.782839787395596,18.840167046317386
11501340,11,50,13,40,11215,2118,9859,9097,762,1356,100.0,18.885421310744537,87.90905037895675,81.11457868925545,6.794471689701292,12.090949621043245
11501341,11,50,13,41,9169,2575,7364,6594,770,1805,100.0,28.083760497327955,80.31410186497982,71.91623950267206,8.397862362307777,19.685898135020178
12100101,12,10,01,01,11129,6510,7126,4619,2507,4003,100.0,58.495821727019504,64.03091023452242,41.5041782729805,22.52673196154192,35.96908976547758
12100102,12,10,01,02,9968,5336,6600,4632,1968,3368,100.0,53.53130016051364,66.21187800963082,46.468699839486355,19.743178170144464,33.78812199036918
12100103,12,10,01,03,7626,3588,5548,4038,1510,2078,100.0,47.04956726986625,72.75111460792027,52.950432730133755,19.80068187778652,27.248885392079725
12100204,12,10,02,04,9054,4736,6205,4318,1887,2849,100.0,52.30837199028054,68.53324497459687,47.69162800971946,20.841616964877403,31.46675502540314
12100205,12,10,02,05,13896,6862,9828,7034,2794,4068,100.0,49.3811168681635,70.72538860103627,50.6188831318365,20.10650546919977,29.274611398963728
12100206,12,10,02,06,4678,1764,3694,2914,780,984,100.0,37.70842240273621,78.96536981616076,62.29157759726379,16.673792218896967,21.034630183839248
12200307,12,20,03,07,2766,1262,1982,1504,478,784,100.0,45.62545191612436,71.65582067968185,54.37454808387563,17.281272595806218,28.344179320318148
12200308,12,20,03,08,5760,2712,4248,3048,1200,1512,100.0,47.083333333333336,73.75,52.916666666666664,20.833333333333336,26.25
12200309,12,20,03,09,11085,6385,6947,4700,2247,4138,100.0,57.60036084799278,62.6702751465945,42.39963915200722,20.27063599458728,37.3297248534055
12200310,12,20,03,10,8098,4923,5145,3175,1970,2953,100.0,60.7927883428007,63.534205976784385,39.20721165719931,24.326994319585083,36.46579402321561
12200411,12,20,04,11,309,211,182,98,84,127,100.0,68.28478964401295,58.89967637540453,31.715210355987054,27.184466019417474,41.10032362459547
12200412,12,20,04,12,6359,2386,5041,3973,1068,1318,100.0,37.52162289668187,79.27347067148924,62.47837710331813,16.795093568171097,20.72652932851077
12200413,12,20,04,13,8087,3562,6073,4525,1548,2014,100.0,44.045999752689504,75.09583281810312,55.954000247310496,19.14183257079263,24.90416718189687
12200414,12,20,04,14,1765,758,1196,1007,189,569,100.0,42.94617563739377,67.76203966005666,57.05382436260623,10.708215297450426,32.23796033994334
12200515,12,20,05,15,11010,3004,9224,8006,1218,1786,100.0,27.284287011807447,83.77838328792008,72.71571298819255,11.06267029972752,16.22161671207993
12400616,12,40,06,16,6163,1154,5542,5009,533,621,100.0,18.72464708745741,89.92373843907188,81.2753529125426,8.648385526529289,10.076261560928119
12400617,12,40,06,17,6803,1030,6374,5773,601,429,100.0,15.140379244450978,93.69395854769954,84.85962075554903,8.834337792150523,6.306041452300455
12400618,12,40,06,18,3793,691,3498,3102,396,295,100.0,18.21776957553388,92.22251515950435,81.78223042446612,10.440284735038228,7.777484840495649
12400619,12,40,06,19,7755,1248,7146,6507,639,609,100.0,16.09284332688588,92.14700193423597,83.90715667311413,8.239845261121857,7.852998065764023
12400720,12,40,07,20,8446,1239,7931,7207,724,515,100.0,14.66966611413687,93.90243902439023,85.33033388586313,8.572105138527114,6.097560975609756
12400721,12,40,07,21,8010,1292,7372,6718,654,638,100.0,16.12983770287141,92.03495630461923,83.87016229712859,8.164794007490636,7.965043695380775
12400722,12,40,07,22,8521,1405,7824,7116,708,697,100.0,16.48867503814106,91.82020889566952,83.51132496185893,8.308883933810586,8.179791104330478
12400723,12,40,07,23,8123,1462,7399,6661,738,724,100.0,17.99827649883048,91.08703680906069,82.00172350116952,9.085313307891173,8.912963190939308
12500824,12,50,08,24,9667,1802,8734,7865,869,933,100.0,18.64073652632668,90.3486086686666,81.35926347367332,8.989345194993275,9.651391331333402
12500825,12,50,08,25,6902,2206,5409,4696,713,1493,100.0,31.961750217328312,78.36858881483629,68.03824978267168,10.33033903216459,21.63141118516372
12500926,12,50,09,26,5152,1604,4206,3548,658,946,100.0,31.133540372670808,81.63819875776397,68.86645962732919,12.771739130434783,18.361801242236027
12500927,12,50,09,27,6823,1976,5820,4847,973,1003,100.0,28.96086765352484,85.29972153011872,71.03913234647516,14.260589183643557,14.700278469881283
12500928,12,50,09,28,5200,1161,4601,4039,562,599,100.0,22.326923076923077,88.48076923076923,77.67307692307692,10.807692307692307,11.519230769230768
12500929,12,50,09,29,5074,939,4721,4135,586,353,100.0,18.506109578242018,93.04296413086323,81.49389042175798,11.549073709105242,6.957035869136775
12500930,12,50,09,30,9683,3443,7596,6240,1356,2087,100.0,35.55716203655892,78.446762367035,64.44283796344108,14.00392440359393,21.55323763296499
12601031,12,60,10,31,3277,1087,2759,2190,569,518,100.0,33.17058285016783,84.19285932255112,66.82941714983215,17.36344217271895,15.807140677448887
12601032,12,60,10,32,6144,3380,4013,2764,1249,2131,100.0,55.013020833333336,65.31575520833334,44.98697916666667,20.328776041666664,34.68424479166667
12601133,12,60,11,33,11484,6187,8321,5297,3024,3163,100.0,53.87495646116336,72.45733194009057,46.12504353883664,26.332288401253916,27.54266805990944
12601134,12,60,11,34,15911,7881,11742,8030,3712,4169,100.0,49.531770473257495,73.79800138269123,50.468229526742505,23.329771855948714,26.20199861730878
12601235,12,60,12,35,10645,6368,7309,4277,3032,3336,100.0,59.821512447158284,68.66134335368717,40.17848755284171,28.48285580084547,31.338656646312824
12601236,12,60,12,36,3095,1400,2474,1695,779,621,100.0,45.23424878836833,79.93537964458804,54.76575121163167,25.16962843295638,20.064620355411954
