id,district_id,forecast_area_id,district_region_id,planning_area_id,inhabitants,inhabitants_with_migration_background,inhabitants_germans,inhabitants_germans_without_migration_background,inhabitants_germans_with_migration_background,inhabitants_foreigners,inhabitants_percentage,inhabitants_with_migration_background_percentage,inhabitants_germans_percentage,inhabitants_germans_without_migration_background_percentage,inhabitants_germans_with_migration_background_percentage,inhabitants_foreigners_percentage
01011101,01,01,11,01,3225,1879,1922,1346,576,1303,100.0,58.263565891472865,59.5968992248062,41.736434108527135,17.86046511627907,40.4031007751938
01011102,01,01,11,02,185,77,123,108,15,62,100.0,41.62162162162162,66.48648648648648,58.37837837837838,8.108108108108109,33.513513513513516
01011103,01,01,11,03,5173,2942,3306,2231,1075,1867,100.0,56.872221148269865,63.908757007539144,43.127778851730135,20.780978155809006,36.091242992460856
01011104,01,01,11,04,4786,3138,2876,1648,1228,1910,100.0,65.56623485165065,60.0919348098621,34.43376514834935,25.658169661512748,39.908065190137904
01011105,01,01,11,05,1225,733,706,492,214,519,100.0,59.836734693877546,57.632653061224495,40.16326530612245,17.46938775510204,42.367346938775505
01011201,01,01,12,01,2310,1304,1432,1006,426,878,100.0,56.45021645021645,61.99134199134198,43.54978354978355,18.441558441558442,38.00865800865801
01011202,01,01,12,02,607,301,378,306,72,229,100.0,49.588138385502475,62.27347611202636,50.41186161449753,11.86161449752883,37.72652388797364
01011203,01,01,12,03,1086,565,681,521,160,405,100.0,52.02578268876611,62.70718232044199,47.974217311233886,14.732965009208105,37.29281767955801
01011204,01,01,12,04,7869,3719,5385,4150,1235,2484,100.0,47.26140551531326,68.43309187952727,52.73859448468674,15.694497394840514,31.566908120472743
01011301,01,01,13,01,6781,2844,4725,3937,788,2056,100.0,41.94071670845008,69.67998820233004,58.059283291549924,11.62070491078012,30.32001179766996
01011302,01,01,13,02,12677,4931,9291,7746,1545,3386,100.0,38.89721542951802,73.29021061765401,61.10278457048197,12.187426047172044,26.70978938234598
01011303,01,01,13,03,9898,4501,6582,5397,1185,3316,100.0,45.473833097595474,66.49828248130936,54.526166902404526,11.97211557890483,33.50171751869064
01011304,01,01,13,04,8666,3288,6561,5378,1183,2105,100.0,37.941380106162015,75.70966997461343,62.058619893837985,13.651050080775445,24.29033002538657
01011305,01,01,13,05,7833,2866,5911,4967,944,1922,100.0,36.5887910123835,75.46278565045321,63.4112089876165,12.051576662836716,24.53721434954679
01011306,01,01,13,06,10328,4340,7351,5988,1363,2977,100.0,42.02168861347793,71.17544539116963,57.97831138652207,13.197134004647559,28.824554608830365
01011401,01,01,14,01,17364,7155,12158,10209,1949,5206,100.0,41.205943331029715,70.01842893342548,58.794056668970285,11.224372264455194,29.98157106657452
01011402,01,01,14,02,13507,5148,9954,8359,1595,3553,100.0,38.113570741097206,73.6951210483453,61.88642925890279,11.808691789442511,26.304878951654697
01022101,01,02,21,01,3627,1933,2288,1694,594,1339,100.0,53.29473393989523,63.08243727598566,46.70526606010477,16.377171215880892,36.91756272401434
01022102,01,02,21,02,6517,3925,3799,2592,1207,2718,100.0,60.22709835814025,58.29369341721651,39.772901641859754,18.52079177535676,41.70630658278348
01022103,01,02,21,03,258,186,123,72,51,135,100.0,72.09302325581395,47.674418604651166,27.906976744186046,19.767441860465116,52.32558139534884
01022104,01,02,21,04,18820,9335,12741,9485,3256,6079,100.0,49.60148777895855,67.69925611052072,50.39851222104145,17.30074388947928,32.30074388947928
01022105,01,02,21,05,5354,3119,3367,2235,1132,1987,100.0,58.25550989914083,62.88756070227867,41.744490100859174,21.1430706014195,37.11243929772133
01022106,01,02,21,06,11463,3940,9190,7523,1667,2273,100.0,34.37145598883364,80.17098490796477,65.62854401116635,14.542440896798395,19.82901509203524
01022201,01,02,22,01,11020,5429,7657,5591,2066,3363,100.0,49.26497277676951,69.48275862068965,50.73502722323049,18.747731397459166,30.517241379310345
01022202,01,02,22,02,1618,1050,1082,568,514,536,100.0,64.89493201483313,66.87268232385661,35.10506798516687,31.767614338689743,33.127317676143385
01022203,01,02,22,03,7122,4234,4659,2888,1771,2463,100.0,59.449592811008145,65.41701769165965,40.550407188991855,24.86661050266779,34.582982308340355
01022204,01,02,22,04,6010,2519,4428,3491,937,1582,100.0,41.91347753743761,73.67720465890183,58.08652246256239,15.590682196339433,26.32279534109817
01022205,01,02,22,05,3329,2029,2244,1300,944,1085,100.0,60.949234004205465,67.40762991889456,39.050765995794535,28.35686392310003,32.592370081105436
01022206,01,02,22,06,3012,1214,2338,1798,540,674,100.0,40.30544488711819,77.62284196547145,59.69455511288181,17.928286852589643,22.377158034528552
01022207,01,02,22,07,5727,2563,3897,3164,733,1830,100.0,44.75292474244805,68.0460974332111,55.24707525755195,12.799022175659157,31.953902566788894
01033101,01,03,31,01,26808,16654,15875,10154,5721,10933,100.0,62.123246792002384,59.217397791703974,37.87675320799761,21.340644583706357,40.78260220829603
01033102,01,03,31,02,12120,7398,7418,4722,2696,4702,100.0,61.039603960396036,61.2046204620462,38.960396039603964,22.244224422442244,38.79537953795379
01033201,01,03,32,01,13477,8970,9340,4507,4833,4137,100.0,66.55783928173926,69.30325740149885,33.44216071826074,35.86109668323811,30.696742598501146
01033202,01,03,32,02,9789,5436,7176,4353,2823,2613,100.0,55.5317192767392,73.30677290836654,44.4682807232608,28.83849218510573,26.693227091633464
01033203,01,03,32,03,14473,9180,8693,5293,3400,5780,100.0,63.42845298141366,60.06356664133213,36.57154701858633,23.4920196227458,39.93643335866787
01044101,01,04,41,01,20920,10041,14448,10879,3569,6472,100.0,47.99713193116635,69.06309751434034,52.00286806883365,17.060229445506693,30.936902485659658
01044102,01,04,41,02,16420,6405,12581,10015,2566,3839,100.0,39.00730816077954,76.61997563946407,60.992691839220456,15.627283800243605,23.38002436053593
01044103,01,04,41,03,8676,4573,5476,4103,1373,3200,100.0,52.708621484555096,63.11664361456892,47.291378515444904,15.82526509912402,36.88335638543108
01044201,01,04,42,01,24302,16508,13662,7794,5868,10640,100.0,67.92856555016049,56.217595259649414,32.07143444983952,24.146160809809892,43.782404740350586
01044202,01,04,42,02,16926,9796,10072,7130,2942,6854,100.0,57.87545787545788,59.506085312536925,42.124542124542124,17.3815431879948,40.493914687463075
01044203,01,04,42,03,16657,9833,9994,6824,3170,6663,100.0,59.03223869844509,59.99879930359609,40.9677613015549,19.031038002041186,40.00120069640391
02010101,02,01,01,01,6647,4717,3787,1930,1857,2860,100.0,70.96434481721077,56.97307055814653,29.035655182789228,27.937415375357304,43.02692944185347
02010102,02,01,01,02,13433,9128,8978,4305,4673,4455,100.0,67.95205836373111,66.83540534504579,32.04794163626889,34.7874637087769,33.164594654954215
02010103,02,01,01,03,15380,10703,9956,4677,5279,5424,100.0,69.59037711313394,64.7334200260078,30.40962288686606,34.323797139141746,35.266579973992194
02010104,02,01,01,04,5015,3249,3363,1766,1597,1652,100.0,64.78564307078763,67.05882352941175,35.214356929212364,31.8444666001994,32.94117647058823
02020201,02,02,02,01,976,498,678,478,200,298,100.0,51.02459016393443,69.4672131147541,48.97540983606557,20.491803278688526,30.532786885245898
02020202,02,02,02,02,5998,2564,4333,3434,899,1665,100.0,42.747582527509174,72.24074691563854,57.25241747249083,14.988329443147716,27.75925308436145
02020203,02,02,02,03,10920,4215,8303,6705,1598,2617,100.0,38.5989010989011,76.03479853479853,61.401098901098905,14.633699633699635,23.965201465201467
02020204,02,02,02,04,12564,5258,9225,7306,1919,3339,100.0,41.849729385546006,73.42406876790831,58.150270614453994,15.273798153454313,26.575931232091694
02020205,02,02,02,05,15003,6053,11298,8950,2348,3705,100.0,40.34526428047724,75.30493901219756,59.65473571952277,15.6502032926748,24.69506098780244
02020206,02,02,02,06,19041,8669,13820,10372,3448,5221,100.0,45.528071004674125,72.58022162701539,54.47192899532588,18.108292631689512,27.41977837298461
02030301,02,03,03,01,9040,5679,5638,3361,2277,3402,100.0,62.820796460176986,62.36725663716815,37.17920353982301,25.188053097345133,37.63274336283186
02030302,02,03,03,02,13131,7062,8821,6069,2752,4310,100.0,53.78112862691341,67.17690960322899,46.21887137308659,20.95803823014241,32.823090396771
02030401,02,03,04,01,15264,7390,10429,7874,2555,4835,100.0,48.414570230607964,68.32416142557652,51.585429769392036,16.738731656184484,31.67583857442348
02030402,02,03,04,02,11118,5548,7495,5570,1925,3623,100.0,49.90106134196798,67.41320381363555,50.09893865803202,17.314265155603525,32.58679618636445
02040501,02,04,05,01,5397,1361,4621,4036,585,776,100.0,25.217713544561793,85.62164165277005,74.78228645543821,10.839355197331852,14.378358347229941
02040502,02,04,05,02,7269,2002,5994,5267,727,1275,100.0,27.541615077727332,82.4597606273215,72.45838492227267,10.001375705048837,17.5402393726785
02040503,02,04,05,03,11101,2743,9303,8358,945,1798,100.0,24.70948563192505,83.80326096748041,75.29051436807495,8.512746599405459,16.19673903251959
02040701,02,04,07,01,12528,4752,9405,7776,1629,3123,100.0,37.93103448275862,75.07183908045977,62.06896551724138,13.00287356321839,24.92816091954023
02040702,02,04,07,02,10764,2686,8936,8078,858,1828,100.0,24.953548866592346,83.01746562616128,75.04645113340766,7.971014492753622,16.982534373838725
02040703,02,04,07,03,1170,800,473,370,103,697,100.0,68.37606837606837,40.427350427350426,31.62393162393162,8.803418803418804,59.572649572649574
02050601,02,05,06,01,8948,2643,7071,6305,766,1877,100.0,29.53732677693339,79.0232454179705,70.4626732230666,8.560572194903889,20.976754582029503
02050602,02,05,06,02,21484,6183,17189,15301,1888,4295,100.0,28.77955687953826,80.0083783280581,71.22044312046174,8.78793520759635,19.99162167194191
02050801,02,05,08,01,19292,6298,14683,12994,1689,4609,100.0,32.64565623056189,76.10926809040016,67.3543437694381,8.754924320962058,23.890731909599836
02050802,02,05,08,02,20813,6313,16174,14500,1674,4639,100.0,30.332004035939075,77.71104598087733,69.66799596406092,8.043050016816412,22.288954019122663
02050803,02,05,08,03,7208,2225,5649,4983,666,1559,100.0,30.868479467258602,78.37125416204216,69.13152053274139,9.239733629300776,21.628745837957826
02050804,02,05,08,04,4470,1015,3903,3455,448,567,100.0,22.706935123042506,87.31543624161074,77.2930648769575,10.022371364653244,12.684563758389261
03010101,03,01,01,01,4036,483,3709,3553,156,327,100.0,11.967294350842419,91.89791873141725,88.03270564915758,3.865213082259663,8.102081268582754
03010102,03,01,01,02,12319,2229,10558,10090,468,1761,100.0,18.09400113645588,85.70500852341911,81.90599886354411,3.7990096598749896,14.29499147658089
03010104,03,01,01,04,229,52,199,177,22,30,100.0,22.707423580786028,86.8995633187773,77.29257641921397,9.606986899563319,13.100436681222707
03020203,03,02,02,03,2169,208,2035,1961,74,134,100.0,9.58967266021208,93.82203780544029,90.41032733978793,3.4117104656523742,6.177962194559705
03020209,03,02,02,09,14963,2220,13629,12743,886,1334,100.0,14.836596939116486,91.08467553298135,85.16340306088351,5.921272472097841,8.915324467018646
03020210,03,02,02,10,11290,1479,10442,9811,631,848,100.0,13.100088573959257,92.488928255093,86.89991142604075,5.589016829052259,7.511071744906997
03020307,03,02,03,07,18246,2204,17355,16042,1313,891,100.0,12.079359859695275,95.11673791515949,87.92064014030473,7.1960977748547625,4.8832620848405135
03030405,03,03,04,05,11426,1746,10406,9680,726,1020,100.0,15.280938211097498,91.07299142307019,84.71906178890251,6.353929634167688,8.92700857692981
03030406,03,03,04,06,8185,608,7910,7577,333,275,100.0,7.4282223579719,96.64019547953573,92.5717776420281,4.068417837507636,3.3598045204642637
03030711,03,03,07,11,6855,404,6671,6451,220,184,100.0,5.893508388037929,97.31582786287382,94.10649161196207,3.209336250911744,2.6841721371261853
03030715,03,03,07,15,7509,1287,6594,6222,372,915,100.0,17.13943268078306,87.81462245305633,82.86056731921694,4.954055133839392,12.185377546943668
03030716,03,03,07,16,1123,31,1107,1092,15,16,100.0,2.7604630454140695,98.57524487978628,97.23953695458593,1.335707925200356,1.4247551202137132
03040508,03,04,05,08,4611,902,4331,3709,622,280,100.0,19.561917154630233,93.92756451962698,80.43808284536976,13.489481674257211,6.072435480373021
03040512,03,04,05,12,9826,1388,9171,8438,733,655,100.0,14.125788723794017,93.3340118054142,85.87421127620598,7.459800529208223,6.665988194585792
03040513,03,04,05,13,3386,453,3165,2933,232,221,100.0,13.378617838157117,93.47312463083284,86.62138216184289,6.851742468989959,6.5268753691671595
03040614,03,04,06,14,35951,4905,33203,31046,2157,2748,100.0,13.643570415287476,92.35626269088482,86.35642958471253,5.99983310617229,7.643737309115184
03040818,03,04,08,18,34461,5269,31019,29192,1827,3442,100.0,15.289747830881288,90.01189750732712,84.71025216911872,5.301645338208409,9.988102492672876
03050919,03,05,09,19,5583,1037,4749,4546,203,834,100.0,18.574243238402293,85.06179473401397,81.42575676159771,3.636037972416264,14.93820526598603
03050920,03,05,09,20,7383,990,6798,6393,405,585,100.0,13.40918325883787,92.0763917106867,86.59081674116213,5.485574969524584,7.923608289313287
03050923,03,05,09,23,9385,1845,8140,7540,600,1245,100.0,19.659030367607887,86.73415023974427,80.34096963239212,6.393180607352157,13.265849760255726
03050924,03,05,09,24,6091,1399,5081,4692,389,1010,100.0,22.9683139057626,83.41815793794123,77.0316860942374,6.386471843703825,16.581842062058776
03050925,03,05,09,25,9692,1657,8630,8035,595,1062,100.0,17.096574494428392,89.04250928600908,82.9034255055716,6.139083780437474,10.957490713990921
03051017,03,05,10,17,4236,794,3659,3442,217,577,100.0,18.744098205854577,86.37865911237016,81.25590179414543,5.12275731822474,13.62134088762984
03051021,03,05,10,21,6506,683,6026,5823,203,480,100.0,10.498001844451275,92.62219489701813,89.50199815554872,3.1201967414694125,7.377805102981863
03051022,03,05,10,22,4561,319,4379,4242,137,182,100.0,6.994080245560184,96.00964700723526,93.00591975443982,3.0037272527954397,3.9903529927647443
03061126,03,06,11,26,15220,4078,12429,11142,1287,2791,100.0,26.793692509855454,81.6622864651774,73.20630749014455,8.455978975032853,18.3377135348226
03061131,03,06,11,31,10691,3490,8221,7201,1020,2470,100.0,32.64428023571228,76.89645496211767,67.35571976428771,9.54073519782995,23.10354503788233
03061227,03,06,12,27,14581,3591,12234,10990,1244,2347,100.0,24.627940470475277,83.90371030793499,75.37205952952473,8.53165077841026,16.096289692065017
03061228,03,06,12,28,12640,2758,10751,9882,869,1889,100.0,21.819620253164558,85.05537974683544,78.18037974683544,6.875000000000001,14.944620253164556
03061332,03,06,13,32,22670,6819,18140,15851,2289,4530,100.0,30.079400088222318,80.01764446404941,69.92059991177769,10.097044552271726,19.982355535950596
03061429,03,06,14,29,10058,1393,9166,8665,501,892,100.0,13.849671902962815,91.13143766156293,86.15032809703719,4.981109564525751,8.868562338437066
03061430,03,06,14,30,3871,1423,2654,2448,206,1217,100.0,36.76052699560837,68.56109532420564,63.239473004391634,5.321622319814002,31.438904675794365
03061434,03,06,14,34,6317,1541,5238,4776,462,1079,100.0,24.394491055880955,82.91910717112555,75.60550894411905,7.313598227006491,17.080892828874468
03061435,03,06,14,35,3898,1057,3185,2841,344,713,100.0,27.116469984607487,81.70856849666495,72.88353001539251,8.825038481272447,18.291431503335044
03061441,03,06,14,41,2589,668,2237,1921,316,352,100.0,25.80146774816531,86.40401699497876,74.19853225183468,12.205484743144071,13.595983005021244
03071536,03,07,15,36,10864,3808,8282,7056,1226,2582,100.0,35.051546391752574,76.23343151693666,64.94845360824742,11.28497790868925,23.766568483063327
03071537,03,07,15,37,15674,5224,12022,10450,1572,3652,100.0,33.329080005104,76.70026795967844,66.67091999489601,10.029347964782442,23.29973204032155
03071633,03,07,16,33,3188,895,2599,2293,306,589,100.0,28.074027603513173,81.52446675031368,71.92597239648683,9.598494353826851,18.475533249686325
03071638,03,07,16,38,17526,5328,13974,12198,1776,3552,100.0,30.400547757617254,79.7329681615885,69.59945224238274,10.133515919205752,20.267031838411505
03071639,03,07,16,39,12480,3169,10480,9311,1169,2000,100.0,25.392628205128204,83.97435897435898,74.6073717948718,9.366987179487179,16.025641025641026
04010101,04,01,01,01,10656,4879,7881,5777,2104,2775,100.0,45.78641141141141,73.95833333333334,54.21358858858859,19.744744744744743,26.041666666666668
04010102,04,01,01,02,919,412,562,507,55,357,100.0,44.83133841131664,61.15342763873775,55.16866158868336,5.984766050054406,38.84657236126225
04010103,04,01,01,03,7876,4170,5819,3706,2113,2057,100.0,52.94565769426105,73.88268156424581,47.054342305738956,26.828339258506855,26.11731843575419
04020204,04,02,02,04,187,65,151,122,29,36,100.0,34.75935828877005,80.74866310160428,65.24064171122996,15.508021390374333,19.25133689839572
04020205,04,02,02,05,1347,355,1123,992,131,224,100.0,26.354862657757984,83.37045285820341,73.64513734224202,9.725315515961395,16.629547141796586
04020206,04,02,02,06,2800,695,2370,2105,265,430,100.0,24.821428571428573,84.64285714285714,75.17857142857143,9.464285714285714,15.357142857142858
04020207,04,02,02,07,2558,734,2136,1824,312,422,100.0,28.694292415949963,83.5027365129007,71.30570758405004,12.197028928850665,16.497263487099296
04020208,04,02,02,08,2912,771,2492,2141,351,420,100.0,26.47664835164835,85.57692307692307,73.52335164835165,12.053571428571429,14.423076923076922
04020209,04,02,02,09,3195,1218,2270,1977,293,925,100.0,38.12206572769953,71.04851330203444,61.87793427230047,9.17057902973396,28.951486697965574
04020310,04,02,03,10,624,331,350,293,57,274,100.0,53.044871794871796,56.08974358974359,46.955128205128204,9.134615384615383,43.91025641025641
04020311,04,02,03,11,14969,4767,12071,10202,1869,2898,100.0,31.845814683679603,80.63998931124323,68.1541853163204,12.485803994922842,19.360010688756766
04020312,04,02,03,12,5498,1710,4422,3788,634,1076,100.0,31.102218988723173,80.4292469989087,68.89778101127682,11.531465987631865,19.570753001091308
04020313,04,02,03,13,7620,3023,5664,4597,1067,1956,100.0,39.671916010498684,74.33070866141732,60.328083989501316,14.002624671916012,25.669291338582678
04020314,04,02,03,14,8,8,0,0,0,8,100.0,100.0,0.0,0.0,0.0,100.0
04030415,04,03,04,15,2975,1534,1824,1441,383,1151,100.0,51.563025210084035,61.3109243697479,48.436974789915965,12.873949579831933,38.6890756302521
04030416,04,03,04,16,10570,5061,7724,5509,2215,2846,100.0,47.88079470198676,73.07473982970671,52.11920529801325,20.955534531693473,26.92526017029328
04030417,04,03,04,17,10947,4159,8429,6788,1641,2518,100.0,37.99214396638349,76.99826436466611,62.00785603361651,14.990408331049604,23.00173563533388
04030518,04,03,05,18,9473,4165,6996,5308,1688,2477,100.0,43.967064287976356,73.85200042225271,56.032935712023644,17.81906471022907,26.14799957774728
04030519,04,03,05,19,5825,2588,4252,3237,1015,1573,100.0,44.42918454935622,72.99570815450643,55.57081545064377,17.42489270386266,27.00429184549356
04030620,04,03,06,20,8778,3852,6520,4926,1594,2258,100.0,43.882433356117566,74.27660059239007,56.117566643882434,18.159033948507634,25.723399407609932
04030621,04,03,06,21,3008,1664,1977,1344,633,1031,100.0,55.319148936170215,65.7247340425532,44.680851063829785,21.043882978723406,34.27526595744681
04030622,04,03,06,22,10709,4921,7820,5788,2032,2889,100.0,45.95200298814082,73.02269119432253,54.04799701185918,18.97469418246335,26.97730880567747
04030623,04,03,06,23,5012,2775,3403,2237,1166,1609,100.0,55.36711891460495,67.89704708699122,44.632881085395056,23.26416600159617,32.10295291300878
04030724,04,03,07,24,6569,2406,5101,4163,938,1468,100.0,36.626579388034706,77.65261074745014,63.373420611965294,14.279190135484853,22.347389252549853
04030725,04,03,07,25,12287,4976,9017,7311,1706,3270,100.0,40.49808740945715,73.38650606331896,59.50191259054285,13.884593472776105,26.613493936681042
04030726,04,03,07,26,5695,2505,4101,3190,911,1594,100.0,43.98595258999122,72.01053555750659,56.014047410008786,15.996488147497805,27.989464442493418
04030827,04,03,08,27,12360,6526,8081,5834,2247,4279,100.0,52.79935275080906,65.38025889967638,47.20064724919094,18.179611650485437,34.61974110032362
04030828,04,03,08,28,9595,4237,6847,5358,1489,2748,100.0,44.15841584158416,71.36008337675874,55.84158415841585,15.518499218342887,28.639916623241273
04030929,04,03,09,29,6079,2626,4423,3453,970,1656,100.0,43.19789439052475,72.75867741404836,56.80210560947524,15.956571804573121,27.24132258595164
04030930,04,03,09,30,5553,2440,4002,3113,889,1551,100.0,43.940212497748966,72.06915180983252,56.059787502251034,16.009364307581485,27.930848190167477
04030931,04,03,09,31,3791,2136,2320,1655,665,1471,100.0,56.34397256660512,61.19757319968346,43.65602743339488,17.54154576628858,38.80242680031654
04031032,04,03,10,32,15346,6245,11635,9101,2534,3711,100.0,40.694643555323864,75.8178026847387,59.305356444676136,16.512446240062555,24.182197315261305
04041133,04,04,11,33,40,9,34,31,3,6,100.0,22.5,85.0,77.5,7.5,15.0
04041134,04,04,11,34,5277,2072,4088,3205,883,1189,100.0,39.26473375023687,77.46825848019708,60.73526624976312,16.732992230433958,22.531741519802917
04041135,04,04,11,35,2792,953,2256,1839,417,536,100.0,34.13323782234957,80.80229226361033,65.86676217765043,14.935530085959886,19.197707736389685
04041136,04,04,11,36,3045,1004,2477,2041,436,568,100.0,32.97208538587849,81.3464696223317,67.02791461412151,14.318555008210183,18.65353037766831
04041137,04,04,11,37,8149,2990,6501,5159,1342,1648,100.0,36.69161860350963,79.7766597128482,63.30838139649037,16.468278316357836,20.223340287151796
04041238,04,04,12,38,6010,2018,5042,3992,1050,968,100.0,33.577371048252914,83.89351081530782,66.42262895174709,17.470881863560734,16.10648918469218
04041239,04,04,12,39,198,117,103,81,22,95,100.0,59.09090909090909,52.02020202020202,40.909090909090914,11.11111111111111,47.97979797979798
04041240,04,04,12,40,1512,400,1294,1112,182,218,100.0,26.455026455026452,85.58201058201058,73.54497354497354,12.037037037037036,14.417989417989418
04041241,04,04,12,41,7008,1671,6086,5337,749,922,100.0,23.84417808219178,86.84360730593608,76.15582191780823,10.687785388127855,13.156392694063927
04041342,04,04,13,42,4132,1347,3410,2785,625,722,100.0,32.599225556631175,82.52662149080349,67.40077444336883,15.125847047434657,17.473378509196515
04041343,04,04,13,43,3541,1049,3001,2492,509,540,100.0,29.624399887037562,84.750070601525,70.37560011296245,14.374470488562551,15.249929398475008
04041344,04,04,13,44,10703,2841,9005,7862,1143,1698,100.0,26.543959637484814,84.1352891712604,73.45604036251518,10.679248808745212,15.864710828739605
04051445,04,05,14,45,6221,2583,4792,3638,1154,1429,100.0,41.52065584311204,77.02941649252531,58.47934415688796,18.550072335637356,22.970583507474682
04051446,04,05,14,46,10663,4469,8069,6194,1875,2594,100.0,41.911282003188596,75.67288755509706,58.088717996811404,17.584169558285662,24.327112444902934
04051447,04,05,14,47,5272,2115,4002,3157,845,1270,100.0,40.11760242792109,75.91047040971168,59.88239757207891,16.028072837632777,24.089529590288315
04051448,04,05,14,48,9241,4248,6528,4993,1535,2713,100.0,45.9690509685099,70.64170544313386,54.030949031490096,16.610756411643763,29.358294556866138
04051549,04,05,15,49,4678,2027,3352,2651,701,1326,100.0,43.330483112441215,71.65455322787516,56.66951688755879,14.985036340316373,28.345446772124838
04051550,04,05,15,50,5617,2266,4263,3351,912,1354,100.0,40.341819476588924,75.89460566138509,59.658180523411076,16.23642513797401,24.105394338614918
04051551,04,05,15,51,4470,1850,3410,2620,790,1060,100.0,41.387024608501115,76.28635346756153,58.61297539149888,17.67337807606264,23.713646532438478
04051652,04,05,16,52,9755,3719,7434,6036,1398,2321,100.0,38.124038954382364,76.20707329574577,61.875961045617636,14.33111225012814,23.792926704254228
04051653,04,05,16,53,6951,2859,5200,4092,1108,1751,100.0,41.13077255071213,74.80937994533161,58.86922744928788,15.940152496043735,25.190620054668393
04051654,04,05,16,54,3048,1081,2374,1967,407,674,100.0,35.465879265091864,77.88713910761155,64.53412073490814,13.353018372703412,22.11286089238845
04051655,04,05,16,55,7081,2962,5332,4119,1213,1749,100.0,41.830249964694254,75.30009885609377,58.169750035305746,17.130348820788026,24.699901143906228
04051656,04,05,16,56,7608,2394,6202,5214,988,1406,100.0,31.46687697160883,81.51945320715038,68.53312302839116,12.9863301787592,18.48054679284963
04061757,04,06,17,57,78,18,63,60,3,15,100.0,23.076923076923077,80.76923076923077,76.92307692307693,3.8461538461538463,19.230769230769234
05010101,05,01,01,01,10901,3349,8954,7552,1402,1947,100.0,30.721952114484907,82.13925327951564,69.2780478855151,12.86120539400055,17.860746720484357
05010102,05,01,01,02,5999,1401,5155,4598,557,844,100.0,23.353892315385895,85.93098849808301,76.64610768461411,9.284880813468911,14.069011501916986
05010103,05,01,01,03,7716,1326,7096,6390,706,620,100.0,17.1850699844479,91.96474857439088,82.81493001555211,9.149818558838776,8.035251425609125
05010204,05,01,02,04,3605,1524,2755,2081,674,850,100.0,42.2746185852982,76.42163661581137,57.7253814147018,18.696255201109572,23.578363384188627
05010205,05,01,02,05,1926,538,1728,1388,340,198,100.0,27.93354101765317,89.7196261682243,72.06645898234683,17.653167185877468,10.2803738317757
05010206,05,01,02,06,10484,3914,8549,6570,1979,1935,100.0,37.33307897748951,81.5433040824113,62.66692102251049,18.8763830599008,18.456695917588707
05010207,05,01,02,07,11548,5734,9068,5814,3254,2480,100.0,49.65361967440249,78.52441981295463,50.34638032559751,28.178039487357122,21.475580187045377
05010208,05,01,02,08,7714,2580,6199,5134,1065,1515,100.0,33.44568317345087,80.36038371791547,66.55431682654913,13.806066891366347,19.63961628208452
05010209,05,01,02,09,6122,1848,5291,4274,1017,831,100.0,30.18621365566808,86.42600457366873,69.81378634433192,16.61221822933682,13.573995426331265
05010310,05,01,03,10,3931,1371,3136,2560,576,795,100.0,34.87662172475197,79.77613838717883,65.12337827524803,14.652760111930807,20.223861612821164
05010311,05,01,03,11,5658,2892,4188,2766,1422,1470,100.0,51.11346765641569,74.01908801696713,48.88653234358431,25.13255567338282,25.980911983032872
05010312,05,01,03,12,7212,3866,4433,3346,1087,2779,100.0,53.60510260676649,61.46699944536883,46.3948973932335,15.07210205213533,38.53300055463117
05010313,05,01,03,13,6772,2729,5106,4043,1063,1666,100.0,40.298287064382755,75.39870053160071,59.701712935617245,15.696987595983462,24.60129946839929
05010314,05,01,03,14,12281,4754,9566,7527,2039,2715,100.0,38.710202752218876,77.8926797492061,61.28979724778113,16.602882501424965,22.10732025079391
05010339,05,01,03,39,980,655,377,325,52,603,100.0,66.83673469387756,38.46938775510204,33.16326530612245,5.3061224489795915,61.530612244897966
05020415,05,02,04,15,3889,774,3670,3115,555,219,100.0,19.902288506042684,94.36873232193366,80.09771149395732,14.271020827976344,5.631267678066341
05020416,05,02,04,16,1708,96,1684,1612,72,24,100.0,5.620608899297424,98.59484777517564,94.37939110070258,4.215456674473068,1.405152224824356
05020417,05,02,04,17,5936,1755,5059,4181,878,877,100.0,29.56536388140162,85.22574123989219,70.43463611859838,14.791105121293802,14.774258760107816
05020418,05,02,04,18,4123,814,3726,3309,417,397,100.0,19.742905651224838,90.37108901285472,80.25709434877515,10.113994664079554,9.628910987145282
05020419,05,02,04,19,7074,1809,6173,5265,908,901,100.0,25.572519083969464,87.26321741588917,74.42748091603053,12.835736499858639,12.736782584110829
05020420,05,02,04,20,981,187,887,794,93,94,100.0,19.06218144750255,90.41794087665647,80.93781855249745,9.480122324159021,9.582059123343527
05020521,05,02,05,21,3179,837,2882,2342,540,297,100.0,26.3290342875118,90.65743944636678,73.6709657124882,16.98647373387858,9.342560553633218
05020522,05,02,05,22,7416,3409,5238,4007,1231,2178,100.0,45.96817691477886,70.63106796116504,54.03182308522114,16.599244875943906,29.36893203883495
05020523,05,02,05,23,12660,7098,9066,5562,3504,3594,100.0,56.06635071090047,71.61137440758294,43.93364928909953,27.677725118483416,28.38862559241706
05020524,05,02,05,24,6254,1200,5719,5054,665,535,100.0,19.187719859290052,91.44547489606651,80.81228014070994,10.633194755356572,8.554525103933482
05020625,05,02,06,25,7621,2578,6166,5043,1123,1455,100.0,33.82758168219394,80.90801732056161,66.17241831780606,14.735599002755546,19.091982679438395
05020626,05,02,06,26,19239,6954,14676,12285,2391,4563,100.0,36.14532979884609,76.28255106814284,63.85467020115391,12.427880866988929,23.717448931857167
05020627,05,02,06,27,4349,1861,3207,2488,719,1142,100.0,42.791446309496436,73.74108990572546,57.208553690503564,16.532536215221892,26.258910094274547
05020628,05,02,06,28,2031,476,1810,1555,255,221,100.0,23.43673067454456,89.11866075824717,76.56326932545544,12.55539143279173,10.881339241752832
05020629,05,02,06,29,4484,690,4135,3794,341,349,100.0,15.388046387154327,92.21677074041035,84.61195361284567,7.604817127564674,7.783229259589652
05030730,05,03,07,30,4002,2133,3293,1869,1424,709,100.0,53.2983508245877,82.28385807096453,46.7016491754123,35.58220889555223,17.71614192903548
05030731,05,03,07,31,11725,4846,9443,6879,2564,2282,100.0,41.330490405117274,80.53731343283582,58.669509594882726,21.867803837953094,19.462686567164177
05030832,05,03,08,32,11928,5202,9016,6726,2290,2912,100.0,43.61167002012073,75.5868544600939,56.38832997987927,19.198524480214623,24.413145539906104
05030833,05,03,08,33,699,415,388,284,104,311,100.0,59.370529327610875,55.50786838340487,40.629470672389125,14.878397711015737,44.49213161659514
05040934,05,04,09,34,3732,1026,3041,2706,335,691,100.0,27.491961414790993,81.48445873526259,72.508038585209,8.97642015005359,18.515541264737408
05040935,05,04,09,35,448,110,375,338,37,73,100.0,24.553571428571427,83.70535714285714,75.44642857142857,8.258928571428571,16.294642857142858
05040936,05,04,09,36,9962,1632,9433,8330,1103,529,100.0,16.38225255972696,94.68982132101988,83.61774744027304,11.072073880746839,5.310178678980124
05040937,05,04,09,37,2193,311,2086,1882,204,107,100.0,14.181486548107616,95.12083903328772,85.81851345189239,9.30232558139535,4.879160966712266
05040938,05,04,09,38,3661,497,3463,3164,299,198,100.0,13.575525812619501,94.5916416279705,86.4244741873805,8.167167440590003,5.4083583720295
06010101,06,01,01,01,6915,1674,6028,5241,787,887,100.0,24.20824295010846,87.17281272595805,75.79175704989154,11.381055676066522,12.827187274041938
06010102,06,01,01,02,8763,3039,7111,5724,1387,1652,100.0,34.67990414241698,81.14800867282894,65.32009585758301,15.82791281524592,18.85199132717106
06010103,06,01,01,03,6343,1916,5374,4427,947,969,100.0,30.206526880025226,84.72331704240895,69.79347311997478,14.92984392243418,15.276682957591046
06010204,06,01,02,04,6953,2254,5837,4699,1138,1116,100.0,32.41766144110456,83.9493743707752,67.58233855889544,16.367035811879767,16.050625629224797
06010205,06,01,02,05,9682,2871,8203,6811,1392,1479,100.0,29.652964263581904,84.72423053088205,70.34703573641809,14.377194794463954,15.27576946911795
06010206,06,01,02,06,7759,2138,6616,5621,995,1143,100.0,27.55509730635391,85.26872019590154,72.44490269364609,12.823817502255444,14.731279804098465
06010207,06,01,02,07,7798,2436,6519,5362,1157,1279,100.0,31.23877917414722,83.59835855347525,68.76122082585279,14.837137727622467,16.40164144652475
06010208,06,01,02,08,6746,1950,5719,4796,923,1027,100.0,28.90601838126297,84.77616365253483,71.09398161873703,13.682182033797808,15.223836347465165
06010209,06,01,02,09,9197,2892,7650,6305,1345,1547,100.0,31.44503642492117,83.1792975970425,68.55496357507883,14.624334021963683,16.820702402957487
06010210,06,01,02,10,4935,1342,4235,3593,642,700,100.0,27.193515704154002,85.81560283687944,72.80648429584599,13.009118541033434,14.184397163120568
06020301,06,02,03,01,5015,1062,4509,3953,556,506,100.0,21.176470588235293,89.91026919242273,78.82352941176471,11.086739780658025,10.089730807577268
06020302,06,02,03,02,5544,1282,4918,4262,656,626,100.0,23.124098124098126,88.7085137085137,76.87590187590187,11.832611832611832,11.291486291486292
06020303,06,02,03,03,7432,2113,6332,5319,1013,1100,100.0,28.431108719052745,85.19913885898815,71.56889128094726,13.630247578040905,14.80086114101184
06020304,06,02,03,04,6915,1874,5960,5041,919,955,100.0,27.10050614605929,86.18944323933478,72.89949385394071,13.28994938539407,13.810556760665222
06020305,06,02,03,05,11521,3727,9588,7794,1794,1933,100.0,32.349622428608626,83.22194253971008,67.65037757139137,15.571564968318722,16.778057460289904
06020306,06,02,03,06,6485,1204,5966,5281,685,519,100.0,18.56592135697764,91.99691595990748,81.43407864302236,10.562837316885119,8.00308404009252
06020407,06,02,04,07,4641,2231,3541,2410,1131,1100,100.0,48.071536306830424,76.29821159232924,51.92846369316958,24.369747899159663,23.701788407670758
06020408,06,02,04,08,6859,1781,5866,5078,788,993,100.0,25.96588423968508,85.5226709432862,74.0341157603149,11.488555182971279,14.477329056713806
06020409,06,02,04,09,8277,2015,7165,6262,903,1112,100.0,24.344569288389515,86.56518062099795,75.65543071161048,10.90974990938746,13.434819379002052
06020410,06,02,04,10,7141,1315,6382,5826,556,759,100.0,18.41478784483966,89.37123652149559,81.58521215516035,7.786024366335247,10.62876347850441
06020411,06,02,04,11,8586,2023,7676,6563,1113,910,100.0,23.5616119263918,89.40135103657116,76.4383880736082,12.962962962962962,10.598648963428838
06030501,06,03,05,01,5858,1335,4994,4523,471,864,100.0,22.789347900307273,85.25093888699215,77.21065209969272,8.040286787299419,14.749061113007853
06030502,06,03,05,02,5678,1319,4981,4359,622,697,100.0,23.230010567101093,87.72455089820359,76.76998943289891,10.954561465304685,12.275449101796406
06030503,06,03,05,03,11865,3206,10184,8659,1525,1681,100.0,27.020648967551626,85.8322798145807,72.97935103244838,12.852928782132322,14.1677201854193
06030504,06,03,05,04,11097,2320,9908,8777,1131,1189,100.0,20.906551320176625,89.28539244840948,79.09344867982338,10.191943768586105,10.71460755159052
06030605,06,03,06,05,6983,1908,5923,5075,848,1060,100.0,27.32349992839754,84.82027781755693,72.67650007160246,12.143777745954461,15.179722182443076
06030606,06,03,06,06,5270,1660,4332,3610,722,938,100.0,31.499051233396585,82.2011385199241,68.50094876660341,13.700189753320682,17.7988614800759
06030607,06,03,06,07,3004,1036,2297,1968,329,707,100.0,34.48735019973369,76.4647137150466,65.5126498002663,10.952063914780293,23.535286284953397
06030608,06,03,06,08,13583,3617,11821,9966,1855,1762,100.0,26.628874328204372,87.02790252521534,73.37112567179562,13.656776853419716,12.972097474784658
06030609,06,03,06,09,12101,2898,10514,9203,1311,1587,100.0,23.948434013717876,86.88538137344021,76.05156598628213,10.833815387158086,13.114618626559787
06030610,06,03,06,10,8397,1837,7376,6560,816,1021,100.0,21.876860783613196,87.84089555793736,78.1231392163868,9.717756341550555,12.159104442062642
06040701,06,04,07,01,10260,2145,9054,8115,939,1206,100.0,20.906432748538013,88.24561403508771,79.09356725146199,9.15204678362573,11.75438596491228
06040702,06,04,07,02,5501,1240,4880,4261,619,621,100.0,22.541356117069625,88.71114342846755,77.45864388293037,11.252499545537177,11.288856571532449
06040703,06,04,07,03,11152,3065,8999,8087,912,2153,100.0,27.483859397417504,80.69404591104734,72.5161406025825,8.17790530846485,19.305954088952653
06040804,06,04,08,04,7566,1316,6877,6250,627,689,100.0,17.39360296061327,90.893470790378,82.60639703938672,8.287073750991276,9.106529209621993
06040805,06,04,08,05,5366,1109,4801,4257,544,565,100.0,20.667163622810286,89.47074170704435,79.33283637718971,10.137905329854641,10.529258292955648
06040806,06,04,08,06,7326,1129,6741,6197,544,585,100.0,15.41086541086541,92.01474201474201,84.58913458913459,7.425607425607425,7.985257985257984
06040807,06,04,08,07,5828,1281,5144,4547,597,684,100.0,21.98009608785175,88.26355525051476,78.01990391214825,10.243651338366506,11.736444749485244
06040808,06,04,08,08,4612,1720,3924,2892,1032,688,100.0,37.294015611448394,85.08239375542064,62.705984388551606,22.376409366869037,14.917606244579359
06040809,06,04,08,09,5080,1573,4061,3507,554,1019,100.0,30.96456692913386,79.94094488188976,69.03543307086613,10.905511811023622,20.059055118110237
06040810,06,04,08,10,7042,2039,5928,5003,925,1114,100.0,28.954842374325473,84.1806305026981,71.04515762567452,13.135472877023574,15.819369497301903
07010101,07,01,01,01,9964,4820,6988,5144,1844,2976,100.0,48.3741469289442,70.13247691690084,51.62585307105581,18.50662384584504,29.867523083099158
07010102,07,01,01,02,16505,9234,10721,7271,3450,5784,100.0,55.94668282338685,64.95607391699485,44.05331717661315,20.902756740381705,35.04392608300515
07010103,07,01,01,03,10489,3959,8077,6530,1547,2412,100.0,37.744303556106395,77.0044808847364,62.255696443893605,14.748784440842789,22.995519115263612
07010104,07,01,01,04,13682,7812,8915,5870,3045,4767,100.0,57.096915655605905,65.1586025434878,42.903084344394095,22.2555181990937,34.841397456512205
07020201,07,02,02,01,10608,3652,8620,6956,1664,1988,100.0,34.42684766214178,81.25942684766214,65.57315233785822,15.686274509803921,18.74057315233786
07020202,07,02,02,02,10264,4335,7667,5929,1738,2597,100.0,42.23499610288386,74.6979734996103,57.76500389711613,16.932969602494154,25.30202650038971
07020203,07,02,02,03,17935,7807,13340,10128,3212,4595,100.0,43.529411764705884,74.37970448843045,56.470588235294116,17.909116253136325,25.62029551156956
07020204,07,02,02,04,12032,4322,9467,7710,1757,2565,100.0,35.920877659574465,78.68184840425532,64.07912234042553,14.602726063829788,21.31815159574468
07030301,07,03,03,01,24768,6612,21123,18156,2967,3645,100.0,26.695736434108525,85.28343023255815,73.30426356589147,11.979166666666668,14.716569767441861
07030302,07,03,03,02,9446,2888,7912,6558,1354,1534,100.0,30.5737878467076,83.76032182934576,69.4262121532924,14.334109676053355,16.239678170654244
07030303,07,03,03,03,12430,5304,9692,7126,2566,2738,100.0,42.67095736122285,77.97264682220434,57.32904263877715,20.643604183427193,22.027353177795657
07040401,07,04,04,01,18077,6897,14464,11180,3284,3613,100.0,38.15345466615035,80.01327653924876,61.84654533384965,18.166731205399124,19.98672346075123
07040402,07,04,04,02,2356,502,2147,1854,293,209,100.0,21.30730050933786,91.12903225806451,78.69269949066215,12.436332767402376,8.870967741935484
07040403,07,04,04,03,24044,8695,19283,15349,3934,4761,100.0,36.162868075195476,80.19880219597405,63.837131924804524,16.361670271169523,19.801197804025954
07040404,07,04,04,04,5129,1300,4514,3829,685,615,100.0,25.346071358939366,88.00935854942485,74.65392864106065,13.355429908364203,11.990641450575161
07040405,07,04,04,05,10925,4504,8417,6421,1996,2508,100.0,41.226544622425635,77.04347826086956,58.773455377574365,18.270022883295194,22.956521739130434
07040406,07,04,04,06,4041,2229,2641,1812,829,1400,100.0,55.15961395694136,65.35511012125711,44.84038604305865,20.514724078198466,34.64488987874289
07050501,07,05,05,01,16367,6304,13130,10063,3067,3237,100.0,38.516527158306346,80.22239872915013,61.483472841693654,18.738925887456467,19.777601270849882
07050502,07,05,05,02,8262,3048,6525,5214,1311,1737,100.0,36.89179375453885,78.9760348583878,63.108206245461155,15.867828612926651,21.0239651416122
07050503,07,05,05,03,9180,2843,7790,6337,1453,1390,100.0,30.96949891067538,84.85838779956427,69.03050108932462,15.827886710239653,15.14161220043573
07050504,07,05,05,04,5632,1771,4831,3861,970,801,100.0,31.4453125,85.77769886363636,68.5546875,17.223011363636363,14.222301136363635
07050505,07,05,05,05,10663,2922,9337,7741,1596,1326,100.0,27.403169839632373,87.56447528838038,72.59683016036763,14.967645128012755,12.43552471161962
07050506,07,05,05,06,2275,526,2051,1749,302,224,100.0,23.12087912087912,90.15384615384615,76.87912087912088,13.274725274725274,9.846153846153847
07060601,07,06,06,01,10145,4042,7927,6103,1824,2218,100.0,39.84228684080828,78.13701330704781,60.157713159191715,17.979300147856087,21.862986692952195
07060602,07,06,06,02,4687,1036,4238,3651,587,449,100.0,22.103691060379774,90.42031149989333,77.89630893962023,12.524002560273095,9.579688500106679
07060603,07,06,06,03,3089,1266,2386,1823,563,703,100.0,40.9841372612496,77.2418258336031,59.0158627387504,18.225963094852705,22.75817416639689
07060604,07,06,06,04,14494,5261,12492,9233,3259,2002,100.0,36.297778391058365,86.18738788464192,63.702221608941635,22.485166275700287,13.81261211535808
07070701,07,07,07,01,10559,2150,9581,8409,1172,978,100.0,20.361776683398052,90.73775925750545,79.63822331660195,11.099535940903495,9.262240742494555
07070702,07,07,07,02,10835,2068,10043,8767,1276,792,100.0,19.086294416243653,92.69035532994924,80.91370558375634,11.776649746192893,7.309644670050762
07070703,07,07,07,03,7424,1767,6619,5657,962,805,100.0,23.801185344827587,89.15678879310344,76.19881465517241,12.957974137931034,10.843211206896552
07070704,07,07,07,04,8521,3240,6732,5281,1451,1789,100.0,38.02370613777726,79.00481164182608,61.97629386222274,17.028517779603334,20.995188358173923
07070705,07,07,07,05,7012,1162,6514,5850,664,498,100.0,16.57159155733029,92.89788933257273,83.4284084426697,9.469480889903023,7.102110667427268
07070706,07,07,07,06,3946,837,3423,3109,314,523,100.0,21.211353269133298,86.74607197161683,78.7886467308667,7.957425240750126,13.253928028383172
07070707,07,07,07,07,2953,465,2735,2488,247,218,100.0,15.74669827294277,92.6176769387064,84.25330172705723,8.36437521164917,7.3823230612936
08010115,08,01,01,15,860,365,620,495,125,240,100.0,42.44186046511628,72.09302325581395,57.55813953488372,14.534883720930234,27.906976744186046
08010116,08,01,01,16,3582,2002,2263,1580,683,1319,100.0,55.890563930764934,63.17699609156896,44.109436069235066,19.06756002233389,36.82300390843105
08010117,08,01,01,17,16152,8114,10691,8038,2653,5461,100.0,50.23526498266469,66.18994551758296,49.76473501733531,16.425210500247648,33.81005448241704
08010118,08,01,01,18,11895,7148,7488,4747,2741,4407,100.0,60.092475830180746,62.95081967213115,39.907524169819254,23.043295502311896,37.049180327868854
08010211,08,01,02,11,10007,5858,6044,4149,1895,3963,100.0,58.539022684121115,60.39772159488358,41.460977315878885,18.936744279004696,39.60227840511642
08010212,08,01,02,12,7441,4942,4952,2499,2453,2489,100.0,66.41580432737535,66.55019486628142,33.584195672624645,32.965999193656764,33.449805133718584
08010213,08,01,02,13,12673,6861,8222,5812,2410,4451,100.0,54.13872011362739,64.8780872721534,45.8612798863726,19.016807385780794,35.121912727846606
08010214,08,01,02,14,8041,4507,5169,3534,1635,2872,100.0,56.05024250715085,64.28304937196866,43.94975749284915,20.333291879119514,35.71695062803134
08010301,08,01,03,01,27832,13460,19122,14372,4750,8710,100.0,48.36159816039092,68.70508766887036,51.63840183960908,17.06668582926128,31.294912331129638
08010302,08,01,03,02,3734,1365,2925,2369,556,809,100.0,36.555972147830744,78.33422603106588,63.44402785216926,14.890198178896624,21.66577396893412
08010303,08,01,03,03,8555,5219,5074,3336,1738,3481,100.0,61.0052600818235,59.310344827586206,38.994739918176506,20.3156049094097,40.689655172413794
08010404,08,01,04,04,23936,12622,15582,11314,4268,8354,100.0,52.732286096256686,65.09859625668449,47.267713903743314,17.830882352941178,34.901403743315505
08010405,08,01,04,05,9048,4190,6240,4858,1382,2808,100.0,46.308576480990276,68.96551724137932,53.69142351900973,15.274093722369583,31.03448275862069
08010406,08,01,04,06,7172,4141,4462,3031,1431,2710,100.0,57.738427216954825,62.21416620189626,42.261572783045175,19.952593418851087,37.78583379810374
08010407,08,01,04,07,787,348,546,439,107,241,100.0,44.218551461245234,69.37738246505718,55.781448538754766,13.595933926302415,30.62261753494282
08010508,08,01,05,08,5653,3970,3792,1683,2109,1861,100.0,70.22819741730055,67.07942685299841,29.771802582699454,37.30762427029896,32.92057314700159
08010509,08,01,05,09,9532,6201,6736,3331,3405,2796,100.0,65.05455308434746,70.66722618548049,34.94544691565254,35.72177926982795,29.332773814519513
08010510,08,01,05,10,481,324,231,157,74,250,100.0,67.35966735966737,48.024948024948024,32.640332640332645,15.384615384615385,51.975051975051976
08020619,08,02,06,19,11006,5845,7557,5161,2396,3449,100.0,53.107395965836815,68.66254770125386,46.892604034163185,21.769943667090676,31.337452298746136
08020620,08,02,06,20,9266,4008,7321,5258,2063,1945,100.0,43.25491042521045,79.00928124325492,56.74508957478955,22.264191668465358,20.99071875674509
08020621,08,02,06,21,2324,579,2136,1745,391,188,100.0,24.913941480206542,91.91049913941481,75.08605851979347,16.824440619621342,8.089500860585199
08020622,08,02,06,22,14238,3904,12394,10334,2060,1844,100.0,27.419581401882287,87.0487428009552,72.58041859811772,14.468324202837476,12.95125719904481
08020623,08,02,06,23,1279,376,1116,903,213,163,100.0,29.39796716184519,87.25566849100859,70.6020328381548,16.653635652853794,12.744331508991399
08020624,08,02,06,24,1395,496,1223,899,324,172,100.0,35.55555555555556,87.67025089605734,64.44444444444444,23.225806451612904,12.329749103942653
08020625,08,02,06,25,3349,965,2835,2384,451,514,100.0,28.81457151388474,84.65213496566139,71.18542848611526,13.466706479546135,15.347865034338609
08020726,08,02,07,26,8356,2005,7495,6351,1144,861,100.0,23.994734322642415,89.69602680708473,76.00526567735758,13.690761129727141,10.30397319291527
08020727,08,02,07,27,11966,3516,10298,8450,1848,1668,100.0,29.383252548888517,86.06050476349657,70.61674745111148,15.443757312385092,13.939495236503427
08020728,08,02,07,28,8576,3453,6806,5123,1683,1770,100.0,40.26352611940299,79.36100746268657,59.73647388059702,19.62453358208955,20.638992537313435
08030829,08,03,08,29,12523,6180,9989,6343,3646,2534,100.0,49.34919747664298,79.76523197316936,50.65080252335702,29.114429449812345,20.234768026830633
08030830,08,03,08,30,7398,2890,6260,4508,1752,1138,100.0,39.064612057312786,84.61746417950798,60.935387942687214,23.682076236820762,15.382535820492024
08030831,08,03,08,31,17102,8385,13731,8717,5014,3371,100.0,49.02935329201263,80.28885510466613,50.97064670798736,29.318208396678752,19.71114489533388
08040932,08,04,09,32,2846,875,2497,1971,526,349,100.0,30.744905130007027,87.73717498243148,69.25509486999297,18.48208011243851,12.262825017568517
08040933,08,04,09,33,4202,1299,3627,2903,724,575,100.0,30.9138505473584,86.31603998096145,69.08614945264159,17.229890528319846,13.683960019038551
08040934,08,04,09,34,2678,808,2355,1870,485,323,100.0,30.17176997759522,87.93876026885735,69.82823002240478,18.110530246452576,12.061239731142644
08041035,08,04,10,35,8187,2528,7115,5659,1456,1072,100.0,30.878221570782948,86.90607059973128,69.12177842921704,17.78429217051423,13.093929400268719
08041036,08,04,10,36,6860,1532,6210,5328,882,650,100.0,22.332361516034986,90.52478134110787,77.66763848396502,12.857142857142856,9.475218658892128
08041037,08,04,10,37,9677,2338,8620,7339,1281,1057,100.0,24.160380283145603,89.07719334504495,75.8396197168544,13.237573628190555,10.922806654955048
08041038,08,04,10,38,6945,1542,6423,5403,1020,522,100.0,22.203023758099352,92.48380129589633,77.79697624190065,14.686825053995682,7.5161987041036715
08041039,08,04,10,39,3863,1127,3499,2736,763,364,100.0,29.17421692984727,90.57727155060834,70.82578307015272,19.751488480455603,9.422728449391665
08041040,08,04,10,40,7970,1801,7276,6169,1107,694,100.0,22.59723964868256,91.29234629861982,77.40276035131744,13.889585947302386,8.707653701380176
09010101,09,01,01,01,12265,3647,10016,8618,1398,2249,100.0,29.73501834488382,81.66326946596006,70.26498165511619,11.398287810843865,18.33673053403995
09010102,09,01,01,02,73,19,63,54,9,10,100.0,26.027397260273972,86.3013698630137,73.97260273972603,12.32876712328767,13.698630136986301
09010201,09,01,02,01,4320,702,3942,3618,324,378,100.0,16.25,91.25,83.75,7.5,8.75
09010202,09,01,02,02,6851,956,6223,5895,328,628,100.0,13.954167274850388,90.83345497007737,86.04583272514962,4.787622244927748,9.16654502992264
09010301,09,01,03,01,15577,2144,14291,13433,858,1286,100.0,13.763882647493098,91.74423830005777,86.23611735250691,5.508120947550877,8.255761699942223
09010302,09,01,03,02,2927,634,2655,2293,362,272,100.0,21.660403143149985,90.70720874615648,78.33959685685001,12.367611889306456,9.292791253843525
09010401,09,01,04,01,8451,699,8055,7752,303,396,100.0,8.271210507632233,95.31416400425985,91.72878949236777,3.5853745118920837,4.685835995740149
09010402,09,01,04,02,11454,1865,10334,9589,745,1120,100.0,16.282521389907455,90.22175659158373,83.71747861009254,6.504277981491183,9.778243408416273
09020501,09,02,05,01,6874,1766,5551,5108,443,1323,100.0,25.69100960139657,80.75356415478615,74.30899039860344,6.444573756182717,19.24643584521385
09020502,09,02,05,02,15422,2876,13499,12546,953,1923,100.0,18.648683698612373,87.53080015562183,81.35131630138763,6.179483854234211,12.46919984437816
09020601,09,02,06,01,8318,1898,6909,6420,489,1409,100.0,22.81798509257033,83.06083193075258,77.18201490742968,5.878817023322915,16.939168069247415
09020602,09,02,06,02,3543,212,3446,3331,115,97,100.0,5.983629692351115,97.26220716906576,94.01637030764888,3.245836861416879,2.7377928309342363
09020701,09,02,07,01,2279,940,1514,1339,175,765,100.0,41.246160596752965,66.43264589732338,58.75383940324704,7.678806494076349,33.56735410267661
09020702,09,02,07,02,16446,2235,14875,14211,664,1571,100.0,13.589930682232762,90.44752523409947,86.41006931776724,4.037455916332239,9.552474765900524
09020801,09,02,08,01,2920,233,2774,2687,87,146,100.0,7.979452054794521,95.0,92.02054794520548,2.9794520547945202,5.0
09020802,09,02,08,02,7861,1323,6940,6538,402,921,100.0,16.829919857524487,88.28393334181402,83.17008014247551,5.113853199338506,11.716066658185982
09030901,09,03,09,01,13241,1775,12356,11466,890,885,100.0,13.405331923570726,93.31621478740276,86.59466807642927,6.721546710973492,6.683785212597236
09030902,09,03,09,02,5745,685,5400,5060,340,345,100.0,11.923411662315056,93.99477806788512,88.07658833768495,5.918189730200174,6.005221932114883
09030903,09,03,09,03,8036,1345,7419,6691,728,617,100.0,16.737182677949228,92.32205077152813,83.26281732205078,9.059233449477352,7.677949228471877
09031001,09,03,10,01,12851,1442,11942,11409,533,909,100.0,11.220916660182088,92.92662049645942,88.77908333981792,4.147537156641507,7.073379503540581
09031101,09,03,11,01,6317,731,5789,5586,203,528,100.0,11.571948709830616,91.6416020262783,88.42805129016938,3.2135507361089126,8.358397973721704
09031201,09,03,12,01,1822,155,1754,1667,87,68,100.0,8.507135016465423,96.26783754116356,91.49286498353457,4.774972557628979,3.7321624588364433
09031202,09,03,12,02,2538,217,2417,2321,96,121,100.0,8.55003940110323,95.23246650906225,91.44996059889678,3.7825059101654848,4.767533490937746
09041301,09,04,13,01,14556,1153,13760,13403,357,796,100.0,7.921132179170101,94.53146468810112,92.0788678208299,2.4525968672712284,5.468535311898873
09041302,09,04,13,02,1891,177,1801,1714,87,90,100.0,9.360126916975146,95.24061343204654,90.63987308302485,4.600740349021681,4.759386567953464
09041401,09,04,14,01,4720,284,4570,4436,134,150,100.0,6.016949152542373,96.82203389830508,93.98305084745763,2.8389830508474576,3.1779661016949152
09041402,09,04,14,02,1498,162,1435,1336,99,63,100.0,10.814419225634179,95.7943925233645,89.18558077436583,6.608811748998665,4.205607476635514
09041501,09,04,15,01,7646,1259,6832,6387,445,814,100.0,16.46612607899555,89.3539105414596,83.53387392100444,5.82003662045514,10.646089458540413
09041601,09,04,16,01,6691,406,6511,6285,226,180,100.0,6.067852338962785,97.30981916006576,93.93214766103722,3.377671499028546,2.6901808399342397
09051701,09,05,17,01,3716,301,3504,3415,89,212,100.0,8.100107642626481,94.29494079655544,91.89989235737353,2.3950484391819162,5.705059203444564
09051702,09,05,17,02,14823,996,14312,13827,485,511,100.0,6.719287593604534,96.55265465830128,93.28071240639547,3.2719422519058217,3.4473453416987114
09051801,09,05,18,01,9499,823,8982,8676,306,517,100.0,8.664069902094958,94.55732182334982,91.33593009790503,3.221391725444784,5.4426781766501735
09051901,09,05,19,01,11002,1083,10352,9919,433,650,100.0,9.843664788220323,94.09198327576804,90.15633521177968,3.9356480639883658,5.908016724231958
09052001,09,05,20,01,12826,825,12364,12001,363,462,100.0,6.432246998284734,96.39794168096056,93.56775300171527,2.8301886792452833,3.6020583190394513
10010101,10,01,01,01,5706,1479,4944,4227,717,762,100.0,25.920084121976867,86.64563617245005,74.07991587802313,12.565720294426919,13.354363827549948
10010102,10,01,01,02,18425,4620,16246,13805,2441,2179,100.0,25.07462686567164,88.17367706919946,74.92537313432835,13.2483039348711,11.826322930800542
10010203,10,01,02,03,1590,1126,520,464,56,1070,100.0,70.81761006289308,32.70440251572327,29.18238993710692,3.5220125786163523,67.29559748427673
10010204,10,01,02,04,10675,2381,9618,8294,1324,1057,100.0,22.304449648711945,90.09836065573771,77.69555035128806,12.402810304449648,9.901639344262295
10010205,10,01,02,05,8167,1170,7534,6997,537,633,100.0,14.32594587976001,92.2492959471042,85.67405412024,6.57524182686421,7.7507040528958004
10010206,10,01,02,06,17609,4174,15045,13435,1610,2564,100.0,23.7037878357658,85.43926401272077,76.2962121642342,9.14305184848657,14.560735987279234
10010207,10,01,02,07,10759,2398,9648,8361,1287,1111,100.0,22.28831675806302,89.67376150199833,77.71168324193698,11.962078260061345,10.326238498001674
10010308,10,01,03,08,2270,633,1839,1637,202,431,100.0,27.88546255506608,81.01321585903084,72.11453744493393,8.898678414096917,18.986784140969164
10010309,10,01,03,09,14391,2948,13178,11443,1735,1213,100.0,20.485025363074143,91.57112083941352,79.51497463692586,12.056146202487666,8.428879160586478
10010310,10,01,03,10,18267,3813,16381,14454,1927,1886,100.0,20.873706684184594,89.67537088739257,79.12629331581542,10.549077571577161,10.324629112607434
10010311,10,01,03,11,3266,414,3123,2852,271,143,100.0,12.676056338028168,95.62155541947335,87.32394366197182,8.297611757501532,4.378444580526638
10020412,10,02,04,12,6810,1924,5824,4886,938,986,100.0,28.25256975036711,85.52129221732746,71.7474302496329,13.773861967694568,14.47870778267254
10020413,10,02,04,13,15797,2967,13888,12830,1058,1909,100.0,18.782047224156486,87.91542697980628,81.21795277584351,6.697474203962778,12.084573020193707
10020414,10,02,04,14,1680,676,1442,1004,438,238,100.0,40.23809523809524,85.83333333333333,59.76190476190476,26.071428571428573,14.166666666666666
10020415,10,02,04,15,5694,1537,4558,4157,401,1136,100.0,26.9933263083948,80.04917456972251,73.0066736916052,7.042500878117316,19.950825430277487
10020416,10,02,04,16,5587,1427,4639,4160,479,948,100.0,25.54143547521031,83.03203866117774,74.4585645247897,8.573474136388045,16.967961338822267
10020517,10,02,05,17,9181,1200,8450,7981,469,731,100.0,13.070471626184514,92.03790436771594,86.92952837381549,5.108375993900446,7.962095632284065
10020518,10,02,05,18,5214,838,4674,4376,298,540,100.0,16.07211354046797,89.64326812428078,83.92788645953203,5.715381664748753,10.356731875719218
10020519,10,02,05,19,6180,1801,4896,4379,517,1284,100.0,29.142394822006473,79.2233009708738,70.85760517799353,8.36569579288026,20.776699029126213
10020620,10,02,06,20,3376,528,3123,2848,275,253,100.0,15.639810426540285,92.50592417061611,84.36018957345972,8.145734597156398,7.4940758293838865
10020621,10,02,06,21,6224,1041,5592,5183,409,632,100.0,16.725578406169667,89.84575835475579,83.27442159383034,6.57133676092545,10.154241645244216
10020622,10,02,06,22,8668,1086,8159,7582,577,509,100.0,12.528841716658976,94.12782648823259,87.47115828334103,6.656668204891555,5.87217351176742
10020623,10,02,06,23,6538,687,6263,5851,412,275,100.0,10.507800550627103,95.79382074028754,89.4921994493729,6.301621290914652,4.20617925971245
10030724,10,03,07,24,7782,1195,6955,6587,368,827,100.0,15.355949627345156,89.37291184785401,84.64405037265485,4.728861475199177,10.627088152145978
10030725,10,03,07,25,6250,1146,5534,5104,430,716,100.0,18.336,88.544,81.664,6.88,11.456
10030726,10,03,07,26,3299,561,2935,2738,197,364,100.0,17.005153076689904,88.96635344043649,82.99484692331009,5.971506517126402,11.033646559563504
10030727,10,03,07,27,9425,861,9089,8564,525,336,100.0,9.13527851458886,96.43501326259947,90.86472148541114,5.570291777188329,3.5649867374005306
10040828,10,04,08,28,7787,586,7506,7201,305,281,100.0,7.525362784127392,96.39142160010273,92.47463721587262,3.916784384230127,3.6085783998972643
10040829,10,04,08,29,3846,317,3632,3529,103,214,100.0,8.242329693187727,94.43577743109725,91.75767030681227,2.6781071242849714,5.564222568902756
10040830,10,04,08,30,7624,434,7442,7190,252,182,100.0,5.6925498426023085,97.61280167890871,94.30745015739768,3.305351521511018,2.3871983210912906
10040931,10,04,09,31,9565,695,9262,8870,392,303,100.0,7.266074228959749,96.83220073183482,92.73392577104025,4.098274960794564,3.1677992681651856
10040932,10,04,09,32,4046,350,3864,3696,168,182,100.0,8.650519031141869,95.50173010380622,91.34948096885813,4.1522491349480966,4.498269896193772
10040933,10,04,09,33,14986,878,14624,14108,516,362,100.0,5.858801548111571,97.58441211797678,94.14119845188843,3.443213666088349,2.415587882023222
11010101,11,01,01,01,603,56,570,547,23,33,100.0,9.286898839137644,94.5273631840796,90.71310116086235,3.814262023217247,5.472636815920398
11010102,11,01,01,02,2560,122,2515,2438,77,45,100.0,4.765625,98.2421875,95.234375,3.0078125,1.7578125
11010103,11,01,01,03,1557,369,1260,1188,72,297,100.0,23.699421965317917,80.92485549132948,76.30057803468208,4.624277456647398,19.07514450867052
11010204,11,01,02,04,8975,2496,7559,6479,1080,1416,100.0,27.810584958217273,84.22284122562674,72.18941504178274,12.03342618384401,15.777158774373259
11010205,11,01,02,05,6679,1706,5820,4973,847,859,100.0,25.54274592004791,87.13879323251984,74.45725407995208,12.68153915256775,12.861206767480162
11010206,11,01,02,06,6064,1283,5299,4781,518,765,100.0,21.157651715039577,87.38456464379946,78.84234828496042,8.542216358839049,12.615435356200527
11010207,11,01,02,07,7474,1694,6337,5780,557,1137,100.0,22.665239496922666,84.7872625100348,77.33476050307733,7.452502006957452,15.212737489965214
11010308,11,01,03,08,11789,3133,10035,8656,1379,1754,100.0,26.57562134192892,85.12172364068199,73.42437865807109,11.69734498261091,14.878276359318008
11010309,11,01,03,09,9740,2439,8279,7301,978,1461,100.0,25.04106776180698,85.0,74.95893223819301,10.041067761806982,15.0
11010310,11,01,03,10,5338,623,5028,4715,313,310,100.0,11.671037841888348,94.1925814911952,88.32896215811165,5.863619333083552,5.807418508804796
11020411,11,02,04,11,9414,2340,7701,7074,627,1713,100.0,24.8565965583174,81.80369662205226,75.1434034416826,6.660293180369663,18.196303377947736
11020412,11,02,04,12,6823,1342,5986,5481,505,837,100.0,19.66876740436758,87.73266891396746,80.33123259563241,7.401436318335043,12.267331086032538
11020513,11,02,05,13,3958,751,3336,3207,129,622,100.0,18.97422940879232,84.28499242041435,81.02577059120767,3.25922182920667,15.715007579585649
11020514,11,02,05,14,9444,2023,7860,7421,439,1584,100.0,21.421008047437525,83.2274459974587,78.57899195256248,4.64845404489623,16.772554002541295
11020515,11,02,05,15,14669,3373,12713,11296,1417,1956,100.0,22.99406912536642,86.66575772036266,77.00593087463358,9.65982684572909,13.334242279637332
11020516,11,02,05,16,3843,471,3625,3372,253,218,100.0,12.256049960967994,94.32734842570908,87.743950039032,6.583398386677075,5.672651574290918
11030617,11,03,06,17,6252,2060,4919,4192,727,1333,100.0,32.94945617402431,78.67882277671146,67.05054382597568,11.628278950735764,21.321177223288547
11030618,11,03,06,18,16233,3948,13890,12285,1605,2343,100.0,24.320827943078914,85.56643873590833,75.67917205692109,9.887266678987249,14.433561264091665
11030619,11,03,06,19,10855,3152,8985,7703,1282,1870,100.0,29.03730999539383,82.77291570704745,70.96269000460617,11.81022570244127,17.227084292952558
11030720,11,03,07,20,5456,3319,2440,2137,303,3016,100.0,60.83211143695014,44.72140762463343,39.16788856304985,5.553519061583578,55.278592375366564
11030721,11,03,07,21,24712,6034,20484,18678,1806,4228,100.0,24.417287147944318,82.89090320492069,75.58271285205568,7.3081903528650045,17.109096795079314
11030824,11,03,08,24,10063,3353,8042,6710,1332,2021,100.0,33.32008347411309,79.91652588691245,66.67991652588692,13.23660936102554,20.083474113087547
11040925,11,04,09,25,4138,902,3567,3236,331,571,100.0,21.79797003383277,86.2010633156114,78.20202996616723,7.9990333494441765,13.798936684388593
11040926,11,04,09,26,28454,5526,24799,22928,1871,3655,100.0,19.420819568426232,87.15470584100655,80.57918043157377,6.575525409432768,12.845294158993465
11041022,11,04,10,22,5532,1768,4262,3764,498,1270,100.0,31.95950831525669,77.04266088214028,68.04049168474332,9.002169197396963,22.957339117859725
11041023,11,04,10,23,6544,1997,5423,4547,876,1121,100.0,30.516503667481665,82.869804400978,69.48349633251834,13.386308068459657,17.130195599022006
11041027,11,04,10,27,2973,743,2507,2230,277,466,100.0,24.991590985536497,84.3255970400269,75.00840901446351,9.317188025563404,15.674402959973092
11041128,11,04,11,28,25140,5216,22034,19924,2110,3106,100.0,20.747812251392205,87.64518695306285,79.2521877486078,8.392999204455052,12.354813046937153
11051229,11,05,12,29,3766,641,3413,3125,288,353,100.0,17.020711630377058,90.62665958576738,82.97928836962294,7.647371216144451,9.373340414232608
11051330,11,05,13,30,9513,1677,8317,7836,481,1196,100.0,17.62850835698518,87.4277304740881,82.37149164301482,5.056238831073268,12.572269525911912
11051331,11,05,13,31,10788,1509,9840,9279,561,948,100.0,13.987764182424916,91.21245828698554,86.01223581757509,5.2002224694104555,8.78754171301446
11051332,11,05,13,32,6897,787,6530,6110,420,367,100.0,11.410758300710453,94.67884587501813,88.58924169928954,6.089604175728577,5.321154124981876
12103115,12,10,31,15,7638,3152,5862,4486,1376,1776,100.0,41.26734747316051,76.7478397486253,58.73265252683949,18.01518722178581,23.252160251374708
12103116,12,10,31,16,9603,4308,7112,5295,1817,2491,100.0,44.86098094345517,74.06018952410705,55.139019056544825,18.92117046756222,25.939810475892948
12103117,12,10,31,17,10864,5548,7498,5316,2182,3366,100.0,51.06774668630338,69.01693667157585,48.93225331369661,20.084683357879236,30.983063328424155
12103218,12,10,32,18,13694,5744,10511,7950,2561,3183,100.0,41.94537753760771,76.75624361034029,58.05462246239229,18.701621147948007,23.243756389659705
12103219,12,10,32,19,8817,3725,6790,5092,1698,2027,100.0,42.247930134966545,77.01032097085177,57.75206986503346,19.258251105818307,22.989679029148235
12103220,12,10,32,20,4638,1270,3985,3368,617,653,100.0,27.382492453643813,85.92065545493747,72.61750754635618,13.303147908581284,14.079344545062527
12214125,12,21,41,25,7439,2163,6288,5276,1012,1151,100.0,29.076488775373033,84.52749025406641,70.92351122462696,13.603979029439442,15.472509745933593
12214126,12,21,41,26,8026,2930,6494,5096,1398,1532,100.0,36.5063543483678,80.91203588337902,63.49364565163219,17.418390231746823,19.08796411662098
12214421,12,21,44,21,2716,940,2142,1776,366,574,100.0,34.609720176730484,78.8659793814433,65.39027982326951,13.475699558173785,21.1340206185567
12214422,12,21,44,22,8238,4676,5597,3562,2035,2641,100.0,56.76134984219471,67.94124787569798,43.23865015780529,24.702597717892694,32.05875212430202
12214423,12,21,44,23,5657,2201,4582,3456,1126,1075,100.0,38.90754817040835,80.99699487360792,61.09245182959165,19.90454304401626,19.003005126392083
12214424,12,21,44,24,10828,5371,7520,5457,2063,3308,100.0,49.60288141854451,69.449575175471,50.397118581455494,19.052456594015517,30.550424824529
12214527,12,21,45,27,10829,2187,9628,8642,986,1201,100.0,20.19577061593868,88.90940991781328,79.80422938406132,9.105180533751962,11.090590082186722
12214528,12,21,45,28,263,93,207,170,37,56,100.0,35.361216730038024,78.70722433460075,64.63878326996198,14.068441064638785,21.292775665399237
12224229,12,22,42,29,6040,770,5740,5270,470,300,100.0,12.748344370860929,95.03311258278146,87.25165562913907,7.781456953642383,4.966887417218543
12224230,12,22,42,30,17951,2158,17080,15793,1287,871,100.0,12.02161439474124,95.14790262380926,87.97838560525875,7.169517018550499,4.852097376190741
12231101,12,23,11,01,16603,2118,15579,14485,1094,1024,100.0,12.756730711317232,93.83243992049628,87.24326928868277,6.589170631813528,6.167560079503704
12231102,12,23,11,02,16874,2067,16020,14807,1213,854,100.0,12.249614791987673,94.93895934573901,87.75038520801233,7.188574137726681,5.061040654260993
12301203,12,30,12,03,15054,4417,12274,10637,1637,2780,100.0,29.341038926531155,81.53314733625614,70.65896107346884,10.874186262787298,18.466852663743854
12301204,12,30,12,04,6246,1357,5608,4889,719,638,100.0,21.725904578930518,89.78546269612552,78.27409542106949,11.511367275056037,10.21453730387448
12301205,12,30,12,05,4958,865,4570,4093,477,388,100.0,17.44655102864058,92.17426381605486,82.55344897135942,9.620814844695442,7.825736183945139
12301206,12,30,12,06,5135,794,4866,4341,525,269,100.0,15.46251217137293,94.76144109055501,84.53748782862706,10.223953261927946,5.238558909444985
12302107,12,30,21,07,3063,1210,2568,1853,715,495,100.0,39.503754489063006,83.83937316356513,60.49624551093699,23.343127652628144,16.16062683643487
12302108,12,30,21,08,14499,5972,11710,8527,3183,2789,100.0,41.189047520518656,80.76419063383682,58.81095247948135,21.95323815435547,19.235809366163185
12302109,12,30,21,09,11653,5874,8731,5779,2952,2922,100.0,50.407620355273316,74.92491203981807,49.592379644726684,25.332532395091395,25.07508796018193
12302110,12,30,21,10,10539,5686,7631,4853,2778,2908,100.0,53.95198785463516,72.4072492646361,46.04801214536484,26.359237119271278,27.592750735363886
12302211,12,30,22,11,3315,855,2957,2460,497,358,100.0,25.791855203619914,89.20060331825039,74.2081447963801,14.992458521870287,10.799396681749624
12302212,12,30,22,12,5975,2714,4287,3261,1026,1688,100.0,45.42259414225941,71.7489539748954,54.577405857740594,17.17154811715481,28.251046025104603
12304313,12,30,43,13,6711,1504,5767,5207,560,944,100.0,22.41096706899121,85.93354194605871,77.58903293100879,8.344509015049919,14.066458053941291
12304314,12,30,43,14,9731,1314,9106,8417,689,625,100.0,13.503237077381563,93.5772274175316,86.49676292261843,7.080464494913164,6.4227725824684
