id,district_id,forecast_area_id,district_region_id,planning_area_id,inhabitants,inhabitants_with_migration_background,inhabitants_germans,inhabitants_germans_without_migration_background,inhabitants_germans_with_migration_background,inhabitants_foreigners,inhabitants_percentage,inhabitants_with_migration_background_percentage,inhabitants_germans_percentage,inhabitants_germans_without_migration_background_percentage,inhabitants_germans_with_migration_background_percentage,inhabitants_foreigners_percentage
01100101,01,10,01,01,3680,2426,2020,1254,766,1660,100.0,65.92391304347827,54.891304347826086,34.07608695652174,20.815217391304348,45.108695652173914
01100102,01,10,01,02,2040,1443,922,597,325,1118,100.0,70.73529411764706,45.19607843137255,29.264705882352942,15.931372549019606,54.80392156862746
01100103,01,10,01,03,5720,3517,3495,2203,1292,2225,100.0,61.48601398601399,61.10139860139861,38.51398601398601,22.587412587412587,38.8986013986014
01100104,01,10,01,04,4997,3326,2945,1671,1274,2052,100.0,66.55993596157694,58.935361216730044,33.44006403842306,25.495297178306984,41.06463878326996
01100205,01,10,02,05,2960,2012,1427,948,479,1533,100.0,67.97297297297298,48.20945945945946,32.027027027027025,16.182432432432435,51.79054054054054
01100206,01,10,02,06,1916,1051,1182,865,317,734,100.0,54.853862212943625,61.691022964509386,45.14613778705637,16.54488517745303,38.30897703549061
01100207,01,10,02,07,8806,5010,5463,3796,1667,3343,100.0,56.89302748126277,62.03724733136497,43.10697251873722,18.930274812627754,37.96275266863502
01100308,01,10,03,08,7446,3714,4794,3732,1062,2652,100.0,49.87912973408542,64.38356164383562,50.12087026591458,14.26269137792103,35.61643835616438
01100309,01,10,03,09,12575,5553,8943,7022,1921,3632,100.0,44.15904572564612,71.11729622266402,55.840954274353884,15.27634194831014,28.882703777335983
01100310,01,10,03,10,10190,5464,6293,4726,1567,3897,100.0,53.62119725220804,61.75662414131502,46.37880274779195,15.37782139352306,38.243375858684985
01100311,01,10,03,11,9720,5174,6267,4546,1721,3453,100.0,53.23045267489712,64.4753086419753,46.76954732510288,17.70576131687243,35.52469135802469
01100312,01,10,03,12,10271,5202,6750,5069,1681,3521,100.0,50.647453996689705,65.719014701587,49.352546003310295,16.3664686982767,34.28098529841301
01100313,01,10,03,13,11420,5827,7359,5593,1766,4061,100.0,51.0245183887916,64.43957968476357,48.9754816112084,15.464098073555165,35.56042031523643
01100414,01,10,04,14,5542,3287,3026,2255,771,2516,100.0,59.310718152291585,54.601226993865026,40.68928184770841,13.911945146156624,45.39877300613497
01100415,01,10,04,15,13469,6225,9174,7244,1930,4295,100.0,46.21723958720024,68.11196079887148,53.78276041279976,14.329200386071719,31.888039201128514
01100416,01,10,04,16,13560,6016,9521,7544,1977,4039,100.0,44.365781710914455,70.21386430678466,55.634218289085545,14.579646017699115,29.78613569321534
01200517,01,20,05,17,3898,2435,2141,1463,678,1757,100.0,62.46793227296049,54.92560287326834,37.53206772703951,17.393535146228835,45.07439712673166
01200518,01,20,05,18,7009,4534,3847,2475,1372,3162,100.0,64.68825795405907,54.88657440433728,35.31174204594093,19.574832358396346,45.11342559566272
01200519,01,20,05,19,9593,5519,5773,4074,1699,3820,100.0,57.53153340977797,60.17929740435734,42.468466590222036,17.710830814135306,39.82070259564266
01200520,01,20,05,20,9496,4728,6546,4768,1778,2950,100.0,49.7893850042123,68.93428812131424,50.210614995787694,18.72367312552654,31.065711878685764
01200521,01,20,05,21,5343,3289,3206,2054,1152,2137,100.0,61.55717761557178,60.00374321542205,38.44282238442822,21.560920830993823,39.99625678457795
01200522,01,20,05,22,11620,4509,8931,7111,1820,2689,100.0,38.80378657487091,76.85886402753873,61.19621342512909,15.66265060240964,23.141135972461274
01200623,01,20,06,23,11008,5892,7293,5116,2177,3715,100.0,53.524709302325576,66.25181686046511,46.475290697674424,19.7765261627907,33.74818313953488
01200624,01,20,06,24,6562,4766,3168,1796,1372,3394,100.0,72.6302956415727,48.277964035355076,27.36970435842731,20.908259676927766,51.72203596464493
01200625,01,20,06,25,6929,4242,4457,2687,1770,2472,100.0,61.22095540482032,64.32385625631404,38.77904459517968,25.544811661134364,35.676143743685955
01200626,01,20,06,26,5994,2760,4252,3234,1018,1742,100.0,46.046046046046044,70.9376042709376,53.953953953953956,16.98365031698365,29.062395729062395
01200627,01,20,06,27,3360,2250,2169,1110,1059,1191,100.0,66.96428571428571,64.55357142857143,33.035714285714285,31.517857142857142,35.44642857142858
01200628,01,20,06,28,3301,1540,2411,1761,650,890,100.0,46.65252953650409,73.03847318994244,53.3474704634959,19.691002726446534,26.961526810057556
01200629,01,20,06,29,5951,2956,3882,2995,887,2069,100.0,49.67232397916316,65.23273399428668,50.32767602083683,14.90505797344984,34.767266005713324
01300730,01,30,07,30,8068,5877,4102,2191,1911,3966,100.0,72.84333168071393,50.8428358948934,27.15666831928607,23.686167575607335,49.157164105106595
01300731,01,30,07,31,8975,5582,5229,3393,1836,3746,100.0,62.1949860724234,58.261838440111426,37.8050139275766,20.45682451253482,41.73816155988858
01300732,01,30,07,32,10178,6450,5975,3728,2247,4203,100.0,63.37197877775594,58.70505010807624,36.62802122224406,22.07702888583219,41.29494989192376
01300733,01,30,07,33,11692,7435,7014,4257,2757,4678,100.0,63.59048922340062,59.98973657201505,36.40951077659938,23.580225795415668,40.01026342798495
01300834,01,30,08,34,14376,9676,9830,4700,5130,4546,100.0,67.30662214802449,68.37785197551474,32.69337785197551,35.68447412353923,31.622148024485252
01300835,01,30,08,35,10972,6818,7254,4154,3100,3718,100.0,62.13999270871309,66.11374407582939,37.86000729128691,28.253736784542472,33.88625592417062
01300836,01,30,08,36,14988,10034,8580,4954,3626,6408,100.0,66.94689084601015,57.245796637309844,33.05310915398986,24.19268748331999,42.75420336269015
01400937,01,40,09,37,10940,5824,7212,5116,2096,3728,100.0,53.235831809872025,65.92321755027423,46.76416819012797,19.159049360146252,34.076782449725776
01400938,01,40,09,38,9703,5310,6252,4393,1859,3451,100.0,54.72534267752241,64.43368030506029,45.27465732247759,19.15902298258271,35.56631969493971
01400939,01,40,09,39,6122,3497,3599,2625,974,2523,100.0,57.1218556027442,58.78797778503757,42.878144397255795,15.909833387781772,41.21202221496243
01400940,01,40,09,40,7088,2968,5726,4120,1606,1362,100.0,41.87358916478555,80.7844243792325,58.12641083521445,22.658013544018058,19.215575620767495
01400941,01,40,09,41,3879,1908,2767,1971,796,1112,100.0,49.187935034802784,71.33281773653003,50.81206496519721,20.520752771332816,28.667182263469964
01400942,01,40,09,42,8690,4900,5348,3790,1558,3342,100.0,56.386651323360184,61.54200230149597,43.613348676639816,17.928653624856157,38.45799769850402
01401043,01,40,10,43,7690,5239,4431,2451,1980,3259,100.0,68.12743823146944,57.62028608582575,31.87256176853056,25.74772431729519,42.379713914174246
01401044,01,40,10,44,10304,7209,5564,3095,2469,4740,100.0,69.96312111801242,53.99844720496895,30.036878881987576,23.961568322981368,46.00155279503105
01401045,01,40,10,45,5689,4216,3057,1473,1584,2632,100.0,74.10792757953946,53.73527860783969,25.892072420460536,27.843206187379156,46.264721392160304
01401046,01,40,10,46,8973,4720,5812,4253,1559,3161,100.0,52.602251198038566,64.77209405995765,47.39774880196144,17.37434525799621,35.22790594004235
01401047,01,40,10,47,8211,5822,3937,2389,1548,4274,100.0,70.90488369260748,47.94787480209475,29.095116307392523,18.85275849470223,52.052125197905255
01401048,01,40,10,48,9504,5946,5511,3558,1953,3993,100.0,62.563131313131315,57.986111111111114,37.436868686868685,20.549242424242426,42.01388888888889
01401049,01,40,10,49,6716,4160,3868,2556,1312,2848,100.0,61.94163192376414,57.59380583680762,38.05836807623585,19.53543776057177,42.40619416319238
02100101,02,10,01,01,7175,5356,3694,1819,1875,3481,100.0,74.64808362369338,51.484320557491294,25.351916376306622,26.132404181184672,48.51567944250871
02100102,02,10,01,02,8695,6228,5473,2467,3006,3222,100.0,71.62737205290397,62.94422081656125,28.372627947096028,34.57159286946521,37.05577918343876
02100103,02,10,01,03,5466,3496,3696,1970,1726,1770,100.0,63.95901939260885,67.61800219538968,36.04098060739114,31.577021587998537,32.38199780461032
02100104,02,10,01,04,5636,3905,3493,1731,1762,2143,100.0,69.28672817601137,61.97657913413769,30.71327182398865,31.26330731014904,38.02342086586231
02100105,02,10,01,05,9452,6782,6056,2670,3386,3396,100.0,71.75201015658061,64.071096064325,28.24798984341938,35.82310622090563,35.92890393567499
02100106,02,10,01,06,4903,3201,3292,1702,1590,1611,100.0,65.28655924943911,67.14256577605548,34.71344075056088,32.42912502549459,32.85743422394452
02200207,02,20,02,07,2574,1198,1820,1376,444,754,100.0,46.54234654234654,70.70707070707071,53.45765345765345,17.24941724941725,29.292929292929294
02200208,02,20,02,08,5767,2682,4057,3085,972,1710,100.0,46.505982313161084,70.34853476677648,53.494017686838916,16.854517079937576,29.65146523322351
02200209,02,20,02,09,10976,4731,8137,6245,1892,2839,100.0,43.103134110787174,74.13447521865889,56.89686588921283,17.237609329446062,25.865524781341108
02200210,02,20,02,10,12269,5622,8788,6647,2141,3481,100.0,45.82280544461651,71.62767951748309,54.17719455538349,17.4504849620996,28.372320482516912
02200211,02,20,02,11,14676,6434,10892,8242,2650,3784,100.0,43.84028345598255,74.21640774052875,56.15971654401745,18.05669119651131,25.783592259471245
02200212,02,20,02,12,8405,4271,6146,4134,2012,2259,100.0,50.814991076740036,73.12314098750744,49.185008923259964,23.938132064247473,26.876859012492567
02200213,02,20,02,13,10117,4705,7120,5412,1708,2997,100.0,46.50588119007611,70.37659385193238,53.49411880992388,16.8824750420085,29.62340614806761
02300314,02,30,03,14,7177,4302,4626,2875,1751,2551,100.0,59.94147972690539,64.4559007942037,40.05852027309461,24.3973805211091,35.54409920579629
02300315,02,30,03,15,8326,4779,5460,3547,1913,2866,100.0,57.39851068940668,65.57770838337737,42.60148931059332,22.976219072784048,34.42229161662263
02300316,02,30,03,16,4240,2176,2960,2064,896,1280,100.0,51.320754716981135,69.81132075471697,48.679245283018865,21.132075471698116,30.18867924528302
02300417,02,30,04,17,8149,4481,5384,3668,1716,2765,100.0,54.98834212786845,66.06945637501533,45.01165787213155,21.05779850288379,33.93054362498466
02300418,02,30,04,18,7645,3788,5239,3857,1382,2406,100.0,49.54872465663833,68.52844996729888,50.45127534336168,18.077174623937214,31.471550032701114
02300419,02,30,04,19,10568,5574,6958,4994,1964,3610,100.0,52.74413323239969,65.84027252081756,47.2558667676003,18.584405753217258,34.159727479182436
02400520,02,40,05,20,5919,2436,4445,3483,962,1474,100.0,41.15560060821085,75.09714478797093,58.844399391789146,16.252745396181787,24.90285521202906
02400521,02,40,05,21,8529,3538,6239,4991,1248,2290,100.0,41.48200257943487,73.15042795169421,58.51799742056512,14.63243053112909,26.84957204830578
02400522,02,40,05,22,11493,3997,8942,7496,1446,2551,100.0,34.777690768293745,77.8038806229879,65.22230923170625,12.58157139128165,22.196119377012096
02400623,02,40,06,23,13618,6986,9039,6632,2407,4579,100.0,51.29975033044501,66.3753855191658,48.700249669555,17.67513584961081,33.62461448083419
02400624,02,40,06,24,11917,4823,8334,7094,1240,3583,100.0,40.47159520013427,69.93370814802383,59.52840479986574,10.405303348158093,30.066291851976167
02400625,02,40,06,25,1289,925,532,364,168,757,100.0,71.7610550814585,41.27230411171451,28.238944918541502,13.033359193173002,58.72769588828549
02500726,02,50,07,26,9236,3741,6600,5495,1105,2636,100.0,40.504547423126894,71.4595062797748,59.495452576873106,11.964053702901689,28.540493720225207
02500727,02,50,07,27,6642,2685,4804,3957,847,1838,100.0,40.42457091237579,72.32761216501054,59.57542908762421,12.752183077386329,27.672387834989458
02500728,02,50,07,28,10110,3775,7479,6335,1144,2631,100.0,37.339268051434225,73.97626112759644,62.660731948565775,11.315529179030664,26.023738872403563
02500729,02,50,07,29,5448,2081,4108,3367,741,1340,100.0,38.197503671071956,75.40381791483112,61.802496328928044,13.601321585903085,24.59618208516887
02500830,02,50,08,30,4106,1852,2763,2254,509,1343,100.0,45.10472479298587,67.29176814417926,54.89527520701413,12.396492937165124,32.70823185582075
02500831,02,50,08,31,7905,3406,5494,4499,995,2411,100.0,43.08665401644529,69.50031625553447,56.913345983554706,12.586970271979759,30.49968374446553
02500832,02,50,08,32,9551,4540,6322,5011,1311,3229,100.0,47.53428960318291,66.19202177782432,52.46571039681709,13.726311381007225,33.80797822217569
02500833,02,50,08,33,10303,4308,7064,5995,1069,3239,100.0,41.81306415607104,68.56255459574882,58.18693584392896,10.375618751819857,31.43744540425119
02500834,02,50,08,34,11444,4338,8518,7106,1412,2926,100.0,37.906326459279974,74.43201677735057,62.093673540720026,12.338343236630548,25.56798322264942
02500835,02,50,08,35,8730,4155,5617,4575,1042,3113,100.0,47.59450171821305,64.3413516609393,52.40549828178695,11.935853379152348,35.65864833906071
02500836,02,50,08,36,4998,1344,4338,3654,684,660,100.0,26.89075630252101,86.79471788715486,73.10924369747899,13.685474189675869,13.205282112845138
03100101,03,10,01,01,4641,923,4049,3718,331,592,100.0,19.88795518207283,87.24412842059901,80.11204481792717,7.1320836026718375,12.75587157940099
03100102,03,10,01,02,3407,1204,2465,2203,262,942,100.0,35.33900792486058,72.35104197240975,64.66099207513942,7.690049897270327,27.648958027590254
03100103,03,10,01,03,9683,2694,7466,6989,477,2217,100.0,27.821956005370236,77.10420324279666,72.17804399462976,4.926159248166891,22.895796757203346
03200204,03,20,02,04,2455,556,1990,1899,91,465,100.0,22.64765784114053,81.05906313645622,77.35234215885947,3.706720977596741,18.94093686354379
03200205,03,20,02,05,8931,1848,7794,7083,711,1137,100.0,20.69197178367484,87.26906281491435,79.30802821632516,7.961034598589184,12.730937185085656
03200206,03,20,02,06,6827,1760,5585,5067,518,1242,100.0,25.77999121136663,81.8075289292515,74.22000878863336,7.5875201406181345,18.192471070748496
03200207,03,20,02,07,11581,2471,10038,9110,928,1543,100.0,21.33667213539418,86.67645281063811,78.66332786460582,8.013124946032296,13.323547189361888
03200308,03,20,03,08,5305,873,4881,4432,449,424,100.0,16.45617342130066,92.00754005655043,83.54382657869934,8.463713477851083,7.9924599434495756
03200309,03,20,03,09,5455,1075,4832,4380,452,623,100.0,19.706691109074242,88.57928505957837,80.29330889092576,8.285976168652612,11.420714940421632
03200310,03,20,03,10,8116,1526,7369,6590,779,747,100.0,18.802365697387877,90.7959586002957,81.19763430261212,9.598324297683588,9.204041399704288
03300411,03,30,04,11,11827,3010,9807,8817,990,2020,100.0,25.450240974042444,82.92043628984527,74.54975902595756,8.370677263887714,17.07956371015473
03300412,03,30,04,12,5229,646,4912,4583,329,317,100.0,12.35417861923886,93.93765538343851,87.64582138076113,6.291834002677376,6.062344616561484
03300413,03,30,04,13,3140,311,3001,2829,172,139,100.0,9.904458598726116,95.5732484076433,90.09554140127388,5.477707006369427,4.426751592356688
03300514,03,30,05,14,6892,796,6412,6096,316,480,100.0,11.54962275101567,93.0354033662217,88.45037724898432,4.585026117237376,6.964596633778293
03300515,03,30,05,15,52,6,46,46,0,6,100.0,11.538461538461538,88.46153846153845,88.46153846153845,0.0,11.538461538461538
03300516,03,30,05,16,8859,2657,6864,6202,662,1995,100.0,29.992098430974153,77.48052827632915,70.00790156902585,7.4726267073033075,22.519471723670843
03300517,03,30,05,17,1100,65,1063,1035,28,37,100.0,5.909090909090909,96.63636363636363,94.0909090909091,2.5454545454545454,3.3636363636363638
03400618,03,40,06,18,4794,1131,4362,3663,699,432,100.0,23.591989987484354,90.98873591989988,76.40801001251565,14.580725907384231,9.011264080100124
03400619,03,40,06,19,10607,2409,9290,8198,1092,1317,100.0,22.711416988780993,87.58367116055436,77.288583011219,10.295088149335346,12.416328839445649
03400620,03,40,06,20,3545,786,3124,2759,365,421,100.0,22.172073342736248,88.12411847672779,77.82792665726375,10.296191819464035,11.875881523272215
03400721,03,40,07,21,11927,3042,10140,8885,1255,1787,100.0,25.505156367904753,85.01718789301584,74.49484363209524,10.522344260920601,14.982812106984152
03400722,03,40,07,22,3902,912,3313,2990,323,589,100.0,23.37262942080984,84.90517683239365,76.62737057919016,8.277806253203487,15.094823167606355
03400723,03,40,07,23,7336,1990,6101,5346,755,1235,100.0,27.12649945474373,83.16521264994547,72.87350054525628,10.291712104689205,16.834787350054526
03400724,03,40,07,24,8210,1632,7186,6578,608,1024,100.0,19.878197320341048,87.52740560292327,80.12180267965896,7.405602923264312,12.472594397076737
03400725,03,40,07,25,7523,1175,6827,6348,479,696,100.0,15.618769108068589,90.74837166024193,84.38123089193141,6.367140768310514,9.251628339758074
03400826,03,40,08,26,7143,1827,5826,5316,510,1317,100.0,25.577488450230994,81.56236875262495,74.422511549769,7.139857202855943,18.43763124737505
03400827,03,40,08,27,9651,2654,7899,6997,902,1752,100.0,27.49974095948606,81.84644078333851,72.50025904051394,9.346181742824577,18.153559216661485
03400828,03,40,08,28,4852,1410,3842,3442,400,1010,100.0,29.06018136850783,79.1838417147568,70.93981863149217,8.244023083264633,20.8161582852432
03400829,03,40,08,29,6071,1553,4975,4518,457,1096,100.0,25.58062922088618,81.94696096195025,74.41937077911382,7.527590182836436,18.053039038049747
03400830,03,40,08,30,9336,1897,8114,7439,675,1222,100.0,20.31919451585261,86.91088260497001,79.68080548414738,7.230077120822623,13.089117395029993
03400831,03,40,08,31,0,0,0,0,0,0,0.0,0.0,0.0,0.0,0.0,0.0
03500932,03,50,09,32,6586,2138,4830,4448,382,1756,100.0,32.46279987853021,73.33738232614637,67.53720012146978,5.800182204676587,26.662617673853628
03500933,03,50,09,33,7584,1639,6478,5945,533,1106,100.0,21.611286919831223,85.41666666666666,78.38871308016878,7.0279535864978895,14.583333333333334
03500934,03,50,09,34,10294,3255,8020,7039,981,2274,100.0,31.620361375558577,77.90946182242082,68.37963862444141,9.529823197979406,22.090538177579173
03500935,03,50,09,35,6779,2079,5333,4700,633,1446,100.0,30.66824015341496,78.66942026847617,69.33175984658504,9.337660421891135,21.330579731523823
03500936,03,50,09,36,9961,2521,8280,7440,840,1681,100.0,25.308703945387006,83.12418431884349,74.69129605461299,8.432888264230499,16.87581568115651
03501037,03,50,10,37,8508,1999,7072,6509,563,1436,100.0,23.49553361542078,83.12176774800189,76.50446638457922,6.61730136342266,16.878232251998117
03501038,03,50,10,38,7251,1365,6288,5886,402,963,100.0,18.82498965659909,86.71907323127844,81.17501034340091,5.544062887877534,13.280926768721555
03601139,03,60,11,39,3824,1486,2811,2338,473,1013,100.0,38.85983263598327,73.50941422594143,61.14016736401674,12.369246861924687,26.490585774058577
03601140,03,60,11,40,5957,2081,4505,3876,629,1452,100.0,34.93369145543059,75.62531475574954,65.06630854456942,10.559006211180124,24.374685244250465
03601141,03,60,11,41,6842,2674,4963,4168,795,1879,100.0,39.08213972522655,72.53726980415082,60.91786027477346,11.619409529377375,27.462730195849165
03601142,03,60,11,42,10920,4275,7951,6645,1306,2969,100.0,39.14835164835165,72.81135531135531,60.85164835164834,11.95970695970696,27.188644688644686
03601243,03,60,12,43,6917,2237,5461,4680,781,1456,100.0,32.340610091079945,78.95041202833598,67.65938990892005,11.291022119415931,21.049587971664018
03601244,03,60,12,44,7629,2313,6106,5316,790,1523,100.0,30.31852143138026,80.03670205793682,69.68147856861974,10.35522348931708,19.96329794206318
03601245,03,60,12,45,13507,4558,10310,8949,1361,3197,100.0,33.74546531428149,76.33079144147479,66.25453468571851,10.076256755756274,23.66920855852521
03601346,03,60,13,46,5931,2330,4304,3601,703,1627,100.0,39.2851121227449,72.56786376664981,60.714887877255094,11.852975889394706,27.432136233350196
03601347,03,60,13,47,9495,3324,7358,6171,1187,2137,100.0,35.00789889415482,77.49341758820432,64.99210110584518,12.501316482359137,22.50658241179568
03601348,03,60,13,48,7523,2722,5697,4801,896,1826,100.0,36.18237405290443,75.72776817758873,63.81762594709557,11.910142230493154,24.27223182241127
03601449,03,60,14,49,9934,2293,8443,7641,802,1491,100.0,23.082343466881415,84.99094020535534,76.91765653311859,8.073283672236762,15.009059794644655
03601450,03,60,14,50,5091,2987,2432,2104,328,2659,100.0,58.67216656845413,47.770575525437046,41.32783343154586,6.442742093891181,52.22942447456296
03601451,03,60,14,51,6437,2238,4844,4199,645,1593,100.0,34.76774895137487,75.25244679198384,65.23225104862513,10.020195743358707,24.747553208016157
03601452,03,60,14,52,4713,2009,3282,2704,578,1431,100.0,42.62677699978782,69.63717377466581,57.37322300021218,12.263950774453638,30.36282622533418
03601453,03,60,14,53,3279,1181,2572,2098,474,707,100.0,36.017078377554135,78.4385483379079,63.982921622445865,14.45562671546203,21.5614516620921
03701554,03,70,15,54,11421,4702,8259,6719,1540,3162,100.0,41.16977497592155,72.31415812976097,58.83022502407845,13.483933105682514,27.68584187023903
03701555,03,70,15,55,7298,2638,5549,4660,889,1749,100.0,36.14688955878323,76.03453000822144,63.85311044121678,12.181419567004658,23.96546999177857
03701556,03,70,15,56,8577,3577,6107,5000,1107,2470,100.0,41.704558703509385,71.20205199953364,58.295441296490615,12.906610703043023,28.797948000466363
03701657,03,70,16,57,3209,1130,2451,2079,372,758,100.0,35.21346213773761,76.37893424742911,64.78653786226238,11.592396385166719,23.621065752570892
03701658,03,70,16,58,8254,2936,6254,5318,936,2000,100.0,35.570632420644536,75.76932396413861,64.42936757935547,11.339956384783136,24.2306760358614
03701659,03,70,16,59,9425,3627,7019,5798,1221,2406,100.0,38.48275862068966,74.47214854111405,61.51724137931035,12.954907161803714,25.52785145888594
03701660,03,70,16,60,12764,3924,10298,8840,1458,2466,100.0,30.742713882795364,80.68003760576622,69.25728611720464,11.422751488561579,19.319962394233784
04100101,04,10,01,01,11608,6243,7741,5365,2376,3867,100.0,53.78187456926258,66.6867677463818,46.21812543073742,20.468642315644384,33.313232253618196
04100102,04,10,01,02,7812,4584,5477,3228,2249,2335,100.0,58.67895545314901,70.1100870455709,41.321044546851,28.78904249871992,29.889912954429082
04200203,04,20,02,03,1482,439,1236,1043,193,246,100.0,29.622132253711204,83.40080971659918,70.3778677462888,13.022941970310391,16.599190283400812
04200204,04,20,02,04,3147,1302,2228,1845,383,919,100.0,41.372735938989514,70.79758500158881,58.627264061010486,12.170320940578328,29.202414998411186
04200205,04,20,02,05,2493,848,1969,1645,324,524,100.0,34.015242679502606,78.98114721219414,65.9847573204974,12.996389891696749,21.018852787805855
04200206,04,20,02,06,2874,859,2424,2015,409,450,100.0,29.888656924147526,84.34237995824635,70.11134307585247,14.231036882393877,15.657620041753653
04200207,04,20,02,07,2998,1101,2218,1897,321,780,100.0,36.724482988659105,73.98265510340227,63.275517011340895,10.707138092061374,26.017344896597734
04200308,04,20,03,08,6193,2311,4729,3882,847,1464,100.0,37.31632488293234,76.36040691102858,62.68367511706766,13.676731793960922,23.63959308897142
04200309,04,20,03,09,6829,2082,5756,4747,1009,1073,100.0,30.487626299604624,84.2875970127398,69.51237370039537,14.775223312344412,15.712402987260212
04200310,04,20,03,10,7576,2848,5987,4728,1259,1589,100.0,37.59239704329461,79.02587117212249,62.40760295670539,16.618268215417107,20.974128827877507
04200311,04,20,03,11,7422,3133,5511,4289,1222,1911,100.0,42.212341686876854,74.25222312045271,57.787658313123146,16.46456480732956,25.747776879547292
04300412,04,30,04,12,4499,2679,2493,1820,673,2006,100.0,59.54656590353412,55.41231384752167,40.45343409646588,14.95887975105579,44.58768615247833
04300413,04,30,04,13,10005,4843,7500,5162,2338,2505,100.0,48.40579710144928,74.96251874062968,51.59420289855072,23.36831584207896,25.037481259370313
04300414,04,30,04,14,10554,4253,8064,6301,1763,2490,100.0,40.29751752889899,76.4070494599204,59.70248247110101,16.704566988819405,23.592950540079592
04300415,04,30,04,15,6311,2542,4835,3769,1066,1476,100.0,40.27887814926319,76.61226430042782,59.721121850736814,16.891142449691017,23.387735699572175
04300416,04,30,04,16,11791,5036,8765,6755,2010,3026,100.0,42.71054193876685,74.33635823933508,57.28945806123315,17.046900178101943,25.663641760664913
04300517,04,30,05,17,9556,4771,6598,4785,1813,2958,100.0,49.926747593135204,69.04562578484722,50.073252406864796,18.972373377982418,30.954374215152786
04300518,04,30,05,18,6039,3049,4201,2990,1211,1838,100.0,50.488491472098026,69.56449743334989,49.511508527901974,20.052988905447922,30.435502566650108
04300619,04,30,06,19,9014,4372,6401,4642,1759,2613,100.0,48.502329709341026,71.01175948524518,51.497670290658974,19.514089194586198,28.988240514754825
04300620,04,30,06,20,4066,2604,2421,1462,959,1645,100.0,64.04328578455485,59.542547958681745,35.95671421544516,23.585833743236595,40.45745204131825
04300621,04,30,06,21,10743,5358,7642,5385,2257,3101,100.0,49.87433677743647,71.13469235781439,50.12566322256353,21.009029135250863,28.865307642185613
04300622,04,30,06,22,5281,3155,3473,2126,1347,1808,100.0,59.74247301647415,65.76405983715206,40.25752698352585,25.506532853626208,34.235940162847946
04300623,04,30,06,23,12148,6885,7723,5263,2460,4425,100.0,56.6759960487323,63.57425090549885,43.3240039512677,20.250246954231148,36.42574909450115
04300624,04,30,06,24,9404,4442,6624,4962,1662,2780,100.0,47.23521905572097,70.4381114419396,52.76478094427903,17.67333049766057,29.5618885580604
04400725,04,40,07,25,74,54,33,20,13,41,100.0,72.97297297297297,44.5945945945946,27.027027027027028,17.56756756756757,55.4054054054054
04400726,04,40,07,26,5404,2418,4082,2986,1096,1322,100.0,44.74463360473723,75.53663952627683,55.255366395262776,20.281273131014064,24.463360473723167
04400727,04,40,07,27,8377,3683,6295,4694,1601,2082,100.0,43.965620150411844,75.14623373522741,56.034379849588156,19.111853885639253,24.85376626477259
04400728,04,40,07,28,3232,1290,2552,1942,610,680,100.0,39.913366336633665,78.96039603960396,60.08663366336634,18.873762376237625,21.03960396039604
04400729,04,40,07,29,2831,1137,2216,1694,522,615,100.0,40.162486753797246,78.27622748145532,59.837513246202754,18.438714235252558,21.723772518544685
04400830,04,40,08,30,8408,4075,5955,4333,1622,2453,100.0,48.465746907706944,70.82540437678402,51.534253092293056,19.29115128449096,29.17459562321599
04400831,04,40,08,31,1529,476,1295,1053,242,234,100.0,31.131458469587965,84.69587965990843,68.86854153041203,15.827338129496402,15.304120340091561
04400832,04,40,08,32,6999,1957,5938,5042,896,1061,100.0,27.96113730532933,84.84069152736106,72.03886269467067,12.801828832690385,15.15930847263895
04400833,04,40,08,33,3957,1523,3179,2434,745,778,100.0,38.488754106646454,80.33864038412939,61.511245893353546,18.827394490775838,19.66135961587061
04400834,04,40,08,34,3443,1171,2831,2272,559,612,100.0,34.011036886436244,82.22480395004357,65.98896311356374,16.235840836479813,17.77519604995643
04400835,04,40,08,35,10235,2929,8658,7306,1352,1577,100.0,28.617489008304837,84.59208597948216,71.38251099169516,13.209574987787006,15.407914020517833
04500936,04,50,09,36,5643,2621,4092,3022,1070,1551,100.0,46.446925394293814,72.51461988304094,53.553074605706186,18.96154527733475,27.485380116959064
04500937,04,50,09,37,7609,3357,5582,4252,1330,2027,100.0,44.11880667630438,73.36049415166251,55.88119332369562,17.47930082796688,26.639505848337496
04500938,04,50,09,38,8372,4048,5954,4324,1630,2418,100.0,48.35164835164835,71.11801242236024,51.64835164835166,19.469660774008602,28.88198757763975
04500939,04,50,09,39,6782,3465,4814,3317,1497,1968,100.0,51.091123562370974,70.98201120613389,48.90887643762902,22.073134768504865,29.017988793866117
04501040,04,50,10,40,5868,2668,4351,3200,1151,1517,100.0,45.46693933197001,74.14792092706203,54.53306066803,19.61486025903204,25.85207907293797
04501041,04,50,10,41,5368,2518,3875,2850,1025,1493,100.0,46.907600596125185,72.18703427719821,53.092399403874815,19.0946348733234,27.812965722801785
04501042,04,50,10,42,3742,2220,2302,1522,780,1440,100.0,59.32656333511491,61.51790486370925,40.67343666488509,20.84446819882416,38.48209513629076
04501043,04,50,10,43,11022,5250,7905,5772,2133,3117,100.0,47.63200870985302,71.72019597169297,52.367991290146975,19.352204681546,28.27980402830702
04501044,04,50,10,44,5354,2399,3896,2955,941,1458,100.0,44.80762047067613,72.76802390735898,55.192379529323865,17.57564437803511,27.231976092641013
04501045,04,50,10,45,9329,4724,6343,4605,1738,2986,100.0,50.63779611962696,67.9922821309894,49.36220388037303,18.630078250616357,32.00771786901061
04501146,04,50,11,46,4818,2303,3371,2515,856,1447,100.0,47.79991697799917,69.96679119966791,52.20008302200083,17.76670817766708,30.03320880033209
04501147,04,50,11,47,5495,2384,4156,3111,1045,1339,100.0,43.384895359417655,75.63239308462238,56.615104640582345,19.017288444040037,24.367606915377614
04501148,04,50,11,48,4510,2169,3216,2341,875,1294,100.0,48.09312638580931,71.30820399113082,51.90687361419069,19.40133037694013,28.69179600886918
04501149,04,50,11,49,10014,4285,7411,5729,1682,2603,100.0,42.79009386858398,74.00639105252647,57.20990613141602,16.796484921110448,25.993608947473533
04501150,04,50,11,50,3054,1245,2307,1809,498,747,100.0,40.76620825147348,75.5402750491159,59.23379174852652,16.30648330058939,24.459724950884087
04501151,04,50,11,51,7475,2660,5964,4815,1149,1511,100.0,35.58528428093645,79.78595317725753,64.41471571906354,15.37123745819398,20.214046822742475
04501152,04,50,11,52,6845,3110,5009,3735,1274,1836,100.0,45.43462381300219,73.17750182615048,54.5653761869978,18.612125639152666,26.822498173849525
04501153,04,50,11,53,7447,3481,5412,3966,1446,2035,100.0,46.743655163152944,72.67355982274741,53.25634483684705,19.41721498590036,27.326440177252586
05100101,05,10,01,01,4476,1159,3918,3317,601,558,100.0,25.893655049151025,87.53351206434317,74.10634495084896,13.42716711349419,12.466487935656836
05100102,05,10,01,02,4367,1247,3602,3120,482,765,100.0,28.555072131898328,82.48225326310968,71.44492786810167,11.037325395008015,17.517746736890313
05100103,05,10,01,03,6142,3228,4152,2914,1238,1990,100.0,52.55617062845979,67.60013025073266,47.44382937154021,20.156300879192447,32.39986974926734
05100104,05,10,01,04,6547,3369,4471,3178,1293,2076,100.0,51.45868336642737,68.2908202230029,48.54131663357263,19.749503589430272,31.709179776997097
05100105,05,10,01,05,7681,1724,6821,5957,864,860,100.0,22.444994141387838,88.80354120557219,77.55500585861216,11.24853534696003,11.196458794427809
05100206,05,10,02,06,3625,1683,2640,1942,698,985,100.0,46.42758620689656,72.82758620689656,53.57241379310344,19.255172413793105,27.172413793103452
05100207,05,10,02,07,2308,677,2042,1631,411,266,100.0,29.332755632582323,88.47487001733101,70.66724436741768,17.807625649913344,11.525129982668977
05100208,05,10,02,08,11001,5572,7632,5429,2203,3369,100.0,50.64994091446232,69.37551131715298,49.35005908553768,20.025452231615308,30.624488682847012
05100209,05,10,02,09,11817,6604,8474,5213,3261,3343,100.0,55.88558855885588,71.71024794787171,44.114411441144114,27.595836506727593,28.289752052128293
05100210,05,10,02,10,7836,3378,5559,4458,1101,2277,100.0,43.108728943338434,70.94180704441041,56.891271056661566,14.050535987748852,29.058192955589586
05100211,05,10,02,11,6205,2398,4965,3807,1158,1240,100.0,38.64625302175665,80.01611603545527,61.35374697824335,18.662369057211926,19.98388396454472
05100312,05,10,03,12,4119,1913,2827,2206,621,1292,100.0,46.44331148336975,68.63316338917213,53.556688516630246,15.076474872541878,31.36683661082787
05100313,05,10,03,13,6619,3711,4472,2908,1564,2147,100.0,56.065870977489055,67.56307599335247,43.93412902251095,23.628946970841515,32.43692400664753
05100314,05,10,03,14,7600,4935,3863,2665,1198,3737,100.0,64.9342105263158,50.828947368421055,35.06578947368421,15.763157894736842,49.171052631578945
05100315,05,10,03,15,7262,3684,4688,3578,1110,2574,100.0,50.729826494078765,64.55521894794822,49.270173505921235,15.28504544202699,35.44478105205178
05100316,05,10,03,16,10547,4860,7585,5687,1898,2962,100.0,46.07945387313928,71.91618469707026,53.920546126860714,17.995638570209536,28.083815302929743
05100317,05,10,03,17,4076,2327,2188,1749,439,1888,100.0,57.09028459273798,53.68007850834151,42.90971540726202,10.77036310107949,46.31992149165849
05200418,05,20,04,18,3889,985,3540,2904,636,349,100.0,25.327847775777833,91.02597068655182,74.67215222422216,16.35381846232965,8.974029313448186
05200419,05,20,04,19,1642,97,1612,1545,67,30,100.0,5.907429963459196,98.17295980511571,94.0925700365408,4.080389768574909,1.8270401948842874
05200420,05,20,04,20,5892,2083,4827,3809,1018,1065,100.0,35.353021045485406,81.92464358452139,64.6469789545146,17.27766463000679,18.075356415478616
05200421,05,20,04,21,4422,1499,3457,2923,534,965,100.0,33.89868837630032,78.17729534147445,66.10131162369969,12.075983717774763,21.822704658525556
05200422,05,20,04,22,1176,351,976,825,151,200,100.0,29.846938775510207,82.99319727891157,70.1530612244898,12.84013605442177,17.006802721088434
05200423,05,20,04,23,6825,2661,5183,4164,1019,1642,100.0,38.98901098901099,75.94139194139194,61.010989010989015,14.93040293040293,24.05860805860806
05200524,05,20,05,24,3383,1065,2930,2318,612,453,100.0,31.480934082175583,86.60951817913094,68.51906591782442,18.090452261306535,13.390481820869052
05200525,05,20,05,25,2458,699,2195,1759,436,263,100.0,28.437754271765662,89.30024410089503,71.56224572823434,17.737998372660698,10.699755899104964
05200526,05,20,05,26,5792,3593,3237,2199,1038,2555,100.0,62.033839779005525,55.887430939226526,37.966160220994475,17.921270718232044,44.11256906077348
05200527,05,20,05,27,12039,7960,7166,4079,3087,4873,100.0,66.11844837611098,59.52321621397127,33.88155162388903,25.64166459008223,40.47678378602874
05200528,05,20,05,28,7186,2293,5944,4893,1051,1242,100.0,31.909268021152243,82.71639298636238,68.09073197884776,14.625661007514612,17.283607013637628
05200629,05,20,06,29,8387,3787,5907,4600,1307,2480,100.0,45.153213306307386,70.43042804340051,54.846786693692614,15.58364134970788,29.5695719565995
05200630,05,20,06,30,10037,4237,7206,5800,1406,2831,100.0,42.21380890704394,71.79436086480024,57.78619109295606,14.008169771844175,28.20563913519976
05200631,05,20,06,31,8607,3750,6098,4857,1241,2509,100.0,43.56918787033809,70.84930870221913,56.4308121296619,14.41849657255722,29.150691297780877
05200632,05,20,06,32,3750,1919,2482,1831,651,1268,100.0,51.17333333333334,66.18666666666667,48.82666666666667,17.36,33.81333333333333
05200633,05,20,06,33,2137,715,1763,1422,341,374,100.0,33.45811885821245,82.49883013570425,66.54188114178756,15.956948993916706,17.501169864295743
05200634,05,20,06,34,4405,873,3918,3532,386,487,100.0,19.81838819523269,88.94438138479002,80.1816118047673,8.762769580022702,11.055618615209989
05300735,05,30,07,35,4471,2882,3123,1589,1534,1348,100.0,64.45985238201744,69.85014538134645,35.540147617982555,34.3099977633639,30.149854618653542
05300736,05,30,07,36,3622,2022,2715,1600,1115,907,100.0,55.82551076753175,74.95858641634456,44.17448923246825,30.784097183876312,25.041413583655437
05300737,05,30,07,37,11815,5814,8716,6001,2715,3099,100.0,49.20863309352518,73.77063055438002,50.79136690647482,22.979263647905203,26.229369445619977
05300838,05,30,08,38,15,6,12,9,3,3,100.0,40.0,80.0,60.0,20.0,20.0
05300839,05,30,08,39,7698,4063,5273,3635,1638,2425,100.0,52.7799428422967,68.49831124967524,47.2200571577033,21.27825409197194,31.501688750324757
05300840,05,30,08,40,494,266,337,228,109,157,100.0,53.84615384615385,68.21862348178138,46.15384615384615,22.06477732793522,31.781376518218625
05300841,05,30,08,41,4668,2372,3235,2296,939,1433,100.0,50.8140531276778,69.30162810625535,49.1859468723222,20.11568123393316,30.698371893744646
05400942,05,40,09,42,3735,832,3349,2903,446,386,100.0,22.275769745649264,89.66532797858099,77.72423025435073,11.941097724230254,10.33467202141901
05400943,05,40,09,43,10476,2200,9651,8276,1375,825,100.0,21.000381825124094,92.12485681557845,78.9996181748759,13.125238640702557,7.8751431844215345
05400944,05,40,09,44,2206,418,2025,1788,237,181,100.0,18.948322756119673,91.79510426110608,81.05167724388032,10.743427017225748,8.204895738893926
05400945,05,40,09,45,3636,639,3361,2997,364,275,100.0,17.574257425742573,92.43674367436743,82.42574257425743,10.011001100110011,7.563256325632563
06100101,06,10,01,01,6905,1985,5855,4920,935,1050,100.0,28.747284576393916,84.79362780593772,71.25271542360608,13.540912382331644,15.206372194062274
06100102,06,10,01,02,9089,3733,6889,5356,1533,2200,100.0,41.07162504125866,75.79491693255584,58.92837495874134,16.8665419738145,24.205083067444164
06100103,06,10,01,03,6185,2107,5131,4078,1053,1054,100.0,34.06628940986257,82.95877122069523,65.93371059013742,17.0250606305578,17.04122877930477
06100204,06,10,02,04,6855,2623,5449,4232,1217,1406,100.0,38.26404084609774,79.48942377826404,61.735959153902265,17.753464624361783,20.51057622173596
06100205,06,10,02,05,10004,3730,7951,6274,1677,2053,100.0,37.28508596561376,79.4782087165134,62.71491403438625,16.76329468212715,20.521791283486603
06100206,06,10,02,06,7699,2597,6247,5102,1145,1452,100.0,33.731653461488506,81.1404078451747,66.2683465385115,14.872061306663204,18.859592154825304
06100207,06,10,02,07,8079,3044,6366,5035,1331,1713,100.0,37.67793043693526,78.79688080207946,62.32206956306473,16.47481123901473,21.203119197920532
06100208,06,10,02,08,6991,2393,5665,4598,1067,1326,100.0,34.22972393076813,81.03275640108711,65.77027606923187,15.262480331855244,18.96724359891289
06100209,06,10,02,09,9431,3726,7294,5705,1589,2137,100.0,39.50800551373131,77.34068497508217,60.49199448626869,16.848690488813485,22.659315024917824
06100210,06,10,02,10,5027,1701,4094,3326,768,933,100.0,33.83727869504675,81.44022279689676,66.16272130495325,15.277501491943504,18.55977720310324
06200311,06,20,03,11,4845,1317,4174,3528,646,671,100.0,27.18266253869969,86.15067079463364,72.81733746130031,13.333333333333334,13.849329205366356
06200312,06,20,03,12,6266,2202,4904,4064,840,1362,100.0,35.14203638684966,78.26364506862433,64.85796361315033,13.405681455473987,21.73635493137568
06200313,06,20,03,13,7458,2672,5991,4786,1205,1467,100.0,35.82729954411371,80.32984714400644,64.1727004558863,16.15714668812014,19.670152855993564
06200314,06,20,03,14,7165,2369,5885,4796,1089,1280,100.0,33.063503140265176,82.13538032100487,66.93649685973482,15.198883461270063,17.864619678995115
06200315,06,20,03,15,6715,2428,5483,4287,1196,1232,100.0,36.1578555472822,81.6530156366344,63.8421444527178,17.810871183916603,18.3469843633656
06200316,06,20,03,16,5693,2575,4174,3118,1056,1519,100.0,45.23098542069208,73.31810995959951,54.76901457930792,18.549095380291586,26.68189004040049
06200317,06,20,03,17,6297,1419,5634,4878,756,663,100.0,22.534540257265366,89.47117675083372,77.46545974273464,12.005717008099095,10.528823249166269
06200418,06,20,04,18,0,0,0,0,0,0,0.0,0.0,0.0,0.0,0.0,0.0
06200419,06,20,04,19,4577,2479,3251,2098,1153,1326,100.0,54.16211492243828,71.02905833515403,45.83788507756172,25.191173257592308,28.970941664845967
06200420,06,20,04,20,7350,2389,5941,4961,980,1409,100.0,32.50340136054422,80.82993197278911,67.49659863945578,13.333333333333334,19.170068027210885
06200421,06,20,04,21,8355,2534,6841,5821,1020,1514,100.0,30.329144225014957,81.87911430281268,69.67085577498504,12.208258527827647,18.120885697187315
06200422,06,20,04,22,7096,1772,6005,5324,681,1091,100.0,24.971815107102593,84.62514092446449,75.02818489289741,9.59695603156708,15.374859075535513
06200423,06,20,04,23,8612,2638,7264,5974,1290,1348,100.0,30.631676730143987,84.34742220157919,69.36832326985602,14.979098931723179,15.652577798420808
06300524,06,30,05,24,5795,1636,4806,4159,647,989,100.0,28.23123382226057,82.93356341673856,71.76876617773942,11.164797238999137,17.06643658326143
06300525,06,30,05,25,5740,1640,4762,4100,662,978,100.0,28.57142857142857,82.9616724738676,71.42857142857143,11.533101045296167,17.038327526132406
06300526,06,30,05,26,3388,1157,2738,2231,507,650,100.0,34.14994096812279,80.814639905549,65.85005903187722,14.964580873671782,19.185360094451003
06300527,06,30,05,27,8473,2626,7125,5847,1278,1348,100.0,30.992564617018765,84.09064085919982,69.00743538298123,15.083205476218579,15.90935914080019
06300528,06,30,05,28,10977,2877,9486,8100,1386,1491,100.0,26.209346816069967,86.41705383984696,73.79065318393003,12.626400655916918,13.582946160153048
06300629,06,30,06,29,6977,2094,5841,4883,958,1136,100.0,30.012899527017346,83.7179303425541,69.98710047298266,13.730829869571448,16.282069657445895
06300630,06,30,06,30,5665,2415,4091,3250,841,1574,100.0,42.63018534863195,72.2153574580759,57.369814651368046,14.845542806707856,27.784642541924093
06300631,06,30,06,31,2928,1103,2202,1825,377,726,100.0,37.6707650273224,75.20491803278688,62.3292349726776,12.875683060109289,24.795081967213115
06300632,06,30,06,32,13805,4363,11673,9442,2231,2132,100.0,31.604491126403477,84.55632017385005,68.39550887359653,16.16081130025353,15.443679826149944
06300633,06,30,06,33,12042,3453,10135,8589,1546,1907,100.0,28.67463876432486,84.16376017272879,71.32536123567513,12.838398937053647,15.836239827271218
06300634,06,30,06,34,8386,2182,7194,6204,990,1192,100.0,26.01955640352969,85.78583353207728,73.98044359647031,11.805389935606964,14.214166467922729
06400735,06,40,07,35,10237,2616,8708,7621,1087,1529,100.0,25.55436162938361,85.06398358894207,74.4456383706164,10.61834521832568,14.936016411057926
06400736,06,40,07,36,5172,1194,4658,3978,680,514,100.0,23.08584686774942,90.06187161639599,76.91415313225059,13.147718484145399,9.93812838360402
06400737,06,40,07,37,11276,3791,8640,7485,1155,2636,100.0,33.62007804185881,76.62291592763391,66.37992195814118,10.242993969492728,23.377084072366085
06400838,06,40,08,38,7425,1516,6696,5909,787,729,100.0,20.41750841750842,90.18181818181819,79.58249158249158,10.599326599326599,9.818181818181818
06400839,06,40,08,39,5228,1227,4604,4001,603,624,100.0,23.469778117827083,88.06426931905126,76.53022188217291,11.534047436878348,11.935730680948737
06400840,06,40,08,40,7146,1339,6456,5807,649,690,100.0,18.73775538762944,90.34424853064652,81.26224461237057,9.082003918275959,9.655751469353484
06400841,06,40,08,41,6218,1872,5166,4346,820,1052,100.0,30.106143454486972,83.08137664844001,69.89385654551302,13.187520102926985,16.918623351559987
06400842,06,40,08,42,4839,1887,4050,2952,1098,789,100.0,38.995660260384376,83.69497830130193,61.004339739615624,22.6906385616863,16.305021698698077
06400843,06,40,08,43,4745,1476,3934,3269,665,811,100.0,31.106427818756586,82.90832455216017,68.89357218124341,14.014752370916755,17.091675447839833
06400844,06,40,08,44,7290,2583,5870,4707,1163,1420,100.0,35.432098765432094,80.52126200274348,64.5679012345679,15.953360768175584,19.478737997256516
07100101,07,10,01,01,9802,4958,6894,4844,2050,2908,100.0,50.581513976739444,70.33258518669659,49.41848602326056,20.914099163436035,29.667414813303406
07100102,07,10,01,02,8716,4659,5669,4057,1612,3047,100.0,53.45341899954107,65.04130335016063,46.54658100045893,18.494722349701696,34.958696649839375
07100103,07,10,01,03,7767,4972,4914,2795,2119,2853,100.0,64.01441998197502,63.26767091541136,35.985580018024976,27.28209089738638,36.73232908458864
07100204,07,10,02,04,10385,4309,7753,6076,1677,2632,100.0,41.492537313432834,74.65575349061146,58.507462686567166,16.148290804044294,25.34424650938854
07100205,07,10,02,05,5202,3524,3165,1678,1487,2037,100.0,67.74317570165321,60.84198385236448,32.25682429834679,28.585159554017686,39.15801614763553
07100206,07,10,02,06,8363,4269,5841,4094,1747,2522,100.0,51.04627526007414,69.84335764677748,48.95372473992586,20.889632906851606,30.15664235322253
07200307,07,20,03,07,10590,4058,8372,6532,1840,2218,100.0,38.319169027384326,79.05571293673277,61.680830972615674,17.37488196411709,20.944287063267232
07200308,07,20,03,08,10676,5087,7590,5589,2001,3086,100.0,47.648932184338705,71.09404271262645,52.3510678156613,18.742974896965155,28.905957287373546
07200409,07,20,04,09,9388,3649,7326,5739,1587,2062,100.0,38.86876864081806,78.03579037068599,61.13123135918194,16.90455901150405,21.96420962931402
07200410,07,20,04,10,5614,3099,3885,2515,1370,1729,100.0,55.20128250801567,69.20199501246883,44.79871749198433,24.403277520484504,30.798004987531176
07200411,07,20,04,11,2744,1251,2032,1493,539,712,100.0,45.59037900874635,74.05247813411079,54.40962099125365,19.642857142857142,25.94752186588921
07200412,07,20,04,12,2263,1387,1393,876,517,870,100.0,61.29032258064516,61.55545735749006,38.70967741935484,22.84577993813522,38.444542642509944
07200413,07,20,04,13,7688,2804,6069,4884,1185,1619,100.0,36.47242455775234,78.94120707596254,63.52757544224767,15.41363163371488,21.058792924037462
07200414,07,20,04,14,3803,1589,2900,2214,686,903,100.0,41.782803050223514,76.25558769392585,58.21719694977649,18.038390744149353,23.744412306074153
07300515,07,30,05,15,6975,1996,5970,4979,991,1005,100.0,28.61648745519713,85.59139784946237,71.38351254480287,14.207885304659499,14.408602150537634
07300516,07,30,05,16,8946,2886,7317,6060,1257,1629,100.0,32.26022803487592,81.7907444668008,67.73977196512408,14.050972501676728,18.209255533199194
07300517,07,30,05,17,9565,3436,7651,6129,1522,1914,100.0,35.922634605331936,79.98954521693675,64.07736539466806,15.912179822268687,20.01045478306325
07300618,07,30,06,18,9316,3258,7535,6058,1477,1781,100.0,34.9720910261915,80.88235294117648,65.02790897380851,15.85444396736797,19.11764705882353
07300619,07,30,06,19,12212,5719,9177,6493,2684,3035,100.0,46.83098591549296,75.14739600393055,53.16901408450704,21.97838191942352,24.85260399606944
07400720,07,40,07,20,11784,5110,9260,6674,2586,2524,100.0,43.36388323150034,78.58112695179905,56.636116768499654,21.945010183299388,21.41887304820095
07400721,07,40,07,21,7513,3918,4566,3595,971,2947,100.0,52.149607347264734,60.774657260748036,47.85039265273526,12.924264608012779,39.225342739251964
07400822,07,40,08,22,3249,1269,2466,1980,486,783,100.0,39.05817174515235,75.90027700831024,60.94182825484764,14.958448753462603,24.099722991689752
07400823,07,40,08,23,9772,3784,7781,5988,1793,1991,100.0,38.722881702824395,79.62546049938601,61.277118297175605,18.348342202210397,20.374539500614
07400824,07,40,08,24,7379,3081,5646,4298,1348,1733,100.0,41.75362515245968,76.51443284997967,58.24637484754032,18.268058002439354,23.48556715002033
07400825,07,40,08,25,7331,3304,5445,4027,1418,1886,100.0,45.068885554494614,74.27363251943801,54.93111444550539,19.342518073932617,25.726367480561997
07400826,07,40,08,26,5156,1620,4330,3536,794,826,100.0,31.419705197827774,83.97982932505819,68.58029480217223,15.399534522885958,16.020170674941816
07400927,07,40,09,27,11359,5603,8064,5756,2308,3295,100.0,49.3265252222907,70.99216480323972,50.6734747777093,20.318690025530415,29.00783519676028
07400928,07,40,09,28,4005,2410,2448,1595,853,1557,100.0,60.17478152309613,61.12359550561798,39.82521847690387,21.298377028714107,38.87640449438202
07501029,07,50,10,29,8491,3955,6366,4536,1830,2125,100.0,46.578730420445176,74.97350135437522,53.42126957955482,21.5522317748204,25.026498645624777
07501030,07,50,10,30,8724,3895,6663,4829,1834,2061,100.0,44.646950939935806,76.37551581843192,55.35304906006419,21.022466758367724,23.624484181568086
07501031,07,50,10,31,9178,3380,7458,5798,1660,1720,100.0,36.827195467422094,81.25953366746567,63.172804532577906,18.086729134887776,18.74046633253432
07501032,07,50,10,32,6116,2371,5026,3745,1281,1090,100.0,38.76716808371485,82.17789404839765,61.23283191628516,20.94506213211249,17.822105951602353
07501133,07,50,11,33,8268,3648,6077,4620,1457,2191,100.0,44.12191582002903,73.50024189646831,55.878084179970976,17.622157716497338,26.49975810353169
07501134,07,50,11,34,10530,3441,8862,7089,1773,1668,100.0,32.67806267806268,84.15954415954417,67.32193732193733,16.837606837606838,15.840455840455842
07501135,07,50,11,35,2252,630,1960,1622,338,292,100.0,27.975133214920074,87.03374777975134,72.02486678507994,15.008880994671403,12.966252220248666
07601236,07,60,12,36,10327,4834,7539,5493,2046,2788,100.0,46.80933475355864,73.00280817275105,53.19066524644137,19.812142926309672,26.997191827248955
07601237,07,60,12,37,4815,1436,4144,3379,765,671,100.0,29.823468328141225,86.06438213914849,70.17653167185878,15.887850467289718,13.935617860851506
07601238,07,60,12,38,2884,1226,2349,1658,691,535,100.0,42.51040221914008,81.4493758668516,57.48959778085991,23.95977808599168,18.550624133148403
07601339,07,60,13,39,5733,2520,4730,3213,1517,1003,100.0,43.956043956043956,82.50479679051108,56.043956043956044,26.460840746555032,17.495203209488924
07601340,07,60,13,40,6439,2902,5161,3537,1624,1278,100.0,45.06911011026557,80.15219754620283,54.93088988973444,25.221307656468394,19.847802453797172
07601341,07,60,13,41,2269,756,1849,1513,336,420,100.0,33.318642573821066,81.48964301454386,66.68135742617893,14.80828558836492,18.51035698545615
07601442,07,60,14,42,10427,2700,9110,7727,1383,1317,100.0,25.894312841661073,87.369329625012,74.10568715833892,13.263642466673058,12.630670374988012
07601443,07,60,14,43,10846,2812,9636,8034,1602,1210,100.0,25.926608888069335,88.84381338742394,74.07339111193066,14.770422275493269,11.156186612576064
07601544,07,60,15,44,8998,3212,7443,5786,1657,1555,100.0,35.69682151589242,82.71838186263614,64.30317848410758,18.41520337852856,17.281618137363857
07601545,07,60,15,45,8241,3443,6361,4798,1563,1880,100.0,41.77891032641669,77.18723455891275,58.22108967358331,18.96614488532945,22.812765441087247
07601546,07,60,15,46,6988,1586,6266,5402,864,722,100.0,22.696050372066402,89.66800228963938,77.3039496279336,12.36405266170578,10.331997710360618
07601547,07,60,15,47,3873,997,3286,2876,410,587,100.0,25.7423186160599,84.84379034340304,74.2576813839401,10.58610895946295,15.156209656596953
07601548,07,60,15,48,2906,609,2617,2297,320,289,100.0,20.956641431520993,90.05505849965589,79.04335856847901,11.011699931176876,9.944941500344115
08100101,08,10,01,01,4695,2697,2873,1998,875,1822,100.0,57.44408945686901,61.192758253461136,42.55591054313099,18.636847710330137,38.80724174653887
08100102,08,10,01,02,8264,4504,5266,3760,1506,2998,100.0,54.50145208131656,63.72216844143273,45.49854791868345,18.223620522749272,36.27783155856728
08100103,08,10,01,03,7234,3726,4827,3508,1319,2407,100.0,51.50677356925629,66.72656897981753,48.49322643074371,18.233342549073818,33.27343102018247
08100104,08,10,01,04,6747,4067,4125,2680,1445,2622,100.0,60.278642359567215,61.13828368163629,39.721357640432785,21.4169260412035,38.86171631836371
08100105,08,10,01,05,6235,3925,3872,2310,1562,2363,100.0,62.951082598235764,62.10104250200481,37.048917401764236,25.05212510024058,37.89895749799519
08100206,08,10,02,06,9447,5589,5793,3858,1935,3654,100.0,59.161638615433475,61.321054302953314,40.83836138456653,20.48269291838679,38.67894569704668
08100207,08,10,02,07,7510,5065,4822,2445,2377,2688,100.0,67.44340878828228,64.20772303595207,32.55659121171771,31.65113182423435,35.792276964047936
08100208,08,10,02,08,12156,7021,7597,5135,2462,4559,100.0,57.757486015136564,62.495886804870025,42.24251398486344,20.253372820006582,37.50411319512998
08100209,08,10,02,09,8632,5230,5103,3402,1701,3529,100.0,60.5885078776645,59.11723818350324,39.411492122335495,19.705746061167748,40.88276181649675
08100310,08,10,03,10,7687,4004,5214,3683,1531,2473,100.0,52.08794067906856,67.82880187329258,47.91205932093144,19.91674255236113,32.17119812670743
08100311,08,10,03,11,7215,3595,4873,3620,1253,2342,100.0,49.826749826749825,67.53984753984754,50.173250173250175,17.366597366597368,32.46015246015246
08100312,08,10,03,12,11685,6199,7661,5486,2175,4024,100.0,53.05091998288404,65.56268720581943,46.94908001711596,18.613607188703465,34.43731279418058
08100313,08,10,03,13,3795,1474,2967,2321,646,828,100.0,38.84057971014493,78.18181818181819,61.15942028985507,17.02239789196311,21.818181818181817
08100314,08,10,03,14,8049,4975,4758,3074,1684,3291,100.0,61.80892036277798,59.112933283637716,38.19107963722202,20.921853646415702,40.88706671636228
08100415,08,10,04,15,6509,3591,4186,2918,1268,2323,100.0,55.16976494085113,64.31095406360424,44.83023505914887,19.48071900445537,35.68904593639576
08100416,08,10,04,16,6445,3463,4243,2982,1261,2202,100.0,53.731574864235846,65.83397982932506,46.268425135764154,19.565554693560898,34.16602017067494
08100417,08,10,04,17,9605,5395,6097,4210,1887,3508,100.0,56.168662155127535,63.4773555439875,43.831337844872465,19.646017699115045,36.52264445601249
08100418,08,10,04,18,9256,4564,6333,4692,1641,2923,100.0,49.3085566119274,68.42048401037165,50.6914433880726,17.72904062229905,31.579515989628348
08100419,08,10,04,19,7248,4573,4122,2675,1447,3126,100.0,63.09326710816777,56.87086092715232,36.90673289183223,19.96412803532009,43.129139072847686
08100520,08,10,05,20,5778,4378,3519,1400,2119,2259,100.0,75.77016268605054,60.90342679127726,24.229837313949464,36.673589477327795,39.09657320872274
08100521,08,10,05,21,9543,6491,6507,3052,3455,3036,100.0,68.01844283768207,68.18610499842816,31.98155716231793,36.20454783611024,31.813895001571836
08200622,08,20,06,22,5730,4041,3038,1689,1349,2692,100.0,70.52356020942409,53.01919720767888,29.476439790575913,23.542757417102965,46.98080279232112
08200623,08,20,06,23,6824,3721,4409,3103,1306,2415,100.0,54.52813599062134,64.61019929660023,45.47186400937866,19.138335287221572,35.389800703399764
08200624,08,20,06,24,8951,4621,6416,4330,2086,2535,100.0,51.62551670204446,71.67914199530779,48.374483297955535,23.304658697352252,28.320858004692212
08200725,08,20,07,25,2516,888,2162,1628,534,354,100.0,35.294117647058826,85.93004769475357,64.70588235294117,21.2241653418124,14.069952305246423
08200726,08,20,07,26,6205,2031,5213,4174,1039,992,100.0,32.731668009669626,84.01289282836423,67.26833199033038,16.74456083803384,15.987107171635778
08200727,08,20,07,27,8098,2861,6664,5237,1427,1434,100.0,35.329711039762906,82.29192393183502,64.6702889602371,17.621634971597924,17.708076068164978
08200728,08,20,07,28,1199,411,1017,788,229,182,100.0,34.27856547122602,84.82068390325271,65.72143452877398,19.09924937447873,15.17931609674729
08200729,08,20,07,29,1854,699,1572,1155,417,282,100.0,37.702265372168284,84.78964401294499,62.297734627831716,22.491909385113267,15.210355987055015
08200730,08,20,07,30,3396,1226,2728,2170,558,668,100.0,36.101295641931685,80.32979976442874,63.898704358068315,16.431095406360424,19.67020023557126
08200831,08,20,08,31,8287,2642,7057,5645,1412,1230,100.0,31.88125980451309,85.1574755641366,68.11874019548691,17.038735368649693,14.8425244358634
08200832,08,20,08,32,11777,4326,9763,7451,2312,2014,100.0,36.732614417933256,82.89887068013925,63.26738558206674,19.631485098072517,17.101129319860746
08200833,08,20,08,33,8942,4579,6554,4363,2191,2388,100.0,51.20778349362559,73.29456497427869,48.792216506374416,24.502348467904273,26.705435025721314
08300934,08,30,09,34,12625,7029,9710,5596,4114,2915,100.0,55.67524752475248,76.91089108910892,44.32475247524753,32.58613861386139,23.089108910891092
08300935,08,30,09,35,7468,3657,5823,3811,2012,1645,100.0,48.968934118907335,77.97268344938404,51.031065881092665,26.941617568291377,22.02731655061596
08301036,08,30,10,36,7453,3854,5807,3599,2208,1646,100.0,51.71072051522877,77.91493358379175,48.28927948477123,29.625654099020526,22.08506641620824
08301037,08,30,10,37,11088,6639,8321,4449,3872,2767,100.0,59.87554112554112,75.04509379509379,40.124458874458874,34.92063492063492,24.954906204906205
08401138,08,40,11,38,2864,1048,2411,1816,595,453,100.0,36.592178770949715,84.18296089385476,63.40782122905028,20.77513966480447,15.81703910614525
08401139,08,40,11,39,4162,1612,3411,2550,861,751,100.0,38.731379144642,81.95579048534358,61.268620855358,20.687169629985583,18.044209514656416
08401140,08,40,11,40,2697,1034,2224,1663,561,473,100.0,38.33889506859474,82.46199480904708,61.66110493140526,20.800889877641822,17.53800519095291
08401241,08,40,12,41,8305,3343,6806,4962,1844,1499,100.0,40.2528597230584,81.95063214930765,59.7471402769416,22.203491872366044,18.049367850692356
08401242,08,40,12,42,6865,2059,5971,4806,1165,894,100.0,29.992716678805536,86.97742170429717,70.00728332119446,16.970138383102697,13.022578295702841
08401243,08,40,12,43,10056,3427,8395,6629,1766,1661,100.0,34.07915672235482,83.48249801113764,65.92084327764519,17.561654733492443,16.51750198886237
08401244,08,40,12,44,7269,2069,6547,5200,1347,722,100.0,28.46333746044848,90.06740954739304,71.53666253955151,18.53074700784152,9.932590452606961
08401245,08,40,12,45,3727,1244,3284,2483,801,443,100.0,33.37805205258921,88.11376442178695,66.62194794741079,21.491816474376176,11.886235578213041
08401246,08,40,12,46,7924,2361,6911,5563,1348,1013,100.0,29.795557799091366,87.21605249873801,70.20444220090863,17.011610297829378,12.783947501261988
09100101,09,10,01,01,13410,4886,10401,8524,1877,3009,100.0,36.43549589858315,77.56152125279641,63.56450410141685,13.997017151379568,22.43847874720358
09100202,09,10,02,02,4305,977,3729,3328,401,576,100.0,22.694541231126596,86.62020905923345,77.30545876887341,9.314750290360047,13.37979094076655
09100203,09,10,02,03,7130,1877,5777,5253,524,1353,100.0,26.325385694249647,81.02384291725106,73.67461430575035,7.349228611500701,18.976157082748948
09100304,09,10,03,04,11871,2725,10161,9146,1015,1710,100.0,22.955100665487322,85.59514783927217,77.04489933451268,8.550248504759498,14.404852160727824
09100305,09,10,03,05,4285,1196,3521,3089,432,764,100.0,27.911318553092183,82.17036172695448,72.08868144690783,10.081680280046674,17.829638273045507
09100306,09,10,03,06,3102,1047,2497,2055,442,605,100.0,33.75241779497099,80.49645390070921,66.247582205029,14.248871695680206,19.50354609929078
09100407,09,10,04,07,8561,1561,7569,7000,569,992,100.0,18.233851185609158,88.41256862516062,81.76614881439083,6.64641981076977,11.587431374839388
09100408,09,10,04,08,8548,1999,7227,6549,678,1321,100.0,23.385587271876464,84.54609265325223,76.61441272812354,7.931679925128685,15.453907346747778
09100409,09,10,04,09,4012,1137,3466,2875,591,546,100.0,28.33998005982054,86.39082751744766,71.66001994017947,14.730807577268196,13.609172482552342
09200510,09,20,05,10,8014,3277,5426,4737,689,2588,100.0,40.890940853506365,67.7065136011979,59.109059146493635,8.597454454704268,32.293486398802095
09200511,09,20,05,11,13336,4149,10336,9187,1149,3000,100.0,31.11127774445111,77.50449910017997,68.8887222555489,8.615776844631073,22.495500899820037
09200512,09,20,05,12,3995,1325,2987,2670,317,1008,100.0,33.166458072590736,74.76846057571966,66.83354192740926,7.934918648310388,25.231539424280353
09200613,09,20,06,13,10734,4329,7330,6405,925,3404,100.0,40.32979318054779,68.28768399478294,59.67020681945221,8.617477175330725,31.71231600521707
09200614,09,20,06,14,3840,685,3332,3155,177,508,100.0,17.838541666666664,86.77083333333333,82.16145833333334,4.609375,13.229166666666666
09200715,09,20,07,15,4297,2138,2715,2159,556,1582,100.0,49.755643472189895,63.18361647661159,50.2443565278101,12.93925994880149,36.81638352338841
09200716,09,20,07,16,8187,2573,6159,5614,545,2028,100.0,31.427873457921095,75.22902161964089,68.5721265420789,6.656895077561989,24.770978380359107
09200717,09,20,07,17,9702,2487,7810,7215,595,1892,100.0,25.633889919604208,80.49886621315193,74.3661100803958,6.132756132756133,19.501133786848072
09200818,09,20,08,18,4106,1043,3306,3063,243,800,100.0,25.40185094982952,80.51631758402338,74.59814905017048,5.918168533852898,19.48368241597662
09200819,09,20,08,19,8677,2577,6723,6100,623,1954,100.0,29.69920479428374,77.48069609311973,70.30079520571626,7.17990088740348,22.519303906880257
09300920,09,30,09,20,13183,3082,11541,10101,1440,1642,100.0,23.37859364332853,87.54456497003716,76.62140635667147,10.923158613365699,12.45543502996283
09300921,09,30,09,21,2746,458,2515,2288,227,231,100.0,16.678805535324106,91.58776402039331,83.3211944646759,8.266569555717407,8.4122359796067
09300922,09,30,09,22,5970,1524,4955,4446,509,1015,100.0,25.52763819095477,82.99832495812394,74.47236180904522,8.525963149078727,17.001675041876048
09300923,09,30,09,23,8820,2728,7115,6092,1023,1705,100.0,30.9297052154195,80.66893424036282,69.0702947845805,11.598639455782314,19.33106575963719
09301024,09,30,10,24,3711,1053,3061,2658,403,650,100.0,28.37510105092967,82.4845055241175,71.62489894907034,10.859606575047156,17.515494475882512
09301025,09,30,10,25,11975,2763,10087,9212,875,1888,100.0,23.073068893528184,84.23382045929019,76.92693110647181,7.306889352818372,15.766179540709812
09301126,09,30,11,26,8273,1719,7129,6554,575,1144,100.0,20.77843587574036,86.17188444336999,79.22156412425963,6.950320319110359,13.828115556630003
09301227,09,30,12,27,1886,229,1783,1657,126,103,100.0,12.142099681866384,94.53870625662778,87.85790031813362,6.680805938494168,5.461293743372217
09301228,09,30,12,28,2614,347,2432,2267,165,182,100.0,13.274674827850038,93.03749043611323,86.72532517214997,6.312165263963275,6.962509563886764
09401329,09,40,13,29,10753,1290,9910,9463,447,843,100.0,11.996652097089184,92.16032735050683,88.00334790291082,4.15697944759602,7.839672649493165
09401330,09,40,13,30,1867,252,1734,1615,119,133,100.0,13.497589716122121,92.87627209426888,86.50241028387788,6.373861810391002,7.12372790573112
09401431,09,40,14,31,5868,1105,5032,4763,269,836,100.0,18.830947511929107,85.75323790047716,81.16905248807089,4.5841854124062715,14.246762099522837
09401432,09,40,14,32,1566,306,1373,1260,113,193,100.0,19.54022988505747,87.67560664112388,80.45977011494253,7.215836526181353,12.324393358876119
09401433,09,40,14,33,4563,978,3830,3585,245,733,100.0,21.43326758711374,83.93600701293009,78.56673241288627,5.3692746000438305,16.063992987069913
09401534,09,40,15,34,7582,2041,6124,5541,583,1458,100.0,26.91901872856766,80.77024531785808,73.08098127143235,7.689264046425745,19.229754682141913
09401635,09,40,16,35,7081,771,6680,6310,370,401,100.0,10.888292614037564,94.33695805677165,89.11170738596243,5.225250670809207,5.663041943228357
09501736,09,50,17,36,4660,610,4238,4050,188,422,100.0,13.090128755364807,90.94420600858369,86.9098712446352,4.034334763948498,9.05579399141631
09501737,09,50,17,37,14437,1540,13552,12897,655,885,100.0,10.667036087829882,93.86991757290296,89.33296391217011,4.536953660732839,6.130082427097042
09501838,09,50,18,38,10723,1620,9699,9103,596,1024,100.0,15.107712393919611,90.4504336473002,84.89228760608039,5.558146041219808,9.549566352699804
09501939,09,50,19,39,6796,1698,5569,5098,471,1227,100.0,24.98528546203649,81.94526191877574,75.01471453796351,6.930547380812242,18.05473808122425
09501940,09,50,19,40,2708,593,2264,2115,149,444,100.0,21.89807976366322,83.60413589364845,78.10192023633678,5.502215657311669,16.395864106351553
09501941,09,50,19,41,2843,539,2478,2304,174,365,100.0,18.9588462891312,87.16144917340837,81.0411537108688,6.120295462539572,12.83855082659163
09502042,09,50,20,42,4242,682,3775,3560,215,467,100.0,16.077322017916078,88.991041961339,83.92267798208393,5.068363979255068,11.008958038661008
09502043,09,50,20,43,9102,1065,8447,8037,410,655,100.0,11.700725115359262,92.80377938914525,88.29927488464074,4.504504504504505,7.196220610854757
10100101,10,10,01,01,5830,1974,4550,3856,694,1280,100.0,33.85934819897084,78.04459691252144,66.14065180102916,11.90394511149228,21.955403087478558
10100102,10,10,01,02,3682,1332,2711,2350,361,971,100.0,36.17599130907116,73.62846279196089,63.82400869092885,9.804454101032048,26.371537208039108
10100103,10,10,01,03,7843,2333,6381,5510,871,1462,100.0,29.746270559734793,81.35917378554124,70.2537294402652,11.105444345276043,18.64082621445875
10100104,10,10,01,04,7563,2401,6376,5162,1214,1187,100.0,31.746661377760148,84.30516990612192,68.25333862223985,16.051831283882056,15.69483009387809
10100205,10,10,02,05,1289,901,434,388,46,855,100.0,69.89914662529092,33.66951124903025,30.100853374709075,3.5686578743211794,66.33048875096974
10100206,10,10,02,06,11457,3532,9290,7925,1365,2167,100.0,30.82831456751331,81.08579907480143,69.17168543248668,11.914113642314742,18.914200925198568
10100207,10,10,02,07,8305,1749,7149,6556,593,1156,100.0,21.059602649006624,86.08067429259482,78.94039735099338,7.140276941601445,13.919325707405179
10100208,10,10,02,08,9897,3051,7942,6846,1096,1955,100.0,30.827523491967263,80.24653935536021,69.17247650803273,11.074062847327474,19.75346064463979
10100209,10,10,02,09,9600,3554,7067,6046,1021,2533,100.0,37.02083333333333,73.61458333333334,62.979166666666664,10.635416666666666,26.385416666666668
10100210,10,10,02,10,10862,3357,8946,7505,1441,1916,100.0,30.90591051371755,82.36052292395507,69.09408948628246,13.266433437672621,17.639477076044926
10100311,10,10,03,11,2253,804,1732,1449,283,521,100.0,35.685752330226364,76.87527740790058,64.31424766977364,12.561029738126942,23.124722592099424
10100312,10,10,03,12,15887,5411,12505,10476,2029,3382,100.0,34.05929376219551,78.71215459180462,65.94070623780449,12.771448354000125,21.28784540819538
10100313,10,10,03,13,5033,1870,3722,3163,559,1311,100.0,37.154778462149814,73.95191734551958,62.84522153785019,11.106695807669382,26.04808265448043
10100314,10,10,03,14,6418,1534,5545,4884,661,873,100.0,23.90152695543783,86.39763166095356,76.09847304456217,10.299158616391399,13.60236833904643
10100315,10,10,03,15,8182,2856,6469,5326,1143,1713,100.0,34.90589098020044,79.06379858225372,65.09410901979956,13.969689562454167,20.936201417746272
10100316,10,10,03,16,3713,641,3420,3072,348,293,100.0,17.263668192835983,92.10880689469431,82.73633180716402,9.3724750875303,7.891193105305683
10200417,10,20,04,17,8045,3413,5715,4632,1083,2330,100.0,42.42386575512741,71.03791174642635,57.57613424487259,13.46177750155376,28.962088253573647
10200418,10,20,04,18,7244,2092,5646,5152,494,1598,100.0,28.879072335726118,77.94036443953617,71.12092766427388,6.819436775262286,22.059635560463832
10200419,10,20,04,19,4360,2015,2866,2345,521,1494,100.0,46.215596330275226,65.73394495412845,53.78440366972477,11.94954128440367,34.26605504587156
10200420,10,20,04,20,8802,3583,5848,5219,629,2954,100.0,40.70665757782322,66.43944558054987,59.29334242217678,7.146103158373098,33.56055441945012
10200421,10,20,04,21,1753,885,1215,868,347,538,100.0,50.48488305761551,69.3097547062179,49.51511694238449,19.79463776383343,30.690245293782088
10200422,10,20,04,22,7303,3485,4394,3818,576,2909,100.0,47.72011502122415,60.16705463508147,52.27988497877585,7.887169656305628,39.83294536491853
10200423,10,20,04,23,6186,2508,4320,3678,642,1866,100.0,40.543161978661495,69.83511154219205,59.45683802133851,10.37827352085354,30.164888457807955
10200524,10,20,05,24,11599,3516,8925,8083,842,2674,100.0,30.312958013621866,76.94628847314424,69.68704198637813,7.2592464867661,23.053711526855764
10200525,10,20,05,25,5428,1826,4018,3602,416,1410,100.0,33.64038319823139,74.02358142962417,66.35961680176861,7.663964627855564,25.97641857037583
10200526,10,20,05,26,6228,2471,4360,3757,603,1868,100.0,39.67565831727681,70.00642260757868,60.32434168272318,9.68208092485549,29.993577392421322
10200627,10,20,06,27,3670,992,3009,2678,331,661,100.0,27.029972752043598,81.98910081743868,72.97002724795641,9.01907356948229,18.010899182561307
10200628,10,20,06,28,6565,2068,5038,4497,541,1527,100.0,31.5003808073115,76.74028941355674,68.4996191926885,8.24067022086824,23.259710586443262
10200629,10,20,06,29,9138,1960,7908,7178,730,1230,100.0,21.448894725322827,86.53972422849638,78.55110527467717,7.988618953819217,13.46027577150361
10200630,10,20,06,30,6592,1186,5891,5406,485,701,100.0,17.99150485436893,89.36589805825243,82.00849514563106,7.357402912621359,10.634101941747574
10300731,10,30,07,31,7819,1611,6773,6208,565,1046,100.0,20.603657756746387,86.62233022125592,79.39634224325361,7.225987978002301,13.377669778744087
10300732,10,30,07,32,7215,1882,6035,5333,702,1180,100.0,26.084546084546083,83.64518364518364,73.91545391545391,9.72972972972973,16.354816354816354
10300733,10,30,07,33,5314,1677,4176,3637,539,1138,100.0,31.55814828754234,78.58487015430937,68.44185171245766,10.143018441851712,21.41512984569063
10300734,10,30,07,34,10626,1604,9858,9022,836,768,100.0,15.095049877658573,92.772444946358,84.90495012234143,7.867494824016563,7.22755505364201
10400835,10,40,08,35,7921,906,7455,7015,440,466,100.0,11.437949753818963,94.11690443125867,88.56205024618103,5.554854185077642,5.883095568741321
10400836,10,40,08,36,3999,557,3649,3442,207,350,100.0,13.928482120530134,91.24781195298824,86.07151787946987,5.176294073518379,8.752188047011753
10400837,10,40,08,37,7919,743,7586,7176,410,333,100.0,9.382497790125017,95.79492360146483,90.61750220987498,5.1774213915898475,4.2050763985351685
10400938,10,40,09,38,10244,1103,9679,9141,538,565,100.0,10.767278406872316,94.48457633736822,89.23272159312768,5.251854744240531,5.515423662631784
10400939,10,40,09,39,4493,641,4141,3852,289,352,100.0,14.266636990874693,92.16559091920765,85.73336300912531,6.43222791008235,7.834409080792344
10400940,10,40,09,40,5910,515,5647,5395,252,263,100.0,8.714043993231812,95.54991539763114,91.28595600676819,4.263959390862944,4.450084602368866
10400941,10,40,09,41,9761,952,9327,8809,518,434,100.0,9.753099067718471,95.55373424854011,90.24690093228152,5.30683331625858,4.446265751459891
11100101,11,10,01,01,3341,385,3131,2956,175,210,100.0,11.523495959293625,93.7144567494762,88.47650404070637,5.237952708769829,6.285543250523795
11100102,11,10,01,02,3079,1303,2088,1776,312,991,100.0,42.318934719064636,67.81422539785645,57.68106528093537,10.133160116921077,32.18577460214355
11100203,11,10,02,03,9260,3543,6875,5717,1158,2385,100.0,38.26133909287257,74.24406047516199,61.73866090712743,12.505399568034555,25.755939524838013
11100204,11,10,02,04,7417,2889,5451,4528,923,1966,100.0,38.95105837939868,73.49332614264527,61.04894162060132,12.444384522043952,26.506673857354723
11100205,11,10,02,05,6294,2305,4619,3989,630,1675,100.0,36.622179853829046,73.38735303463616,63.37782014617096,10.009532888465204,26.61264696536384
11100206,11,10,02,06,7709,2736,5638,4973,665,2071,100.0,35.490984563497214,73.13529640679725,64.50901543650279,8.626280970294461,26.864703593202748
11100307,11,10,03,07,11785,4106,9204,7679,1525,2581,100.0,34.840899448451424,78.09927874416631,65.15910055154858,12.940178192617735,21.900721255833684
11100308,11,10,03,08,9818,3453,7442,6365,1077,2376,100.0,35.17009574251375,75.79955184355266,64.82990425748625,10.969647586066408,24.20044815644734
11100309,11,10,03,09,6634,2122,5059,4512,547,1575,100.0,31.986735001507387,76.25866747060597,68.01326499849262,8.245402472113355,23.74133252939403
11200410,11,20,04,10,10401,3715,7593,6686,907,2808,100.0,35.71771945005288,73.00259590423998,64.28228054994712,8.720315354292858,26.997404095760025
11200411,11,20,04,11,6977,2024,5600,4953,647,1377,100.0,29.00960298122402,80.26372366346567,70.99039701877598,9.273326644689694,19.736276336534328
11200512,11,20,05,12,3965,943,3246,3022,224,719,100.0,23.78310214375788,81.86633039092055,76.21689785624211,5.649432534678437,18.133669609079444
11200513,11,20,05,13,10323,3298,7826,7025,801,2497,100.0,31.948077109367436,75.81129516613387,68.05192289063257,7.759372275501308,24.188704833866122
11200514,11,20,05,14,15796,5468,12151,10328,1823,3645,100.0,34.61635857179033,76.9245378576855,65.38364142820967,11.540896429475817,23.07546214231451
11200515,11,20,05,15,4436,1295,3622,3141,481,814,100.0,29.192966636609558,81.65013525698828,70.80703336339043,10.843101893597835,18.34986474301172
11300616,11,30,06,16,6046,2420,4544,3626,918,1502,100.0,40.026463777704265,75.15712868011909,59.973536222295735,15.183592457823355,24.842871319880913
11300617,11,30,06,17,4423,1441,3537,2982,555,886,100.0,32.57969703820936,79.96834727560478,67.42030296179064,12.548044313814152,20.031652724395208
11300618,11,30,06,18,3789,1357,2822,2432,390,967,100.0,35.81419899709686,74.47875428873053,64.18580100290315,10.292953285827396,25.521245711269465
11300619,11,30,06,19,8980,3646,6280,5334,946,2700,100.0,40.60133630289533,69.93318485523386,59.39866369710468,10.534521158129175,30.066815144766146
11300620,11,30,06,20,11292,4376,8408,6916,1492,2884,100.0,38.753099539496986,74.45979454481049,61.24690046050301,13.212894084307475,25.540205455189515
11300721,11,30,07,21,6642,4628,2475,2014,461,4167,100.0,69.67780788919,37.262872628726285,30.322192110809997,6.940680517916291,62.737127371273715
11300722,11,30,07,22,10258,3160,8362,7098,1264,1896,100.0,30.805225190095538,81.51686488594268,69.19477480990447,12.322090076038213,18.483135114057323
11300723,11,30,07,23,2827,2021,1028,806,222,1799,100.0,71.48921117792713,36.36363636363637,28.51078882207287,7.852847541563494,63.63636363636363
11300724,11,30,07,24,4276,1404,3297,2872,425,979,100.0,32.834424695977546,77.10477081384471,67.16557530402245,9.939195509822264,22.895229186155287
11300725,11,30,07,25,10081,2755,8158,7326,832,1923,100.0,27.328638031941278,80.9245114571967,72.67136196805872,8.253149489137982,19.075488542803292
11300826,11,30,08,26,10417,4482,7426,5935,1491,2991,100.0,43.025823173658445,71.28731880579822,56.97417682634156,14.313141979456656,28.712681194201785
11400927,11,40,09,27,4255,1192,3490,3063,427,765,100.0,28.014101057579317,82.02115158636897,71.98589894242068,10.035252643948295,17.97884841363102
11400928,11,40,09,28,2728,1117,1879,1611,268,849,100.0,40.94574780058651,68.87829912023462,59.05425219941349,9.824046920821115,31.121700879765395
11400929,11,40,09,29,16689,5402,12662,11287,1375,4027,100.0,32.36862604110492,75.87033375277129,67.63137395889508,8.238959793876207,24.129666247228716
11400930,11,40,09,30,4767,1038,4093,3729,364,674,100.0,21.774701069855254,85.86112859240612,78.22529893014475,7.63582966226138,14.138871407593875
11400931,11,40,09,31,7053,2205,5557,4848,709,1496,100.0,31.263292216078263,78.78916773004396,68.73670778392173,10.052459946122218,21.210832269956047
11401032,11,40,10,32,6262,2535,4398,3727,671,1864,100.0,40.482274033855,70.2331523474928,59.517725966144994,10.715426381347811,29.766847652507185
11401033,11,40,10,33,6816,2915,4924,3901,1023,1892,100.0,42.76701877934273,72.24178403755869,57.23298122065727,15.00880281690141,27.758215962441312
11401034,11,40,10,34,3387,1291,2451,2096,355,936,100.0,38.11632713315618,72.36492471213464,61.88367286684382,10.481251845290817,27.63507528786537
11401135,11,40,11,35,11045,4092,8346,6953,1393,2699,100.0,37.04843820733363,75.5636034404708,62.95156179266637,12.612041647804437,24.4363965595292
11401136,11,40,11,36,8290,2425,6428,5865,563,1862,100.0,29.252110977080818,77.53920386007238,70.74788902291917,6.791314837153196,22.460796139927623
11401137,11,40,11,37,8702,3315,6533,5387,1146,2169,100.0,38.09469087566077,75.07469547230522,61.90530912433923,13.169386347965986,24.925304527694784
11501238,11,50,12,38,4673,1409,3785,3264,521,888,100.0,30.151936657393534,80.99721806120266,69.84806334260647,11.149154718596192,19.002781938797348
11501339,11,50,13,39,10538,2899,8460,7639,821,2078,100.0,27.509963940026573,80.28088821408237,72.49003605997343,7.790852154108939,19.719111785917633
11501340,11,50,13,40,11169,2166,9768,9003,765,1401,100.0,19.392962664517864,87.45635240397529,80.60703733548213,6.8493150684931505,12.543647596024712
11501341,11,50,13,41,9241,2743,7279,6498,781,1962,100.0,29.68293474732172,78.76853154420517,70.31706525267828,8.451466291526891,21.23146845579483
12100101,12,10,01,01,11075,6503,7059,4572,2487,4016,100.0,58.7178329571106,63.73814898419865,41.28216704288939,22.455981941309254,36.261851015801355
12100102,12,10,01,02,9997,5406,6539,4591,1948,3458,100.0,54.07622286686006,65.40962288686606,45.92377713313994,19.485845753726117,34.59037711313394
12100103,12,10,01,03,7618,3653,5486,3965,1521,2132,100.0,47.95221843003413,72.01365187713311,52.04778156996587,19.965870307167236,27.986348122866893
12100204,12,10,02,04,9176,4905,6158,4271,1887,3018,100.0,53.45466434176112,67.10985178727114,46.54533565823888,20.56451612903226,32.89014821272886
12100205,12,10,02,05,13853,6904,9726,6949,2777,4127,100.0,49.837580307514614,70.20861907168123,50.162419692485386,20.04619937919584,29.791380928318777
12100206,12,10,02,06,4721,1842,3686,2879,807,1035,100.0,39.017157381910614,78.07667866977336,60.982842618089386,17.093836051683965,21.923321330226646
12200307,12,20,03,07,2802,1295,1972,1507,465,830,100.0,46.21698786581013,70.37830121341898,53.78301213418987,16.595289079229122,29.621698786581014
12200308,12,20,03,08,5793,2775,4242,3018,1224,1551,100.0,47.902641118591404,73.22630761263595,52.097358881408596,21.128948731227343,26.77369238736406
12200309,12,20,03,09,11167,6506,6911,4661,2250,4256,100.0,58.26094743440494,61.88770484463151,41.73905256559506,20.148652279036448,38.1122951553685
12200310,12,20,03,10,8133,5007,5098,3126,1972,3035,100.0,61.563998524529694,62.68289684003443,38.436001475470306,24.24689536456412,37.31710315996557
12200411,12,20,04,11,317,216,182,101,81,135,100.0,68.13880126182966,57.413249211356465,31.861198738170348,25.55205047318612,42.586750788643535
12200412,12,20,04,12,6465,2493,5078,3972,1106,1387,100.0,38.561484918793504,78.54601701469451,61.4385150812065,17.107501933488013,21.45398298530549
12200413,12,20,04,13,8096,3628,6048,4468,1580,2048,100.0,44.81225296442688,74.70355731225297,55.18774703557312,19.515810276679844,25.296442687747035
12200414,12,20,04,14,1772,766,1201,1006,195,571,100.0,43.22799097065463,67.7765237020316,56.77200902934537,11.00451467268623,32.223476297968396
12200515,12,20,05,15,11035,3087,9184,7948,1236,1851,100.0,27.974626189397373,83.22609877661985,72.02537381060263,11.20072496601722,16.773901223380154
12400616,12,40,06,16,6167,1165,5561,5002,559,606,100.0,18.8908707637425,90.17350413491162,81.1091292362575,9.064374898654126,9.826495865088374
12400617,12,40,06,17,6798,1044,6370,5754,616,428,100.0,15.35745807590468,93.70403059723448,84.64254192409533,9.06148867313916,6.295969402765519
12400618,12,40,06,18,3791,714,3475,3077,398,316,100.0,18.83408071748879,91.66446847797415,81.16591928251121,10.498549195462939,8.33553152202585
12400619,12,40,06,19,7777,1282,7155,6495,660,622,100.0,16.484505593416486,92.002057348592,83.51549440658351,8.486562942008486,7.997942651407998
12400720,12,40,07,20,8434,1260,7908,7174,734,526,100.0,14.939530471899454,93.76333886649276,85.06046952810054,8.702869338392222,6.236661133507233
12400721,12,40,07,21,7965,1295,7330,6670,660,635,100.0,16.258631512868803,92.02762084118015,83.7413684871312,8.286252354048965,7.9723791588198365
12400722,12,40,07,22,8464,1405,7769,7059,710,695,100.0,16.599716446124763,91.78875236294896,83.40028355387523,8.388468809073723,8.21124763705104
12400723,12,40,07,23,8147,1512,7394,6635,759,753,100.0,18.55897876518964,90.75733398797104,81.44102123481036,9.316312753160673,9.242666012028968
12500824,12,50,08,24,9726,1884,8739,7842,897,987,100.0,19.370758790869832,89.85194324491054,80.62924120913017,9.222702035780381,10.148056755089451
12500825,12,50,08,25,6879,2286,5328,4593,735,1551,100.0,33.231574356737895,77.45311818578283,66.76842564326209,10.684692542520716,22.546881814217183
12500926,12,50,09,26,5171,1677,4186,3494,692,985,100.0,32.43086443627925,80.9514600657513,67.56913556372075,13.382324502030555,19.048539934248694
12500927,12,50,09,27,6875,2052,5831,4823,1008,1044,100.0,29.847272727272728,84.81454545454545,70.15272727272728,14.661818181818182,15.185454545454547
12500928,12,50,09,28,5148,1151,4572,3997,575,576,100.0,22.35819735819736,88.81118881118881,77.64180264180264,11.16938616938617,11.188811188811188
12500929,12,50,09,29,5068,975,4687,4093,594,381,100.0,19.238358326756117,92.48224151539068,80.76164167324387,11.720599842146804,7.517758484609313
12500930,12,50,09,30,9779,3591,7581,6188,1393,2198,100.0,36.721546170365066,77.52326413743737,63.27845382963493,14.244810307802434,22.476735862562634
12601031,12,60,10,31,3301,1111,2765,2190,575,536,100.0,33.656467737049375,83.7624962132687,66.34353226295062,17.418963950318087,16.237503786731295
12601032,12,60,10,32,6115,3426,3961,2689,1272,2154,100.0,56.026165167620604,64.77514309076042,43.973834832379396,20.80130825838103,35.22485690923958
12601133,12,60,11,33,11441,6170,8292,5271,3021,3149,100.0,53.928852373044315,72.4761821519098,46.071147626955685,26.405034524954115,27.523817848090204
12601134,12,60,11,34,15947,7993,11698,7954,3744,4249,100.0,50.12228005267448,73.35549006082648,49.87771994732552,23.477770113500974,26.64450993917351
12601235,12,60,12,35,10625,6346,7293,4279,3014,3332,100.0,59.72705882352941,68.64,40.27294117647059,28.367058823529412,31.36
12601236,12,60,12,36,3154,1453,2510,1701,809,644,100.0,46.06848446417248,79.58148383005708,53.93151553582752,25.64996829422955,20.41851616994293
