id,district_id,forecast_area_id,district_region_id,planning_area_id,inhabitants,inhabitants_with_migration_background,inhabitants_germans,inhabitants_germans_without_migration_background,inhabitants_germans_with_migration_background,inhabitants_foreigners,inhabitants_percentage,inhabitants_with_migration_background_percentage,inhabitants_germans_percentage,inhabitants_germans_without_migration_background_percentage,inhabitants_germans_with_migration_background_percentage,inhabitants_foreigners_percentage
01100101,01,10,01,01,3503,2223,1994,1280,714,1509,100.0,63.45989152155296,56.922637739080784,36.540108478447046,20.382529260633742,43.07736226091921
01100102,01,10,01,02,1996,1392,931,604,327,1065,100.0,69.73947895791584,46.64328657314629,30.26052104208417,16.382765531062123,53.35671342685371
01100103,01,10,01,03,5537,3352,3443,2185,1258,2094,100.0,60.53819757991692,62.18168683402564,39.461802420083075,22.719884413942566,37.81831316597435
01100104,01,10,01,04,4850,3215,2876,1635,1241,1974,100.0,66.28865979381443,59.29896907216495,33.71134020618557,25.587628865979383,40.70103092783505
01100205,01,10,02,05,2981,2010,1429,971,458,1552,100.0,67.4270379067427,47.93693391479369,32.572962093257296,15.3639718215364,52.06306608520631
01100206,01,10,02,06,1893,1049,1170,844,326,723,100.0,55.41468568409932,61.806656101426306,44.58531431590069,17.22134178552562,38.193343898573694
01100207,01,10,02,07,8814,4908,5497,3906,1591,3317,100.0,55.684138869979584,62.3666893578398,44.31586113002042,18.05082822781938,37.6333106421602
01100308,01,10,03,08,7371,3510,4851,3861,990,2520,100.0,47.61904761904761,65.8119658119658,52.38095238095239,13.431013431013431,34.18803418803419
01100309,01,10,03,09,12518,5335,8997,7183,1814,3521,100.0,42.618629173989454,71.87250359482346,57.381370826010546,14.491132768812909,28.127496405176544
01100310,01,10,03,10,10276,5368,6382,4908,1474,3894,100.0,52.23822499026859,62.1058777734527,47.76177500973141,14.344102763721292,37.894122226547296
01100311,01,10,03,11,9437,4671,6386,4766,1620,3051,100.0,49.49666207481191,67.66981032107662,50.503337925188085,17.166472395888523,32.33018967892339
01100312,01,10,03,12,10136,4940,6826,5196,1630,3310,100.0,48.737174427782165,67.34411996842937,51.26282557221784,16.081294396211522,32.65588003157064
01100313,01,10,03,13,11016,5312,7383,5704,1679,3633,100.0,48.22076978939724,67.020697167756,51.779230210602755,15.241466957153232,32.97930283224401
01100414,01,10,04,14,5560,3203,3132,2357,775,2428,100.0,57.60791366906475,56.330935251798564,42.39208633093525,13.93884892086331,43.66906474820144
01100415,01,10,04,15,12997,5531,9273,7466,1807,3724,100.0,42.55597445564361,71.34723397707164,57.44402554435639,13.903208432715243,28.65276602292837
01100416,01,10,04,16,13400,5656,9626,7744,1882,3774,100.0,42.208955223880594,71.83582089552239,57.791044776119406,14.044776119402986,28.16417910447761
01200517,01,20,05,17,3771,2237,2195,1534,661,1576,100.0,59.32113497745956,58.20737204985414,40.67886502254044,17.52850702731371,41.79262795014585
01200518,01,20,05,18,6935,4437,3870,2498,1372,3065,100.0,63.979812545061286,55.803893294881036,36.02018745493872,19.78370583994232,44.19610670511896
01200519,01,20,05,19,9200,5095,5710,4105,1605,3490,100.0,55.3804347826087,62.06521739130435,44.619565217391305,17.445652173913043,37.93478260869565
01200520,01,20,05,20,9552,4698,6647,4854,1793,2905,100.0,49.18341708542713,69.58752093802345,50.81658291457286,18.770938023450586,30.412479061976548
01200521,01,20,05,21,5239,3176,3220,2063,1157,2019,100.0,60.62225615575492,61.46211108990265,39.37774384424508,22.084367245657567,38.537888910097344
01200522,01,20,05,22,11575,4370,9009,7205,1804,2566,100.0,37.75377969762419,77.83153347732181,62.24622030237581,15.585313174946005,22.168466522678184
01200623,01,20,06,23,10922,5710,7389,5212,2177,3533,100.0,52.27980223402307,67.6524446072148,47.72019776597693,19.93224684123787,32.3475553927852
01200624,01,20,06,24,6396,4526,3190,1870,1320,3206,100.0,70.76297686053785,49.87492182614134,29.237023139462163,20.637898686679172,50.12507817385866
01200625,01,20,06,25,6927,4189,4552,2738,1814,2375,100.0,60.47350945575285,65.71387324960301,39.52649054424715,26.187382705355855,34.286126750396996
01200626,01,20,06,26,5905,2612,4293,3293,1000,1612,100.0,44.23370025402201,72.70110076206605,55.76629974597799,16.93480101608806,27.298899237933956
01200627,01,20,06,27,3354,2236,2171,1118,1053,1183,100.0,66.66666666666666,64.72868217054264,33.33333333333333,31.3953488372093,35.27131782945737
01200628,01,20,06,28,3235,1455,2443,1780,663,792,100.0,44.97681607418856,75.5177743431221,55.02318392581144,20.494590417310665,24.482225656877898
01200629,01,20,06,29,5902,2866,3930,3036,894,1972,100.0,48.55981023381904,66.58759742460182,51.44018976618096,15.147407658420875,33.41240257539817
01300730,01,30,07,30,8042,5833,4203,2209,1994,3839,100.0,72.53170853021636,52.26311862720716,27.468291469783633,24.794827157423526,47.73688137279284
01300731,01,30,07,31,8694,5216,5292,3478,1814,3402,100.0,59.995399125833906,60.86956521739131,40.004600874166094,20.86496434322521,39.130434782608695
01300732,01,30,07,32,9845,6214,5893,3631,2262,3952,100.0,63.11833417978669,59.857795835449465,36.88166582021331,22.97613001523616,40.142204164550535
01300733,01,30,07,33,11638,7306,7119,4332,2787,4519,100.0,62.77710946898093,61.170304175975254,37.222890531019075,23.94741364495618,38.829695824024746
01300834,01,30,08,34,14372,9700,9898,4672,5226,4474,100.0,67.49234622877817,68.87002504870581,32.507653771221825,36.362371277483994,31.12997495129418
01300835,01,30,08,35,10764,6601,7252,4163,3089,3512,100.0,61.32478632478633,67.37272389446302,38.675213675213676,28.69751021924935,32.62727610553697
01300836,01,30,08,36,14964,9843,8827,5121,3706,6137,100.0,65.77786688051323,58.98823843892007,34.22213311948677,24.766105319433308,41.01176156107992
01400937,01,40,09,37,10840,5513,7403,5327,2076,3437,100.0,50.85793357933579,68.29335793357933,49.14206642066421,19.15129151291513,31.706642066420663
01400938,01,40,09,38,9690,5200,6333,4490,1843,3357,100.0,53.66357069143447,65.35603715170278,46.33642930856553,19.019607843137255,34.643962848297214
01400939,01,40,09,39,6011,3236,3727,2775,952,2284,100.0,53.83463649975045,62.00299451006488,46.16536350024954,15.83763100981534,37.99700548993512
01400940,01,40,09,40,6803,2636,5600,4167,1433,1203,100.0,38.747611347934736,82.31662501837424,61.25238865206527,21.06423636630898,17.683374981625754
01400941,01,40,09,41,3854,1829,2809,2025,784,1045,100.0,47.457187337830824,72.88531395952256,52.54281266216917,20.3425012973534,27.114686040477427
01400942,01,40,09,42,8739,4802,5444,3937,1507,3295,100.0,54.949078841972764,62.29545714612655,45.050921158027236,17.244535988099326,37.70454285387344
01401043,01,40,10,43,7746,5269,4486,2477,2009,3260,100.0,68.02220500903692,57.9137619416473,31.977794990963076,25.935966950684225,42.0862380583527
01401044,01,40,10,44,10137,6932,5637,3205,2432,4500,100.0,68.38315083357995,55.60816809707014,31.616849166420046,23.991318930650092,44.391831902929866
01401045,01,40,10,45,5593,4086,3076,1507,1569,2517,100.0,73.05560522081173,54.997318076166636,26.94439477918827,28.052923296978367,45.002681923833364
01401046,01,40,10,46,8867,4520,5957,4347,1610,2910,100.0,50.975527235818205,67.18168489906394,49.024472764181795,18.157212134882148,32.818315100936054
01401047,01,40,10,47,7860,5484,3894,2376,1518,3966,100.0,69.77099236641222,49.54198473282443,30.229007633587784,19.31297709923664,50.45801526717557
01401048,01,40,10,48,9445,5753,5698,3692,2006,3747,100.0,60.91053467443091,60.32821598729486,39.08946532556909,21.23875066172578,39.67178401270514
01401049,01,40,10,49,6729,4126,3925,2603,1322,2804,100.0,61.31668895824045,58.32961807103582,38.68331104175955,19.646307029276265,41.67038192896418
02100101,02,10,01,01,6381,4555,3698,1826,1872,2683,100.0,71.38379564331609,57.95329885597869,28.616204356683905,29.33709449929478,42.04670114402131
02100102,02,10,01,02,8705,6198,5562,2507,3055,3143,100.0,71.20045950603102,63.89431361286617,28.799540493968983,35.09477311889719,36.10568638713383
02100103,02,10,01,03,5406,3414,3689,1992,1697,1717,100.0,63.15205327413984,68.23899371069182,36.847946725860155,31.391046984831668,31.761006289308174
02100104,02,10,01,04,5667,3937,3529,1730,1799,2138,100.0,69.47238397741309,62.27280748191283,30.527616022586905,31.745191459325923,37.72719251808717
02100105,02,10,01,05,9492,6815,6131,2677,3454,3361,100.0,71.79730299199326,64.59123472397809,28.202697008006744,36.38853771597134,35.40876527602192
02100106,02,10,01,06,4990,3274,3335,1716,1619,1655,100.0,65.61122244488978,66.83366733466933,34.388777555110224,32.44488977955912,33.166332665330664
02200207,02,20,02,07,2446,1088,1753,1358,395,693,100.0,44.48078495502862,71.66802943581358,55.51921504497138,16.14881439084219,28.331970564186427
02200208,02,20,02,08,5889,2691,4170,3198,972,1719,100.0,45.6953642384106,70.80998471726949,54.3046357615894,16.505348955680084,29.190015282730513
02200209,02,20,02,09,10922,4589,8155,6333,1822,2767,100.0,42.01611426478667,74.66581212232192,57.983885735213335,16.68192638710859,25.334187877678083
02200210,02,20,02,10,12233,5497,8822,6736,2086,3411,100.0,44.93582931415025,72.11640644159242,55.06417068584975,17.052235755742664,27.883593558407586
02200211,02,20,02,11,14703,6310,10981,8393,2588,3722,100.0,42.91641161667687,74.6854383459158,57.08358838332314,17.60184996259267,25.3145616540842
02200212,02,20,02,12,8564,4353,6239,4211,2028,2325,100.0,50.82905184493227,72.8514712751051,49.17094815506772,23.680523120037368,27.14852872489491
02200213,02,20,02,13,10172,4713,7161,5459,1702,3011,100.0,46.33307117577664,70.39913488006292,53.66692882422336,16.732206055839562,29.60086511993708
02300314,02,30,03,14,7466,4563,4732,2903,1829,2734,100.0,61.11706402357353,63.38065898740959,38.88293597642647,24.497723010983126,36.61934101259041
02300315,02,30,03,15,8519,4908,5599,3611,1988,2920,100.0,57.612395821105764,65.7236764878507,42.387604178894236,23.336072308956453,34.27632351214932
02300316,02,30,03,16,4239,2121,2960,2118,842,1279,100.0,50.03538570417552,69.8277895730125,49.96461429582449,19.863175277188017,30.172210426987494
02300417,02,30,04,17,8180,4521,5403,3659,1744,2777,100.0,55.26894865525672,66.05134474327629,44.73105134474328,21.320293398533007,33.94865525672371
02300418,02,30,04,18,7746,3790,5366,3956,1410,2380,100.0,48.92847921507875,69.27446423960754,51.071520784921255,18.20294345468629,30.725535760392457
02300419,02,30,04,19,10675,5586,7072,5089,1983,3603,100.0,52.32786885245901,66.24824355971897,47.67213114754099,18.576112412177988,33.75175644028103
02400520,02,40,05,20,5815,2211,4468,3604,864,1347,100.0,38.022355975924334,76.83576956147894,61.97764402407566,14.858125537403266,23.164230438521066
02400521,02,40,05,21,8083,3017,6182,5066,1116,1901,100.0,37.32525052579488,76.48150439193368,62.67474947420513,13.806754917728567,23.51849560806631
02400522,02,40,05,22,11343,3643,9030,7700,1330,2313,100.0,32.116723970730845,79.60856916159746,67.88327602926915,11.725293132328309,20.39143083840254
02400623,02,40,06,23,13541,6679,9144,6862,2282,4397,100.0,49.32427442581789,67.5282475444945,50.67572557418212,16.852521970312385,32.4717524555055
02400624,02,40,06,24,11885,4544,8520,7341,1179,3365,100.0,38.23306689103912,71.68700042069835,61.76693310896088,9.920067311737485,28.31299957930164
02400625,02,40,06,25,1086,745,443,341,102,643,100.0,68.60036832412523,40.79189686924494,31.39963167587477,9.392265193370166,59.20810313075506
02500726,02,50,07,26,9285,3595,6751,5690,1061,2534,100.0,38.71836295099623,72.70866989768444,61.28163704900377,11.427032848680668,27.291330102315563
02500727,02,50,07,27,6642,2542,4884,4100,784,1758,100.0,38.2716049382716,73.53206865401988,61.72839506172839,11.80367359229148,26.467931345980126
02500728,02,50,07,28,10103,3552,7602,6551,1051,2501,100.0,35.15787389884193,75.2449767395823,64.84212610115807,10.40285063842423,24.755023260417698
02500729,02,50,07,29,5489,1992,4195,3497,698,1294,100.0,36.290763344871564,76.42557842958645,63.70923665512844,12.716341774458007,23.574421570413552
02500830,02,50,08,30,4032,1723,2807,2309,498,1225,100.0,42.73313492063492,69.61805555555556,57.26686507936508,12.351190476190476,30.381944444444443
02500831,02,50,08,31,7981,3260,5659,4721,938,2322,100.0,40.8470116526751,70.90590151610074,59.1529883473249,11.752913168775843,29.094098483899263
02500832,02,50,08,32,9351,4164,6384,5187,1197,2967,100.0,44.52999679178697,68.2707731793391,55.47000320821303,12.800769971126083,31.729226820660895
02500833,02,50,08,33,10283,4103,7209,6180,1029,3074,100.0,39.900807157444326,70.10600019449576,60.099192842555674,10.006807351940095,29.89399980550423
02500834,02,50,08,34,11506,4265,8568,7241,1327,2938,100.0,37.067616895532765,74.4654962628194,62.932383104467235,11.533113158352164,25.534503737180604
02500835,02,50,08,35,8044,3401,5575,4643,932,2469,100.0,42.27996021879662,69.3063152660368,57.72003978120338,11.586275484833417,30.6936847339632
02500836,02,50,08,36,4987,1262,4358,3725,633,629,100.0,25.305795067174653,87.38720673751754,74.69420493282534,12.6930018046922,12.612793262482455
03100101,03,10,01,01,4668,868,4112,3800,312,556,100.0,18.594687232219364,88.08911739502999,81.40531276778063,6.683804627249357,11.91088260497001
03100102,03,10,01,02,3298,1008,2533,2290,243,765,100.0,30.563978168587024,76.80412371134021,69.43602183141297,7.368101879927229,23.195876288659793
03100103,03,10,01,03,9312,2199,7595,7113,482,1717,100.0,23.614690721649485,81.56142611683849,76.3853092783505,5.176116838487973,18.438573883161514
03200204,03,20,02,04,2056,154,1991,1902,89,65,100.0,7.490272373540856,96.8385214007782,92.50972762645915,4.328793774319066,3.1614785992217898
03200205,03,20,02,05,8809,1588,7891,7221,670,918,100.0,18.027017822681348,89.57883982290838,81.97298217731866,7.6058576455897375,10.421160177091611
03200206,03,20,02,06,6595,1523,5587,5072,515,1008,100.0,23.09325246398787,84.71569370735406,76.90674753601213,7.808946171341925,15.284306292645944
03200207,03,20,02,07,11493,2178,10208,9315,893,1285,100.0,18.950665622552858,88.81928130166187,81.04933437744715,7.769946924214739,11.180718698338119
03200308,03,20,03,08,5284,786,4901,4498,403,383,100.0,14.875094625283875,92.75170325510976,85.12490537471612,7.626797880393641,7.248296744890234
03200309,03,20,03,09,5387,986,4836,4401,435,551,100.0,18.30332281418229,89.77167254501578,81.6966771858177,8.07499535919807,10.228327454984221
03200310,03,20,03,10,8035,1380,7410,6655,755,625,100.0,17.17485998755445,92.22153080273802,82.82514001244556,9.39639079029247,7.7784691972619795
03300411,03,30,04,11,11588,2626,9965,8962,1003,1623,100.0,22.661373835001726,85.99413186054538,77.33862616499827,8.655505695547118,14.005868139454607
03300412,03,30,04,12,5262,633,4948,4629,319,314,100.0,12.029646522234891,94.03268719118206,87.9703534777651,6.062333713416952,5.96731280881794
03300413,03,30,04,13,3147,308,3010,2839,171,137,100.0,9.78709882427709,95.64664760088974,90.21290117572292,5.4337464251668255,4.353352399110263
03300514,03,30,05,14,6954,747,6558,6207,351,396,100.0,10.742018981880932,94.30543572044866,89.25798101811907,5.047454702329595,5.694564279551337
03300515,03,30,05,15,52,6,46,46,0,6,100.0,11.538461538461538,88.46153846153845,88.46153846153845,0.0,11.538461538461538
03300516,03,30,05,16,8288,2077,6785,6211,574,1503,100.0,25.060328185328185,81.86534749034749,74.93967181467181,6.925675675675675,18.13465250965251
03300517,03,30,05,17,1113,62,1078,1051,27,35,100.0,5.570530098831986,96.85534591194968,94.42946990116802,2.4258760107816713,3.1446540880503147
03400618,03,40,06,18,4851,1084,4446,3767,679,405,100.0,22.345908060193775,91.65120593692022,77.65409193980622,13.997113997113997,8.348794063079778
03400619,03,40,06,19,10477,2210,9314,8267,1047,1163,100.0,21.093824568101553,88.89949412999904,78.90617543189845,9.993318698100602,11.100505870000955
03400620,03,40,06,20,3534,738,3151,2796,355,383,100.0,20.882852292020374,89.1624221844935,79.11714770797963,10.045274476513866,10.837577815506508
03400721,03,40,07,21,11772,2756,10198,9016,1182,1574,100.0,23.41148487937479,86.62928984029902,76.58851512062522,10.040774719673802,13.370710159700986
03400722,03,40,07,22,3643,644,3328,2999,329,315,100.0,17.677738127916555,91.35328026351908,82.32226187208344,9.03101839143563,8.646719736480922
03400723,03,40,07,23,7100,1770,6034,5330,704,1066,100.0,24.929577464788732,84.98591549295774,75.07042253521126,9.915492957746478,15.014084507042252
03400724,03,40,07,24,7566,1141,6909,6425,484,657,100.0,15.080623843510441,91.31641554321966,84.91937615648956,6.397039386730108,8.683584456780332
03400725,03,40,07,25,7414,1075,6801,6339,462,613,100.0,14.499595360129486,91.73185864580523,85.50040463987052,6.231454005934718,8.268141354194766
03400826,03,40,08,26,6907,1583,5751,5324,427,1156,100.0,22.918778051252353,83.26335601563632,77.08122194874764,6.182134066888664,16.73664398436369
03400827,03,40,08,27,9676,2500,8040,7176,864,1636,100.0,25.837122778007444,83.09218685407193,74.16287722199256,8.929309632079372,16.90781314592807
03400828,03,40,08,28,4868,1343,3923,3525,398,945,100.0,27.58833196384552,80.58751027115859,72.41166803615448,8.17584223500411,19.412489728841415
03400829,03,40,08,29,5783,1252,4956,4531,425,827,100.0,21.64966280477261,85.69946394604877,78.3503371952274,7.349126750821373,14.300536053951237
03400830,03,40,08,30,9318,1689,8283,7629,654,1035,100.0,18.126207340631037,88.89246619446233,81.87379265936896,7.018673535093367,11.107533805537669
03400831,03,40,08,31,0,0,0,0,0,0,0.0,0.0,0.0,0.0,0.0,0.0
03500932,03,50,09,32,6018,1537,4790,4481,309,1228,100.0,25.54004652708541,79.5945496842805,74.45995347291459,5.134596211365902,20.40545031571951
03500933,03,50,09,33,7731,1526,6716,6205,511,1015,100.0,19.738714267235803,86.87103867546242,80.2612857327642,6.609752942698228,13.128961324537574
03500934,03,50,09,34,10310,3029,8234,7281,953,2076,100.0,29.379243452958292,79.86420950533463,70.62075654704171,9.24345295829292,20.135790494665372
03500935,03,50,09,35,6655,1880,5386,4775,611,1269,100.0,28.249436513899322,80.93163035311795,71.75056348610067,9.18106686701728,19.068369646882044
03500936,03,50,09,36,9911,2353,8360,7558,802,1551,100.0,23.741297548178792,84.35072142064372,76.25870245182121,8.09201896882252,15.64927857935627
03501037,03,50,10,37,8588,1895,7248,6693,555,1340,100.0,22.065673032137866,84.39683278993945,77.93432696786213,6.4625058220773175,15.603167210060551
03501038,03,50,10,38,7413,1334,6515,6079,436,898,100.0,17.99541346283556,87.88614595980036,82.00458653716444,5.88155942263591,12.11385404019965
03601139,03,60,11,39,3760,1386,2834,2374,460,926,100.0,36.861702127659576,75.37234042553192,63.138297872340424,12.23404255319149,24.627659574468087
03601140,03,60,11,40,5987,1975,4625,4012,613,1362,100.0,32.98814097210623,77.25070987138801,67.01185902789378,10.238850843494237,22.749290128611992
03601141,03,60,11,41,6634,2355,5018,4279,739,1616,100.0,35.498944829665355,75.64063913174556,64.50105517033464,11.139583961410914,24.359360868254445
03601142,03,60,11,42,10987,4122,8096,6865,1231,2891,100.0,37.51706562300901,73.68708473650678,62.48293437699098,11.204150359515792,26.31291526349322
03601243,03,60,12,43,6983,2134,5571,4849,722,1412,100.0,30.5599312616354,79.77946441357582,69.4400687383646,10.339395675211227,20.220535586424173
03601244,03,60,12,44,7619,2186,6204,5433,771,1415,100.0,28.691429321433258,81.42800892505578,71.30857067856674,10.11943824648904,18.57199107494422
03601245,03,60,12,45,12950,3859,10327,9091,1236,2623,100.0,29.7992277992278,79.74517374517374,70.20077220077219,9.544401544401545,20.254826254826256
03601346,03,60,13,46,6015,2298,4428,3717,711,1587,100.0,38.20448877805486,73.61596009975062,61.795511221945134,11.820448877805486,26.384039900249377
03601347,03,60,13,47,9432,3197,7378,6235,1143,2054,100.0,33.895250212044104,78.22307039864292,66.1047497879559,12.118320610687022,21.776929601357082
03601348,03,60,13,48,7486,2628,5739,4858,881,1747,100.0,35.10553032327011,76.66310446166177,64.8944696767299,11.768634784931873,23.336895538338233
03601449,03,60,14,49,9906,2108,8577,7798,779,1329,100.0,21.28003230365435,86.58388855239248,78.71996769634565,7.863920856046841,13.41611144760751
03601450,03,60,14,50,4149,1959,2519,2190,329,1630,100.0,47.21619667389733,60.713424921667865,52.78380332610267,7.929621595565196,39.28657507833213
03601451,03,60,14,51,6368,2079,4874,4289,585,1494,100.0,32.64761306532663,76.53894472361809,67.35238693467338,9.186557788944723,23.46105527638191
03601452,03,60,14,52,4615,1834,3325,2781,544,1290,100.0,39.739978331527624,72.04767063921993,60.260021668472376,11.787648970747561,27.952329360780066
03601453,03,60,14,53,3068,1020,2482,2048,434,586,100.0,33.24641460234681,80.89960886571056,66.7535853976532,14.146023468057367,19.100391134289442
03701554,03,70,15,54,11523,4571,8486,6952,1534,3037,100.0,39.66848910873904,73.6440163151957,60.331510891260955,13.31250542393474,26.355983684804308
03701555,03,70,15,55,7325,2524,5695,4801,894,1630,100.0,34.45733788395904,77.74744027303754,65.54266211604094,12.204778156996587,22.252559726962456
03701556,03,70,15,56,8718,3574,6278,5144,1134,2440,100.0,40.995641202110576,72.01192934159211,59.004358797889424,13.007570543702684,27.988070658407892
03701657,03,70,16,57,3180,1095,2434,2085,349,746,100.0,34.43396226415094,76.54088050314466,65.56603773584906,10.974842767295598,23.459119496855347
03701658,03,70,16,58,8523,2921,6544,5602,942,1979,100.0,34.27196996362783,76.78047635808987,65.72803003637216,11.052446321717705,23.219523641910126
03701659,03,70,16,59,9229,3360,7046,5869,1177,2183,100.0,36.406978004117455,76.34629970744393,63.59302199588255,12.753277711561385,23.653700292556074
03701660,03,70,16,60,12916,3919,10446,8997,1449,2470,100.0,30.34221121090121,80.87643233199134,69.6577887890988,11.218643542892536,19.123567668008672
04100101,04,10,01,01,11419,5859,7852,5560,2292,3567,100.0,51.30922147298362,68.76258866800946,48.69077852701638,20.071810140993083,31.237411331990543
04100102,04,10,01,02,7787,4439,5581,3348,2233,2206,100.0,57.00526518556569,71.6707332734044,42.99473481443432,28.675998458970074,28.32926672659561
04200203,04,20,02,03,1503,441,1236,1062,174,267,100.0,29.34131736526946,82.23552894211576,70.65868263473054,11.57684630738523,17.764471057884233
04200204,04,20,02,04,2925,1044,2251,1881,370,674,100.0,35.69230769230769,76.95726495726495,64.3076923076923,12.649572649572649,23.042735042735043
04200205,04,20,02,05,2565,859,2053,1706,347,512,100.0,33.48927875243665,80.03898635477583,66.51072124756335,13.528265107212475,19.96101364522417
04200206,04,20,02,06,2910,835,2486,2075,411,424,100.0,28.694158075601372,85.4295532646048,71.30584192439862,14.123711340206185,14.57044673539519
04200207,04,20,02,07,3015,1111,2219,1904,315,796,100.0,36.84908789386402,73.59867330016584,63.15091210613598,10.44776119402985,26.40132669983416
04200308,04,20,03,08,6180,2250,4764,3930,834,1416,100.0,36.407766990291265,77.08737864077669,63.59223300970874,13.495145631067961,22.9126213592233
04200309,04,20,03,09,6777,1908,5829,4869,960,948,100.0,28.15405046480744,86.01150951748562,71.84594953519256,14.165559982293049,13.988490482514388
04200310,04,20,03,10,7648,2869,6054,4779,1275,1594,100.0,37.51307531380753,79.15794979079497,62.48692468619247,16.67102510460251,20.84205020920502
04200311,04,20,03,11,7270,2934,5510,4336,1174,1760,100.0,40.3576341127923,75.79092159559835,59.6423658872077,16.148555708390646,24.20907840440165
04300412,04,30,04,12,4113,2368,2363,1745,618,1750,100.0,57.57354728908339,57.4519815220034,42.42645271091661,15.025528811086797,42.5480184779966
04300413,04,30,04,13,10001,4792,7516,5209,2307,2485,100.0,47.915208479152085,75.15248475152485,52.084791520847915,23.067693230676934,24.84751524847515
04300414,04,30,04,14,10674,4235,8215,6439,1776,2459,100.0,39.67584785459996,76.96271313471989,60.324152145400035,16.638560989319842,23.03728686528012
04300415,04,30,04,15,6306,2464,4917,3842,1075,1389,100.0,39.07389787503964,77.97335870599429,60.92610212496036,17.04725658103394,22.026641294005707
04300416,04,30,04,16,11863,4949,8904,6914,1990,2959,100.0,41.717946556520275,75.05689960381017,58.28205344347973,16.77484616033044,24.943100396189834
04300517,04,30,05,17,9496,4557,6748,4939,1809,2748,100.0,47.988626790227464,71.06149957877001,52.011373209772536,19.05012636899747,28.93850042122999
04300518,04,30,05,18,5801,2724,4230,3077,1153,1571,100.0,46.957421134287195,72.91846233408033,53.042578865712805,19.875883468367523,27.08153766591967
04300619,04,30,06,19,8822,4113,6390,4709,1681,2432,100.0,46.62208116073453,72.43255497619587,53.37791883926547,19.0546361369304,27.567445023804126
04300620,04,30,06,20,3544,2180,2187,1364,823,1357,100.0,61.51241534988713,61.70993227990971,38.487584650112865,23.22234762979684,38.29006772009029
04300621,04,30,06,21,10590,5166,7669,5424,2245,2921,100.0,48.78186968838527,72.41737488196411,51.21813031161473,21.19924457034939,27.58262511803588
04300622,04,30,06,22,5206,3058,3472,2148,1324,1734,100.0,58.739915482136,66.69227814060699,41.260084517864,25.43219362274299,33.307721859393006
04300623,04,30,06,23,12179,6818,7782,5361,2421,4397,100.0,55.981607685360046,63.89687166434026,44.018392314639954,19.878479349700303,36.10312833565974
04300624,04,30,06,24,9250,4219,6632,5031,1601,2618,100.0,45.61081081081081,71.6972972972973,54.38918918918919,17.308108108108108,28.302702702702703
04400725,04,40,07,25,116,91,40,25,15,76,100.0,78.44827586206897,34.48275862068966,21.551724137931032,12.931034482758621,65.51724137931035
04400726,04,40,07,26,5457,2420,4105,3037,1068,1352,100.0,44.34671064687557,75.224482316291,55.65328935312442,19.571192963166574,24.775517683708998
04400727,04,40,07,27,8295,3432,6414,4863,1551,1881,100.0,41.374321880650996,77.32368896925858,58.625678119349004,18.698010849909586,22.67631103074141
04400728,04,40,07,28,3207,1268,2515,1939,576,692,100.0,39.5385095104459,78.42220143436234,60.4614904895541,17.96071094480823,21.577798565637668
04400729,04,40,07,29,2863,1152,2236,1711,525,627,100.0,40.237513098148796,78.09989521480965,59.76248690185121,18.337408312958438,21.90010478519036
04400830,04,40,08,30,7493,3251,5685,4242,1443,1808,100.0,43.38716135059389,75.87081275857467,56.612838649406115,19.257974109168558,24.12918724142533
04400831,04,40,08,31,1539,468,1310,1071,239,229,100.0,30.409356725146196,85.12020792722547,69.5906432748538,15.529564652371668,14.879792072774528
04400832,04,40,08,32,6877,1798,5959,5079,880,918,100.0,26.1451214192235,86.6511560273375,73.8548785807765,12.796277446561,13.348843972662497
04400833,04,40,08,33,4094,1537,3303,2557,746,791,100.0,37.542745481191986,80.6790425012213,62.457254518808014,18.221787982413286,19.3209574987787
04400834,04,40,08,34,3523,1169,2923,2354,569,600,100.0,33.18194720408742,82.96906045983536,66.81805279591258,16.151007663922794,17.03093954016463
04400835,04,40,08,35,10343,2973,8726,7370,1356,1617,100.0,28.744078120467947,84.36623803538626,71.25592187953205,13.110316155854202,15.633761964613749
04500936,04,50,09,36,5587,2576,4089,3011,1078,1498,100.0,46.107034186504386,73.18775729371755,53.89296581349562,19.294791480221942,26.81224270628244
04500937,04,50,09,37,7860,3531,5666,4329,1337,2194,100.0,44.9236641221374,72.08651399491094,55.07633587786259,17.010178117048348,27.913486005089062
04500938,04,50,09,38,8072,3813,5850,4259,1591,2222,100.0,47.237363726461844,72.47274529236869,52.762636273538156,19.710109018830522,27.527254707631315
04500939,04,50,09,39,6616,3202,4873,3414,1459,1743,100.0,48.39782345828295,73.65477629987907,51.60217654171705,22.05259975816203,26.34522370012092
04501040,04,50,10,40,5966,2711,4374,3255,1119,1592,100.0,45.44083137780758,73.31545424069729,54.55916862219242,18.75628561850486,26.684545759302715
04501041,04,50,10,41,5263,2367,3915,2896,1019,1348,100.0,44.97434923047691,74.38723161694851,55.02565076952308,19.361580847425422,25.612768383051492
04501042,04,50,10,42,3668,2147,2252,1521,731,1416,100.0,58.533260632497274,61.3958560523446,41.466739367502726,19.929116684841873,38.6041439476554
04501043,04,50,10,43,11040,5149,8051,5891,2160,2989,100.0,46.63949275362319,72.92572463768116,53.36050724637681,19.565217391304348,27.07427536231884
04501044,04,50,10,44,5405,2471,3884,2934,950,1521,100.0,45.71692876965772,71.85938945420907,54.28307123034227,17.576318223866792,28.140610545790935
04501045,04,50,10,45,9215,4516,6447,4699,1748,2768,100.0,49.007053716766144,69.9620184481823,50.992946283233856,18.969072164948454,30.037981551817687
04501146,04,50,11,46,4485,1971,3342,2514,828,1143,100.0,43.94648829431438,74.51505016722409,56.05351170568562,18.461538461538463,25.48494983277592
04501147,04,50,11,47,5496,2398,4121,3098,1023,1375,100.0,43.63173216885007,74.98180494905385,56.36826783114993,18.61353711790393,25.01819505094614
04501148,04,50,11,48,4503,2142,3218,2361,857,1285,100.0,47.56828780812791,71.46346879857872,52.43171219187208,19.03175660670664,28.536531201421273
04501149,04,50,11,49,9889,4137,7438,5752,1686,2451,100.0,41.834361411669526,75.2148852260087,58.165638588330474,17.049246637678227,24.785114773991303
04501150,04,50,11,50,3038,1200,2304,1838,466,734,100.0,39.49967083607637,75.83936800526662,60.50032916392364,15.339038841342989,24.16063199473338
04501151,04,50,11,51,7385,2496,5983,4889,1094,1402,100.0,33.79823967501693,81.0155721056195,66.20176032498307,14.813811780636424,18.984427894380502
04501152,04,50,11,52,6886,3091,5056,3795,1261,1830,100.0,44.88817891373802,73.42433923903573,55.11182108626198,18.312518152773745,26.575660760964276
04501153,04,50,11,53,7380,3361,5478,4019,1459,1902,100.0,45.542005420054195,74.22764227642277,54.457994579945805,19.769647696476962,25.772357723577237
05100101,05,10,01,01,4321,995,3845,3326,519,476,100.0,23.027077065494097,88.98403147419579,76.9729229345059,12.011108539689888,11.015968525804212
05100102,05,10,01,02,4265,1096,3617,3169,448,648,100.0,25.697538100820633,84.8065650644783,74.30246189917936,10.504103165298945,15.193434935521688
05100103,05,10,01,03,6021,2974,4205,3047,1158,1816,100.0,49.393788407241324,69.83889719315728,50.606211592758676,19.232685600398604,30.161102806842717
05100104,05,10,01,04,5538,2619,4083,2919,1164,1455,100.0,47.29144095341278,73.726977248104,52.70855904658721,21.01841820151679,26.27302275189599
05100105,05,10,01,05,7633,1680,6803,5953,850,830,100.0,22.00969474649548,89.12616271452902,77.99030525350452,11.1358574610245,10.873837285470982
05100206,05,10,02,06,3630,1666,2660,1964,696,970,100.0,45.89531680440771,73.27823691460054,54.10468319559229,19.173553719008265,26.72176308539945
05100207,05,10,02,07,2287,641,2027,1646,381,260,100.0,28.027984258854392,88.63139484040228,71.9720157411456,16.659379099256668,11.368605159597726
05100208,05,10,02,08,10880,5202,7861,5678,2183,3019,100.0,47.8125,72.25183823529412,52.1875,20.06433823529412,27.74816176470588
05100209,05,10,02,09,11763,6352,8763,5411,3352,3000,100.0,53.99982997534642,74.49630196378475,46.00017002465358,28.496131939131175,25.50369803621525
05100210,05,10,02,10,7799,3130,5798,4669,1129,2001,100.0,40.13335042954225,74.34286446980381,59.86664957045775,14.47621489934607,25.65713553019618
05100211,05,10,02,11,6082,2185,4995,3897,1098,1087,100.0,35.92568234133508,82.12758960868135,64.07431765866491,18.05327195001644,17.872410391318645
05100312,05,10,03,12,4134,1854,2916,2280,636,1218,100.0,44.847605224963715,70.53701015965167,55.152394775036285,15.384615384615385,29.46298984034833
05100313,05,10,03,13,6227,3418,4329,2809,1520,1898,100.0,54.88999518227076,69.51983298538622,45.11000481772924,24.409828167656975,30.48016701461378
05100314,05,10,03,14,7393,4565,3995,2828,1167,3398,100.0,61.74759908021101,54.037603138103606,38.25240091978899,15.785202218314623,45.96239686189639
05100315,05,10,03,15,6897,3248,4775,3649,1126,2122,100.0,47.092938958967665,69.23299985500942,52.907061041032335,16.325938813977093,30.767000144990575
05100316,05,10,03,16,10326,4506,7718,5820,1898,2608,100.0,43.637420104590355,74.7433662599264,56.362579895409645,18.380786364516755,25.256633740073603
05100317,05,10,03,17,3611,1804,2219,1807,412,1392,100.0,49.958460260315704,61.45112157297148,50.041539739684296,11.409581833287179,38.54887842702852
05200418,05,20,04,18,3929,982,3593,2947,646,336,100.0,24.993637057775516,91.44820565029269,75.00636294222448,16.44184270806821,8.551794349707304
05200419,05,20,04,19,1666,100,1636,1566,70,30,100.0,6.002400960384153,98.19927971188476,93.99759903961584,4.201680672268908,1.800720288115246
05200420,05,20,04,20,5874,1999,4893,3875,1018,981,100.0,34.031324480762684,83.29928498467825,65.96867551923732,17.330609465440926,16.70071501532176
05200421,05,20,04,21,4367,1374,3508,2993,515,859,100.0,31.463247080375545,80.3297458209297,68.53675291962446,11.792992901305244,19.6702541790703
05200422,05,20,04,22,1124,251,994,873,121,130,100.0,22.330960854092528,88.43416370106762,77.66903914590748,10.765124555160142,11.565836298932384
05200423,05,20,04,23,6649,2392,5241,4257,984,1408,100.0,35.97533463678749,78.8238832907204,64.02466536321252,14.799217927507897,21.17611670927959
05200524,05,20,05,24,3417,1037,2983,2380,603,434,100.0,30.34825870646766,87.29880011706175,69.65174129353234,17.647058823529413,12.70119988293825
05200525,05,20,05,25,2421,636,2201,1785,416,220,100.0,26.270136307311027,90.9128459314333,73.72986369268897,17.18298223874432,9.087154068566708
05200526,05,20,05,26,5665,3338,3358,2327,1031,2307,100.0,58.92321270962048,59.27625772285966,41.07678729037952,18.19947043248014,40.72374227714033
05200527,05,20,05,27,11762,7529,7406,4233,3173,4356,100.0,64.01122258119368,62.965482060874,35.98877741880633,26.976704642067677,37.034517939126
05200528,05,20,05,28,7132,2098,6070,5034,1036,1062,100.0,29.41671340437465,85.10936623667975,70.58328659562535,14.526079641054404,14.890633763320245
05200629,05,20,06,29,8375,3638,6061,4737,1324,2314,100.0,43.438805970149254,72.37014925373134,56.561194029850746,15.808955223880597,27.62985074626866
05200630,05,20,06,30,9881,3904,7377,5977,1400,2504,100.0,39.51017103532031,74.65843538103431,60.489828964679695,14.16860641635462,25.34156461896569
05200631,05,20,06,31,8488,3449,6257,5039,1218,2231,100.0,40.63383600377003,73.71583411875588,59.36616399622997,14.349670122525918,26.28416588124411
05200632,05,20,06,32,3713,1804,2555,1909,646,1158,100.0,48.586049016967415,68.81228117425262,51.413950983032585,17.398330191220037,31.187718825747375
05200633,05,20,06,33,2019,590,1741,1429,312,278,100.0,29.222387320455674,86.23080733036157,70.77761267954433,15.453194650817236,13.769192669638436
05200634,05,20,06,34,4425,790,4018,3635,383,407,100.0,17.853107344632768,90.80225988700565,82.14689265536722,8.655367231638419,9.19774011299435
05300735,05,30,07,35,3429,2064,2619,1365,1254,810,100.0,60.19247594050744,76.37795275590551,39.807524059492565,36.57042869641295,23.62204724409449
05300736,05,30,07,36,3640,2021,2741,1619,1122,899,100.0,55.52197802197802,75.3021978021978,44.47802197802198,30.824175824175825,24.697802197802197
05300737,05,30,07,37,11709,5501,8883,6208,2675,2826,100.0,46.9809548210778,75.86471944657956,53.0190451789222,22.84567426765736,24.135280553420447
05300838,05,30,08,38,30,16,14,14,0,16,100.0,53.333333333333336,46.666666666666664,46.666666666666664,0.0,53.333333333333336
05300839,05,30,08,39,7765,3971,5343,3794,1549,2422,100.0,51.13972955569864,68.80875724404379,48.86027044430135,19.948486799742433,31.19124275595621
05300840,05,30,08,40,462,228,339,234,105,123,100.0,49.35064935064935,73.37662337662337,50.649350649350644,22.727272727272727,26.623376623376622
05300841,05,30,08,41,4580,2239,3276,2341,935,1304,100.0,48.88646288209607,71.52838427947599,51.11353711790393,20.41484716157205,28.471615720524017
05400942,05,40,09,42,3808,875,3389,2933,456,419,100.0,22.977941176470587,88.99684873949579,77.02205882352942,11.974789915966387,11.003151260504202
05400943,05,40,09,43,10480,2135,9704,8345,1359,776,100.0,20.372137404580155,92.59541984732824,79.62786259541986,12.967557251908396,7.404580152671755
05400944,05,40,09,44,2243,437,2041,1806,235,202,100.0,19.482835488185465,90.99420419081588,80.51716451181453,10.477039679001338,9.005795809184129
05400945,05,40,09,45,3728,672,3431,3056,375,297,100.0,18.025751072961373,92.03326180257511,81.97424892703863,10.059012875536482,7.966738197424893
06100101,06,10,01,01,6887,1901,5906,4986,920,981,100.0,27.602729780746333,85.75577174386525,72.39727021925366,13.358501524611588,14.244228256134747
06100102,06,10,01,02,9101,3652,7025,5449,1576,2076,100.0,40.12745852104164,77.18931985496098,59.872541478958354,17.316778376002638,22.810680145039004
06100103,06,10,01,03,6227,2053,5187,4174,1013,1040,100.0,32.96932712381564,83.29853862212944,67.03067287618435,16.26786574594508,16.701461377870565
06100204,06,10,02,04,6855,2586,5518,4269,1249,1337,100.0,37.72428884026258,80.49598832968637,62.27571115973741,18.220277169948943,19.50401167031364
06100205,06,10,02,05,9965,3524,8126,6441,1685,1839,100.0,35.36377320622178,81.54540893125942,64.63622679377823,16.909182137481185,18.45459106874059
06100206,06,10,02,06,7710,2442,6378,5268,1110,1332,100.0,31.67315175097276,82.7237354085603,68.32684824902724,14.396887159533073,17.276264591439688
06100207,06,10,02,07,8065,2904,6464,5161,1303,1601,100.0,36.00743955362678,80.14879107253566,63.99256044637321,16.15623062616243,19.851208927464352
06100208,06,10,02,08,6871,2291,5656,4580,1076,1215,100.0,33.34303594818804,82.31698442730317,66.65696405181197,15.660020375491197,17.683015572696842
06100209,06,10,02,09,9288,3472,7404,5816,1588,1884,100.0,37.38156761412576,79.71576227390182,62.61843238587424,17.097329888027563,20.28423772609819
06100210,06,10,02,10,4924,1571,4081,3353,728,843,100.0,31.904955320877338,82.87977254264825,68.09504467912267,14.78472786352559,17.120227457351746
06200311,06,20,03,11,4970,1314,4314,3656,658,656,100.0,26.438631790744466,86.80080482897384,73.56136820925553,13.239436619718308,13.199195171026156
06200312,06,20,03,12,6046,2032,4866,4014,852,1180,100.0,33.60899768441945,80.48296394310287,66.39100231558055,14.091961627522329,19.517036056897123
06200313,06,20,03,13,7400,2541,6047,4859,1188,1353,100.0,34.33783783783784,81.71621621621622,65.66216216216216,16.054054054054053,18.283783783783782
06200314,06,20,03,14,7176,2262,6002,4914,1088,1174,100.0,31.521739130434785,83.63991081382386,68.47826086956522,15.16164994425864,16.360089186176143
06200315,06,20,03,15,6622,2308,5470,4314,1156,1152,100.0,34.853518574448806,82.60344306855934,65.1464814255512,17.456961643008153,17.396556931440653
06200316,06,20,03,16,5302,2256,4086,3046,1040,1216,100.0,42.54998113919275,77.06525839305922,57.45001886080724,19.61523953225198,22.93474160694078
06200317,06,20,03,17,6363,1399,5697,4964,733,666,100.0,21.986484362721985,89.53323903818954,78.013515637278,11.51972340091152,10.466760961810467
06200418,06,20,04,18,0,0,0,0,0,0,0.0,0.0,0.0,0.0,0.0,0.0
06200419,06,20,04,19,4552,2367,3336,2185,1151,1216,100.0,51.99912126537786,73.28646748681898,48.00087873462214,25.285588752196837,26.713532513181022
06200420,06,20,04,20,7218,2205,6005,5013,992,1213,100.0,30.54862842892768,83.19479080077585,69.45137157107231,13.743419229703518,16.805209199224162
06200421,06,20,04,21,8340,2416,6939,5924,1015,1401,100.0,28.96882494004796,83.20143884892086,71.03117505995203,12.170263788968825,16.798561151079134
06200422,06,20,04,22,7176,1737,6104,5439,665,1072,100.0,24.2056856187291,85.0613154960981,75.7943143812709,9.267001114827202,14.938684503901895
06200423,06,20,04,23,8665,2536,7392,6129,1263,1273,100.0,29.267166762839008,85.30871321407963,70.732833237161,14.575879976918637,14.691286785920369
06300524,06,30,05,24,5735,1518,4804,4217,587,931,100.0,26.469049694856146,83.76634699215344,73.53095030514385,10.23539668700959,16.233653007846556
06300525,06,30,05,25,5694,1523,4844,4171,673,850,100.0,26.74745345978223,85.07200561995083,73.25254654021778,11.819459079733052,14.927994380049176
06300526,06,30,05,26,3371,1130,2725,2241,484,646,100.0,33.52121032334619,80.83654701868882,66.47878967665382,14.357757342035004,19.16345298131118
06300527,06,30,05,27,8345,2486,7076,5859,1217,1269,100.0,29.790293588975437,84.79328939484722,70.20970641102457,14.583582983822648,15.206710605152788
06300528,06,30,05,28,11121,2806,9726,8315,1411,1395,100.0,25.231543925905942,87.45616401402752,74.76845607409406,12.68770793993346,12.543835985972486
06300629,06,30,06,29,7083,2079,5971,5004,967,1112,100.0,29.35196950444727,84.30043766765495,70.64803049555273,13.652407172102215,15.699562332345051
06300630,06,30,06,30,5596,2289,4124,3307,817,1472,100.0,40.90421729807005,73.69549678341673,59.095782701929956,14.599714081486775,26.304503216583274
06300631,06,30,06,31,2963,1096,2234,1867,367,729,100.0,36.989537630779616,75.39655754303071,63.01046236922039,12.386095173810327,24.603442456969287
06300632,06,30,06,32,13986,4297,11933,9689,2244,2053,100.0,30.723580723580724,85.32103532103532,69.27641927641928,16.044616044616046,14.678964678964679
06300633,06,30,06,33,12069,3323,10211,8746,1465,1858,100.0,27.53334990471456,84.6051868423233,72.46665009528544,12.138536747037866,15.394813157676692
06300634,06,30,06,34,8540,2179,7360,6361,999,1180,100.0,25.515222482435597,86.18266978922716,74.48477751756441,11.697892271662763,13.817330210772832
06400735,06,40,07,35,10246,2525,8817,7721,1096,1429,100.0,24.64376341987117,86.05309389029865,75.35623658012884,10.696857310169824,13.946906109701345
06400736,06,40,07,36,5246,1179,4761,4067,694,485,100.0,22.474266107510484,90.75486084635914,77.52573389248951,13.229126953869615,9.245139153640869
06400737,06,40,07,37,11370,3582,8918,7788,1130,2452,100.0,31.503957783641162,78.43447669305189,68.49604221635884,9.938434476693052,21.56552330694811
06400838,06,40,08,38,7592,1609,6761,5983,778,831,100.0,21.19336143308746,89.05426765015805,78.80663856691254,10.24762908324552,10.945732349841938
06400839,06,40,08,39,5318,1294,4630,4024,606,688,100.0,24.33245581045506,87.06280556600225,75.66754418954494,11.395261376457315,12.937194433997742
06400840,06,40,08,40,7221,1283,6549,5938,611,672,100.0,17.76762221298989,90.69380972164521,82.23237778701011,8.461431934635092,9.306190278354798
06400841,06,40,08,41,6222,1787,5256,4435,821,966,100.0,28.720668595306975,84.47444551591128,71.27933140469302,13.19511411121826,15.525554484088715
06400842,06,40,08,42,4874,1877,4107,2997,1110,767,100.0,38.51046368485843,84.26343865408289,61.48953631514157,22.77390233894132,15.73656134591711
06400843,06,40,08,43,4783,1493,3926,3290,636,857,100.0,31.214718795734896,82.08237507840268,68.7852812042651,13.29709387413757,17.917624921597326
06400844,06,40,08,44,7356,2559,5953,4797,1156,1403,100.0,34.7879282218597,80.92713431212616,65.21207177814028,15.715062533985863,19.072865687873843
07100101,07,10,01,01,9835,4877,7015,4958,2057,2820,100.0,49.58820538891713,71.32689374682258,50.41179461108287,20.915099135739705,28.673106253177426
07100102,07,10,01,02,8628,4483,5689,4145,1544,2939,100.0,51.958738989337036,65.93648585999073,48.04126101066296,17.89522484932777,34.06351414000927
07100103,07,10,01,03,7729,4939,4906,2790,2116,2823,100.0,63.90218657006081,63.47522318540562,36.097813429939194,27.377409755466424,36.52477681459438
07100204,07,10,02,04,10423,4211,7886,6212,1674,2537,100.0,40.40103617000864,75.65959896382999,59.59896382999137,16.060635133838627,24.340401036170007
07100205,07,10,02,05,5235,3557,3227,1678,1549,2008,100.0,67.94651384909265,61.64278892072589,32.053486150907354,29.58930276981853,38.357211079274116
07100206,07,10,02,06,8344,4211,5829,4133,1696,2515,100.0,50.467401725790985,69.85858101629914,49.53259827420901,20.325982742090122,30.141418983700863
07200307,07,20,03,07,10572,3956,8443,6616,1827,2129,100.0,37.4195989405978,79.86189935679153,62.58040105940219,17.28149829738933,20.138100643208475
07200308,07,20,03,08,10505,4919,7535,5586,1949,2970,100.0,46.82532127558305,71.72774869109948,53.17467872441695,18.553069966682532,28.272251308900525
07200409,07,20,04,09,9367,3604,7301,5763,1538,2066,100.0,38.475499092558984,77.94384541475392,61.524500907441016,16.419344507312907,22.056154585246077
07200410,07,20,04,10,5653,3129,3891,2524,1367,1762,100.0,55.3511409870865,68.83070935786309,44.6488590129135,24.181850344949584,31.16929064213692
07200411,07,20,04,11,2753,1225,2056,1528,528,697,100.0,44.49691245913549,74.68216491100618,55.50308754086451,19.179077370141666,25.317835088993824
07200412,07,20,04,12,1907,1148,1187,759,428,720,100.0,60.199265862611426,62.244362873623494,39.80073413738857,22.443628736234924,37.755637126376506
07200413,07,20,04,13,7777,2792,6168,4985,1183,1609,100.0,35.9007329304359,79.3107882216793,64.0992670695641,15.211521152115212,20.68921177832069
07200414,07,20,04,14,3750,1534,2881,2216,665,869,100.0,40.906666666666666,76.82666666666667,59.093333333333334,17.733333333333334,23.173333333333336
07300515,07,30,05,15,6900,1901,5935,4999,936,965,100.0,27.550724637681164,86.01449275362319,72.44927536231884,13.56521739130435,13.98550724637681
07300516,07,30,05,16,8921,2752,7375,6169,1206,1546,100.0,30.84855957852259,82.67010424840264,69.15144042147742,13.51866382692523,17.329895751597356
07300517,07,30,05,17,9374,3253,7582,6121,1461,1792,100.0,34.70236825261361,80.88329421804993,65.29763174738639,15.58566247066354,19.116705781950074
07300618,07,30,06,18,9328,3169,7633,6159,1474,1695,100.0,33.97298456260721,81.82890222984562,66.0270154373928,15.80188679245283,18.171097770154372
07300619,07,30,06,19,12293,5645,9360,6648,2712,2933,100.0,45.92044252826812,76.14089319124705,54.079557471731874,22.06133571951517,23.85910680875295
07400720,07,40,07,20,11976,5090,9508,6886,2622,2468,100.0,42.50167000668002,79.39211756847028,57.49832999331998,21.8937875751503,20.607882431529724
07400721,07,40,07,21,5411,1775,4617,3636,981,794,100.0,32.80354832748106,85.3261873960451,67.19645167251895,18.12973572352615,14.673812603954905
07400822,07,40,08,22,2808,933,2273,1875,398,535,100.0,33.22649572649573,80.94729344729345,66.77350427350427,14.173789173789173,19.052706552706553
07400823,07,40,08,23,9719,3660,7830,6059,1771,1889,100.0,37.65819528758102,80.56384401687417,62.34180471241897,18.22203930445519,19.436155983125836
07400824,07,40,08,24,7323,3000,5651,4323,1328,1672,100.0,40.96681687832856,77.16782739314489,59.03318312167145,18.13464427147344,22.832172606855114
07400825,07,40,08,25,7354,3253,5482,4101,1381,1872,100.0,44.23443024204515,74.54446559695404,55.76556975795486,18.778895838999183,25.45553440304596
07400826,07,40,08,26,5112,1468,4422,3644,778,690,100.0,28.71674491392801,86.50234741784037,71.28325508607199,15.219092331768389,13.497652582159624
07400927,07,40,09,27,11284,5385,8200,5899,2301,3084,100.0,47.72243885147111,72.66926621765332,52.277561148528896,20.391705069124423,27.330733782346684
07400928,07,40,09,28,3938,2300,2486,1638,848,1452,100.0,58.40528186896902,63.128491620111724,41.59471813103098,21.53377348908075,36.87150837988827
07501029,07,50,10,29,8197,3594,6289,4603,1686,1908,100.0,43.84530925948518,76.72319141149201,56.15469074051482,20.568500670977187,23.27680858850799
07501030,07,50,10,30,8795,3846,6818,4949,1869,1977,100.0,43.72939169982945,77.52131893121091,56.27060830017056,21.250710631040366,22.478681068789086
07501031,07,50,10,31,9083,3213,7524,5870,1654,1559,100.0,35.37377518441044,82.83606737861939,64.62622481558957,18.209842563029834,17.1639326213806
07501032,07,50,10,32,5761,2069,4780,3692,1088,981,100.0,35.91390383613956,82.97170630098941,64.08609616386045,18.88561013712897,17.02829369901059
07501133,07,50,11,33,7991,3310,6049,4681,1368,1942,100.0,41.421599299211614,75.69765986735078,58.57840070078839,17.119259166562383,24.30234013264923
07501134,07,50,11,34,10574,3329,8997,7245,1752,1577,100.0,31.482882542084354,85.08606014753168,68.51711745791565,16.56894268961604,14.913939852468319
07501135,07,50,11,35,2257,620,1965,1637,328,292,100.0,27.470093043863535,87.06247230837396,72.52990695613647,14.532565352237484,12.937527691626052
07601236,07,60,12,36,10238,4581,7651,5657,1994,2587,100.0,44.745067395975774,74.73139285016605,55.25493260402422,19.476460246141826,25.26860714983395
07601237,07,60,12,37,4765,1323,4179,3442,737,586,100.0,27.764952780692546,87.70199370409235,72.23504721930745,15.466946484784891,12.29800629590766
07601238,07,60,12,38,2867,1190,2337,1677,660,530,100.0,41.50680153470527,81.51377746773632,58.49319846529474,23.020579002441576,18.486222532263692
07601339,07,60,13,39,5682,2425,4724,3257,1467,958,100.0,42.67863428370292,83.13973952833508,57.32136571629708,25.818373812038015,16.860260471664905
07601340,07,60,13,40,6420,2846,5176,3574,1602,1244,100.0,44.33021806853583,80.62305295950156,55.66978193146418,24.95327102803738,19.376947040498443
07601341,07,60,13,41,2249,720,1856,1529,327,393,100.0,32.01422854602045,82.5255669186305,67.98577145397955,14.539795464650956,17.474433081369497
07601442,07,60,14,42,10413,2561,9209,7852,1357,1204,100.0,24.594257178526842,88.43753001056372,75.40574282147315,13.03178718909056,11.562469989436282
07601443,07,60,14,43,10949,2770,9800,8179,1621,1149,100.0,25.299114074344686,89.50589094894511,74.70088592565531,14.8050050232898,10.494109051054892
07601544,07,60,15,44,8944,3014,7481,5930,1551,1463,100.0,33.69856887298748,83.64266547406082,66.30143112701252,17.3412343470483,16.357334525939176
07601545,07,60,15,45,8307,3409,6379,4898,1481,1928,100.0,41.03767906584808,76.79065848079932,58.962320934151926,17.828337546647404,23.209341519200674
07601546,07,60,15,46,7008,1499,6326,5509,817,682,100.0,21.3898401826484,90.26826484018264,78.6101598173516,11.65810502283105,9.731735159817353
07601547,07,60,15,47,3923,937,3364,2986,378,559,100.0,23.884782054550087,85.75070099413715,76.11521794544991,9.63548304868723,14.24929900586286
07601548,07,60,15,48,2925,596,2629,2329,300,296,100.0,20.376068376068375,89.88034188034189,79.62393162393163,10.256410256410255,10.119658119658121
08100101,08,10,01,01,4725,2717,2873,2008,865,1852,100.0,57.5026455026455,60.804232804232804,42.49735449735449,18.306878306878307,39.195767195767196
08100102,08,10,01,02,8285,4487,5275,3798,1477,3010,100.0,54.15811707905854,63.66928183464092,45.841882920941465,17.827398913699458,36.33071816535908
08100103,08,10,01,03,7413,3808,4923,3605,1318,2490,100.0,51.36921624173749,66.41036017806556,48.63078375826252,17.779576419803046,33.58963982193444
08100104,08,10,01,04,6638,3896,4196,2742,1454,2442,100.0,58.69237722205484,63.21181078638144,41.30762277794516,21.904188008436275,36.78818921361856
08100105,08,10,01,05,5826,3715,3595,2111,1484,2231,100.0,63.76587710264332,61.70614486783384,36.23412289735668,25.472021970477172,38.29385513216615
08100206,08,10,02,06,9655,5779,5848,3876,1972,3807,100.0,59.85499741066804,60.56965302951839,40.14500258933195,20.424650440186433,39.430346970481615
08100207,08,10,02,07,7484,5061,4871,2423,2448,2613,100.0,67.6242650988776,65.08551576696954,32.37573490112239,32.70978086584714,34.914484233030464
08100208,08,10,02,08,12325,7014,7805,5311,2494,4520,100.0,56.90872210953347,63.326572008113594,43.091277890466536,20.235294117647058,36.673427991886406
08100209,08,10,02,09,8613,5178,5103,3435,1668,3510,100.0,60.118425635667016,59.24764890282132,39.881574364332984,19.36607453848833,40.75235109717868
08100310,08,10,03,10,7858,4058,5348,3800,1548,2510,100.0,51.64163909391702,68.0580300330873,48.35836090608297,19.699669127004327,31.941969966912698
08100311,08,10,03,11,7322,3582,4962,3740,1222,2360,100.0,48.921059819721386,67.76836929800602,51.07894018027861,16.689429117727396,32.23163070199399
08100312,08,10,03,12,11936,6265,7845,5671,2174,4091,100.0,52.4882707774799,65.72553619302948,47.5117292225201,18.21380697050938,34.27446380697051
08100313,08,10,03,13,3845,1493,2980,2352,628,865,100.0,38.8296488946684,77.50325097529259,61.1703511053316,16.332899869960986,22.496749024707412
08100314,08,10,03,14,8088,4973,4812,3115,1697,3276,100.0,61.48615232443125,59.495548961424326,38.51384767556875,20.98170128585559,40.50445103857567
08100415,08,10,04,15,6473,3483,4231,2990,1241,2242,100.0,53.80812606210412,65.36381894021319,46.19187393789588,19.17194500231732,34.63618105978681
08100416,08,10,04,16,6493,3467,4288,3026,1262,2205,100.0,53.39596488526105,66.0403511473895,46.60403511473895,19.436316032650545,33.9596488526105
08100417,08,10,04,17,9791,5449,6227,4342,1885,3564,100.0,55.65315085282402,63.599223776938004,44.34684914717597,19.252374629762027,36.400776223061996
08100418,08,10,04,18,9539,4614,6574,4925,1649,2965,100.0,48.36985008910787,68.91707726176747,51.63014991089213,17.286927350875352,31.082922738232522
08100419,08,10,04,19,7186,4464,4169,2722,1447,3017,100.0,62.120790425828,58.015585861397156,37.879209574172,20.13637628722516,41.98441413860284
08100520,08,10,05,20,5826,4379,3601,1447,2154,2225,100.0,75.16306213525576,61.80913147957432,24.83693786474425,36.972193614830076,38.19086852042568
08100521,08,10,05,21,9566,6401,6654,3165,3489,2912,100.0,66.91407066694543,69.55885427555927,33.08592933305457,36.472924942504704,30.441145724440727
08200622,08,20,06,22,5679,3957,3087,1722,1365,2592,100.0,69.67776016904385,54.35816164817749,30.322239830956153,24.035921817221343,45.64183835182251
08200623,08,20,06,23,5998,2783,4506,3215,1291,1492,100.0,46.39879959986663,75.12504168056019,53.60120040013337,21.523841280426808,24.874958319439813
08200624,08,20,06,24,8863,4363,6574,4500,2074,2289,100.0,49.22712399864606,74.17353040731129,50.772876001353936,23.40065440595735,25.826469592688706
08200725,08,20,07,25,2507,852,2165,1655,510,342,100.0,33.98484244116474,86.35819704826486,66.01515755883526,20.3430394894296,13.64180295173514
08200726,08,20,07,26,6193,1901,5312,4292,1020,881,100.0,30.695947036977234,85.77426126271597,69.30405296302277,16.4702082996932,14.22573873728403
08200727,08,20,07,27,7979,2557,6772,5422,1350,1207,100.0,32.04662238375736,84.87279107657602,67.95337761624263,16.919413460333374,15.127208923423987
08200728,08,20,07,28,1207,411,1029,796,233,178,100.0,34.05136702568352,85.25269262634632,65.9486329743165,19.304059652029824,14.747307373653687
08200729,08,20,07,29,1888,702,1609,1186,423,279,100.0,37.18220338983051,85.22245762711864,62.817796610169495,22.404661016949152,14.777542372881355
08200730,08,20,07,30,3351,1177,2740,2174,566,611,100.0,35.12384362876753,81.76663682482841,64.87615637123247,16.89048045359594,18.23336317517159
08200831,08,20,08,31,8378,2539,7240,5839,1401,1138,100.0,30.305562186679396,86.41680592026736,69.6944378133206,16.722368106946767,13.583194079732634
08200832,08,20,08,32,11687,4011,9897,7676,2221,1790,100.0,34.320184820741,84.68383674167879,65.67981517925901,19.00402156241978,15.316163258321211
08200833,08,20,08,33,8586,4141,6496,4445,2051,2090,100.0,48.2296762170976,75.65804798509201,51.770323782902395,23.887724202189613,24.34195201490799
08300934,08,30,09,34,12544,6805,9755,5739,4016,2789,100.0,54.249043367346935,77.76626275510205,45.750956632653065,32.015306122448976,22.23373724489796
08300935,08,30,09,35,7344,3426,5905,3918,1987,1439,100.0,46.650326797385624,80.40577342047929,53.349673202614376,27.056100217864927,19.594226579520697
08301036,08,30,10,36,7169,3573,5643,3596,2047,1526,100.0,49.8395871111731,78.71390710001394,50.16041288882689,28.553494211187054,21.286092899986052
08301037,08,30,10,37,10990,6551,8285,4439,3846,2705,100.0,59.608735213830755,75.38671519563239,40.391264786169245,34.995450409463146,24.61328480436761
08401138,08,40,11,38,2898,1031,2455,1867,588,443,100.0,35.57625948930297,84.71359558316081,64.42374051069703,20.28985507246377,15.2864044168392
08401139,08,40,11,39,4100,1494,3451,2606,845,649,100.0,36.4390243902439,84.17073170731707,63.5609756097561,20.609756097560975,15.829268292682928
08401140,08,40,11,40,2695,1004,2243,1691,552,452,100.0,37.25417439703154,83.22820037105751,62.745825602968466,20.482374768089056,16.771799628942485
08401241,08,40,12,41,8302,3211,6881,5091,1790,1421,100.0,38.67742712599374,82.88364249578414,61.32257287400626,21.561069621777882,17.116357504215852
08401242,08,40,12,42,6868,1953,6034,4915,1119,834,100.0,28.436225975538733,87.8567268491555,71.56377402446127,16.292952824694236,12.143273150844497
08401243,08,40,12,43,10061,3220,8554,6841,1713,1507,100.0,32.0047708975251,85.0213696451645,67.99522910247491,17.026140542689593,14.978630354835504
08401244,08,40,12,44,7232,1976,6531,5256,1275,701,100.0,27.323008849557525,90.30696902654867,72.67699115044249,17.629977876106196,9.693030973451327
08401245,08,40,12,45,3723,1186,3297,2537,760,426,100.0,31.856030083266184,88.55761482675261,68.14396991673381,20.413644910018803,11.44238517324738
08401246,08,40,12,46,7908,2281,6951,5627,1324,957,100.0,28.844208396560443,87.89833080424886,71.15579160343955,16.742539200809308,12.101669195751139
09100101,09,10,01,01,13269,4595,10495,8674,1821,2774,100.0,34.62958776094657,79.09412917326098,65.37041223905344,13.723716934207552,20.905870826739015
09100202,09,10,02,02,4358,960,3790,3398,392,568,100.0,22.02845341899954,86.96649839375861,77.97154658100047,8.994951812758147,13.033501606241396
09100203,09,10,02,03,6989,1584,5897,5405,492,1092,100.0,22.664186578909714,84.37544713120619,77.33581342109028,7.039633710115896,15.62455286879382
09100304,09,10,03,04,11889,2487,10351,9402,949,1538,100.0,20.918496088821602,87.06367230212801,79.0815039111784,7.982168390949617,12.936327697871983
09100305,09,10,03,05,4173,998,3552,3175,377,621,100.0,23.915648214713634,85.11861969805895,76.08435178528636,9.034267912772584,14.88138030194105
09100306,09,10,03,06,3136,1038,2564,2098,466,572,100.0,33.099489795918366,81.76020408163265,66.90051020408163,14.85969387755102,18.239795918367346
09100407,09,10,04,07,8467,1283,7675,7184,491,792,100.0,15.152946734380537,90.64603755757648,84.84705326561946,5.79898429195701,9.353962442423526
09100408,09,10,04,08,8307,1608,7322,6699,623,985,100.0,19.3571686529433,88.14253039605153,80.6428313470567,7.499699048994824,11.857469603948477
09100409,09,10,04,09,3948,1020,3499,2928,571,449,100.0,25.835866261398177,88.62715298885512,74.16413373860182,14.463019250253293,11.372847011144884
09200510,09,20,05,10,7634,2787,5501,4847,654,2133,100.0,36.50772858265653,72.05920880272465,63.49227141734346,8.56693738538119,27.94079119727535
09200511,09,20,05,11,13007,3552,10522,9455,1067,2485,100.0,27.308372414853537,80.89490274467595,72.69162758514646,8.203275159529484,19.105097255324054
09200512,09,20,05,12,3878,1195,2989,2683,306,889,100.0,30.814853017019082,77.07581227436823,69.18514698298091,7.890665291387313,22.92418772563177
09200613,09,20,06,13,10262,3751,7318,6511,807,2944,100.0,36.55232898070552,71.31163515883844,63.44767101929448,7.863964139543948,28.68836484116157
09200614,09,20,06,14,3575,420,3320,3155,165,255,100.0,11.748251748251748,92.86713286713287,88.25174825174825,4.615384615384616,7.1328671328671325
09200715,09,20,07,15,3150,1385,2132,1765,367,1018,100.0,43.96825396825397,67.68253968253968,56.03174603174603,11.65079365079365,32.317460317460316
09200716,09,20,07,16,7716,1887,6306,5829,477,1410,100.0,24.455676516329707,81.72628304821151,75.5443234836703,6.181959564541213,18.27371695178849
09200717,09,20,07,17,9708,2235,8077,7473,604,1631,100.0,23.022249690976516,83.19942315615987,76.97775030902349,6.221672847136382,16.800576843840133
09200818,09,20,08,18,3491,605,3066,2886,180,425,100.0,17.330277857347465,87.82583786880551,82.66972214265253,5.156115726152965,12.174162131194501
09200819,09,20,08,19,8473,2192,6884,6281,603,1589,100.0,25.870411896612772,81.24631181399741,74.12958810338723,7.116723710610174,18.753688186002595
09300920,09,30,09,20,12458,2570,11137,9888,1249,1321,100.0,20.629314496708943,89.39637180927917,79.37068550329106,10.02568630598812,10.603628190720823
09300921,09,30,09,21,2788,441,2574,2347,227,214,100.0,15.817790530846484,92.32424677187949,84.18220946915352,8.142037302725969,7.675753228120516
09300922,09,30,09,22,5920,1317,5064,4603,461,856,100.0,22.24662162162162,85.54054054054055,77.75337837837839,7.787162162162161,14.45945945945946
09300923,09,30,09,23,8138,1880,7222,6258,964,916,100.0,23.1014991398378,88.74416318505776,76.8985008601622,11.845662324895551,11.255836814942247
09301024,09,30,10,24,3011,593,2703,2418,285,308,100.0,19.694453669877117,89.77084025240784,80.30554633012288,9.465293922284955,10.229159747592162
09301025,09,30,10,25,11024,1925,9806,9099,707,1218,100.0,17.46190130624093,88.95137880986937,82.53809869375908,6.413280116110305,11.048621190130623
09301126,09,30,11,26,7786,1440,6876,6346,530,910,100.0,18.494734138196765,88.31235550988956,81.50526586180324,6.8070896480863095,11.687644490110454
09301227,09,30,12,27,1905,237,1805,1668,137,100,100.0,12.440944881889763,94.750656167979,87.55905511811024,7.191601049868766,5.2493438320209975
09301228,09,30,12,28,2709,369,2508,2340,168,201,100.0,13.621262458471762,92.58028792912513,86.37873754152824,6.2015503875969,7.419712070874862
09401329,09,40,13,29,10180,865,9686,9315,371,494,100.0,8.497053045186641,95.14734774066798,91.50294695481335,3.644400785854617,4.852652259332023
09401330,09,40,13,30,1899,238,1784,1661,123,115,100.0,12.53291205897841,93.94418114797261,87.46708794102159,6.477093206951026,6.055818852027383
09401431,09,40,14,31,5738,917,5134,4821,313,604,100.0,15.981178110840014,89.47368421052632,84.01882188916,5.45486232136633,10.526315789473683
09401432,09,40,14,32,1540,277,1362,1263,99,178,100.0,17.98701298701299,88.44155844155844,82.01298701298701,6.428571428571428,11.558441558441558
09401433,09,40,14,33,4444,776,3894,3668,226,550,100.0,17.461746174617463,87.62376237623762,82.53825382538254,5.085508550855086,12.376237623762377
09401534,09,40,15,34,7453,1772,6220,5681,539,1233,100.0,23.775660807728432,83.4563263115524,76.22433919227157,7.231987119280826,16.543673688447605
09401635,09,40,16,35,6964,671,6654,6293,361,310,100.0,9.635267087880528,95.54853532452613,90.36473291211948,5.183802412406663,4.451464675473866
09501736,09,50,17,36,4599,581,4205,4018,187,394,100.0,12.633181126331811,91.43292020004348,87.36681887366818,4.066101326375299,8.567079799956511
09501737,09,50,17,37,14530,1515,13691,13015,676,839,100.0,10.426703372333105,94.22573984858913,89.57329662766689,4.65244322092223,5.774260151410874
09501838,09,50,18,38,10582,1479,9644,9103,541,938,100.0,13.976563976563977,91.13589113589113,86.02343602343603,5.1124551124551125,8.864108864108864
09501939,09,50,19,39,6485,1322,5573,5163,410,912,100.0,20.38550501156515,85.93677717810331,79.61449498843484,6.322282189668465,14.063222821896684
09501940,09,50,19,40,2704,516,2339,2188,151,365,100.0,19.08284023668639,86.50147928994083,80.9171597633136,5.584319526627219,13.498520710059173
09501941,09,50,19,41,2779,442,2495,2337,158,284,100.0,15.905001799208348,89.78049658150414,84.09499820079165,5.685498380712486,10.219503418495862
09502042,09,50,20,42,4218,554,3841,3664,177,377,100.0,13.134186818397344,91.06211474632528,86.86581318160266,4.196301564722617,8.937885253674729
09502043,09,50,20,43,9166,938,8628,8228,400,538,100.0,10.233471525201834,94.1304822168885,89.76652847479816,4.363953742090334,5.869517783111499
10100101,10,10,01,01,5792,1794,4674,3998,676,1118,100.0,30.973756906077348,80.6975138121547,69.02624309392266,11.671270718232044,19.302486187845304
10100102,10,10,01,02,3616,1210,2757,2406,351,859,100.0,33.46238938053097,76.24446902654867,66.53761061946902,9.706858407079647,23.75553097345133
10100103,10,10,01,03,7718,2125,6485,5593,892,1233,100.0,27.53303964757709,84.02435864213527,72.4669603524229,11.55739828971236,15.975641357864731
10100104,10,10,01,04,7575,2324,6491,5251,1240,1084,100.0,30.67986798679868,85.68976897689768,69.32013201320132,16.36963696369637,14.31023102310231
10100205,10,10,02,05,1301,897,453,404,49,848,100.0,68.94696387394312,34.81936971560338,31.053036126056877,3.7663335895465027,65.18063028439663
10100206,10,10,02,06,11319,3267,9435,8052,1383,1884,100.0,28.86297376093295,83.35542009011397,71.13702623906705,12.218393851046912,16.64457990988603
10100207,10,10,02,07,8224,1561,7247,6663,584,977,100.0,18.98103112840467,88.12013618677042,81.01896887159533,7.101167315175097,11.879863813229571
10100208,10,10,02,08,9523,2636,7948,6887,1061,1575,100.0,27.68035282999055,83.4610941930064,72.31964717000945,11.141447022996955,16.538905806993593
10100209,10,10,02,09,8302,2449,6694,5853,841,1608,100.0,29.498915923873763,80.63117321127439,70.50108407612623,10.130089135148157,19.368826788725606
10100210,10,10,02,10,10825,3101,9170,7724,1446,1655,100.0,28.64665127020785,84.71131639722864,71.35334872979215,13.35796766743649,15.288683602771364
10100311,10,10,03,11,2239,719,1797,1520,277,442,100.0,32.11255024564538,80.25904421616794,67.88744975435462,12.37159446181331,19.740955783832067
10100312,10,10,03,12,15164,4524,12678,10640,2038,2486,100.0,29.833816934845686,83.60590873120549,70.16618306515431,13.439725666051174,16.394091268794515
10100313,10,10,03,13,4846,1586,3792,3260,532,1054,100.0,32.72802311184482,78.25010317787866,67.27197688815518,10.978126289723484,21.749896822121336
10100314,10,10,03,14,6353,1375,5634,4978,656,719,100.0,21.64331811742484,88.68251219896112,78.35668188257516,10.325830316385959,11.31748780103888
10100315,10,10,03,15,7473,2188,6340,5285,1055,1133,100.0,29.278736785762078,84.83875284357019,70.72126321423792,14.117489629332264,15.161247156429813
10100316,10,10,03,16,3732,594,3495,3138,357,237,100.0,15.916398713826366,93.64951768488746,84.08360128617363,9.565916398713826,6.350482315112541
10200417,10,20,04,17,7282,2623,5699,4659,1040,1583,100.0,36.020324086789344,78.2614666300467,63.979675913210656,14.281790716836035,21.73853336995331
10200418,10,20,04,18,6197,1244,5354,4953,401,843,100.0,20.074229465870584,86.39664353719542,79.92577053412941,6.470873003065999,13.603356462804584
10200419,10,20,04,19,4124,1890,2712,2234,478,1412,100.0,45.82929194956353,65.76139670223084,54.17070805043647,11.590688651794375,34.23860329776915
10200420,10,20,04,20,7288,2191,5568,5097,471,1720,100.0,30.06311745334797,76.39956092206367,69.93688254665203,6.462678375411636,23.600439077936333
10200421,10,20,04,21,1813,970,1232,843,389,581,100.0,53.50248207391064,67.95366795366795,46.49751792608935,21.456150027578598,32.04633204633205
10200422,10,20,04,22,6637,2765,4390,3872,518,2247,100.0,41.660388729847824,66.14434232333886,58.33961127015218,7.804731053186681,33.855657676661146
10200423,10,20,04,23,6051,2179,4487,3872,615,1564,100.0,36.01057676417121,74.15303255660221,63.98942323582879,10.163609320773425,25.846967443397784
10200524,10,20,05,24,11079,2915,8984,8164,820,2095,100.0,26.31103890242802,81.09035111472154,73.68896109757198,7.401390017149562,18.909648885278454
10200525,10,20,05,25,5343,1562,4189,3781,408,1154,100.0,29.234512446191278,78.40164701478571,70.76548755380873,7.636159460976979,21.5983529852143
10200526,10,20,05,26,6026,2175,4460,3851,609,1566,100.0,36.093594424161964,74.01261201460339,63.90640557583803,10.10620643876535,25.987387985396616
10200627,10,20,06,27,3543,878,2995,2665,330,548,100.0,24.781258820208862,84.53288173863957,75.21874117979114,9.314140558848434,15.46711826136043
10200628,10,20,06,28,6481,1828,5198,4653,545,1283,100.0,28.20552383891375,80.2036722727974,71.79447616108625,8.409196111711156,19.79632772720259
10200629,10,20,06,29,9098,1769,8077,7329,748,1021,100.0,19.44383380962849,88.77775335238513,80.55616619037151,8.22158716201363,11.22224664761486
10200630,10,20,06,30,6456,1017,5931,5439,492,525,100.0,15.752788104089218,91.86802973977694,84.24721189591078,7.6208178438661704,8.131970260223047
10300731,10,30,07,31,7767,1467,6889,6300,589,878,100.0,18.88760139049826,88.69576413029485,81.11239860950174,7.583365520793099,11.304235869705163
10300732,10,30,07,32,7078,1697,6119,5381,738,959,100.0,23.975699350098896,86.450974851653,76.0243006499011,10.426674201751908,13.54902514834699
10300733,10,30,07,33,4832,1251,4079,3581,498,753,100.0,25.88990066225166,84.41639072847681,74.11009933774835,10.306291390728477,15.58360927152318
10300734,10,30,07,34,10593,1552,9834,9041,793,759,100.0,14.65118474464269,92.83489096573209,85.34881525535731,7.486075710374776,7.165109034267912
10400835,10,40,08,35,7858,827,7451,7031,420,407,100.0,10.524306439297531,94.82056502926953,89.47569356070247,5.3448714685670655,5.179434970730465
10400836,10,40,08,36,3886,498,3565,3388,177,321,100.0,12.815234173957798,91.73957797220793,87.1847658260422,4.554812146165723,8.260422027792075
10400837,10,40,08,37,7788,672,7528,7116,412,260,100.0,8.628659476117104,96.66153055983564,91.37134052388289,5.290190035952748,3.338469440164355
10400938,10,40,09,38,10146,1018,9682,9128,554,464,100.0,10.033510743150009,95.4267691701163,89.96648925685,5.460279913266311,4.573230829883698
10400939,10,40,09,39,4481,607,4143,3874,269,338,100.0,13.546083463512609,92.45704083909841,86.4539165364874,6.003124302611025,7.542959160901584
10400940,10,40,09,40,5903,523,5632,5380,252,271,100.0,8.859901744875486,95.40911400982552,91.14009825512451,4.269015754700999,4.590885990174487
10400941,10,40,09,41,9814,947,9406,8867,539,408,100.0,9.649480334216426,95.84267373140412,90.35051966578358,5.492154065620542,4.157326268595883
11100101,11,10,01,01,3363,347,3175,3016,159,188,100.0,10.31816830211121,94.4097531965507,89.6818316978888,4.727921498661909,5.590246803449301
11100102,11,10,01,02,2996,1196,2095,1800,295,901,100.0,39.91989319092123,69.92656875834446,60.08010680907877,9.846461949265688,30.07343124165554
11100203,11,10,02,03,9085,3217,6978,5868,1110,2107,100.0,35.41001651073197,76.80792515134837,64.58998348926802,12.217941662080351,23.19207484865162
11100204,11,10,02,04,7036,2494,5398,4542,856,1638,100.0,35.4462762933485,76.7197271176805,64.55372370665151,12.166003411028994,23.2802728823195
11100205,11,10,02,05,6244,2040,4814,4204,610,1430,100.0,32.67136450992953,77.09801409352978,67.32863549007047,9.769378603459321,22.901985906470212
11100206,11,10,02,06,7677,2476,5857,5201,656,1820,100.0,32.252181841865315,76.29282271720724,67.74781815813469,8.545004559072554,23.707177282792756
11100307,11,10,03,07,11795,3896,9398,7899,1499,2397,100.0,33.030945315811785,79.67782958880882,66.96905468418821,12.7087749046206,20.32217041119118
11100308,11,10,03,08,9570,3045,7579,6525,1054,1991,100.0,31.818181818181817,79.19540229885057,68.18181818181817,11.013584117032394,20.804597701149426
11100309,11,10,03,09,6265,1681,5057,4584,473,1208,100.0,26.831604150039905,80.71827613727055,73.1683958499601,7.549880287310455,19.28172386272945
11200410,11,20,04,10,10153,3369,7651,6784,867,2502,100.0,33.18231064709938,75.35703732886832,66.81768935290063,8.539347975967694,24.642962671131684
11200411,11,20,04,11,6864,1816,5697,5048,649,1167,100.0,26.456876456876454,82.99825174825175,73.54312354312354,9.455128205128204,17.001748251748253
11200512,11,20,05,12,3928,865,3286,3063,223,642,100.0,22.021384928716905,83.65580448065172,77.9786150712831,5.677189409368635,16.34419551934827
11200513,11,20,05,13,10079,2858,7939,7221,718,2140,100.0,28.35598769719218,78.76773489433475,71.64401230280781,7.1237225915269375,21.232265105665242
11200514,11,20,05,14,15741,5113,12444,10628,1816,3297,100.0,32.48205323677022,79.05469792262245,67.51794676322979,11.536751159392669,20.945302077377548
11200515,11,20,05,15,4296,1073,3690,3223,467,606,100.0,24.976722532588454,85.89385474860335,75.02327746741155,10.870577281191807,14.106145251396649
11300616,11,30,06,16,5997,2287,4624,3710,914,1373,100.0,38.135734533933636,77.10521927630481,61.86426546606637,15.240953810238453,22.89478072369518
11300617,11,30,06,17,4336,1296,3597,3040,557,739,100.0,29.88929889298893,82.95664206642066,70.11070110701108,12.845940959409594,17.043357933579337
11300618,11,30,06,18,3798,1215,2927,2583,344,871,100.0,31.990521327014214,77.06687730384412,68.00947867298578,9.057398630858346,22.933122696155873
11300619,11,30,06,19,8527,3191,6283,5336,947,2244,100.0,37.422305617450455,73.68359329189633,62.57769438254955,11.10589890934678,26.316406708103674
11300620,11,30,06,20,11370,4185,8694,7185,1509,2676,100.0,36.80738786279684,76.46437994722956,63.19261213720316,13.271767810026386,23.535620052770447
11300721,11,30,07,21,6043,3988,2504,2055,449,3539,100.0,65.99371173258315,41.43637266258481,34.00628826741684,7.430084395167963,58.56362733741519
11300722,11,30,07,22,10300,2941,8546,7359,1187,1754,100.0,28.553398058252426,82.97087378640776,71.44660194174757,11.524271844660195,17.02912621359223
11300723,11,30,07,23,2596,1785,1038,811,227,1558,100.0,68.75963020030817,39.984591679506934,31.240369799691837,8.7442218798151,60.015408320493066
11300724,11,30,07,24,4131,1229,3298,2902,396,833,100.0,29.750665698378114,79.83539094650206,70.24933430162189,9.586056644880173,20.16460905349794
11300725,11,30,07,25,10072,2517,8350,7555,795,1722,100.0,24.990071485305798,82.9030976965846,75.0099285146942,7.893169181890388,17.09690230341541
11300826,11,30,08,26,9891,3928,7364,5963,1401,2527,100.0,39.712870286118694,74.45152158527955,60.287129713881306,14.16439187139824,25.548478414720456
11400927,11,40,09,27,4229,1126,3503,3103,400,726,100.0,26.625679829746986,82.83282099787183,73.37432017025301,9.458500827618822,17.167179002128165
11400928,11,40,09,28,2514,876,1885,1638,247,629,100.0,34.84486873508354,74.98011137629275,65.15513126491646,9.824980111376293,25.01988862370724
11400929,11,40,09,29,16558,4808,13050,11750,1300,3508,100.0,29.037323348230466,78.81386640898658,70.96267665176954,7.851189757217056,21.186133591013405
11400930,11,40,09,30,4709,910,4148,3799,349,561,100.0,19.324697387980464,88.08664259927798,80.67530261201954,7.411339987258442,11.913357400722022
11400931,11,40,09,31,6844,2006,5508,4838,670,1336,100.0,29.310344827586203,80.479251899474,70.6896551724138,9.789596727060198,19.52074810052601
11401032,11,40,10,32,6185,2390,4426,3795,631,1759,100.0,38.641875505254646,71.56022635408246,61.35812449474535,10.202101859337107,28.439773645917544
11401033,11,40,10,33,6854,2723,5148,4131,1017,1706,100.0,39.72862562007587,75.10942515319522,60.27137437992414,14.838050773271084,24.890574846804785
11401034,11,40,10,34,3360,1166,2556,2194,362,804,100.0,34.70238095238095,76.07142857142857,65.29761904761905,10.773809523809524,23.92857142857143
11401135,11,40,11,35,10929,3802,8513,7127,1386,2416,100.0,34.78817824137616,77.8936773721292,65.21182175862384,12.681855613505352,22.106322627870803
11401136,11,40,11,36,8117,2079,6580,6038,542,1537,100.0,25.612911174079095,81.06443267216952,74.38708882592091,6.677343846248614,18.93556732783048
11401137,11,40,11,37,8678,3066,6766,5612,1154,1912,100.0,35.33072136436967,77.96727356533763,64.66927863563033,13.297994929707304,22.032726434662365
11501238,11,50,12,38,4438,1171,3745,3267,478,693,100.0,26.385759351059036,84.38485804416403,73.61424064894096,10.770617395223073,15.615141955835963
11501339,11,50,13,39,10422,2583,8631,7839,792,1791,100.0,24.784110535405873,82.81519861830743,75.21588946459413,7.599309153713299,17.184801381692573
11501340,11,50,13,40,10785,1625,9909,9160,749,876,100.0,15.067222994900325,91.87760778859527,84.93277700509968,6.944830783495595,8.12239221140473
11501341,11,50,13,41,7710,1512,6777,6198,579,933,100.0,19.610894941634243,87.8988326848249,80.38910505836576,7.509727626459144,12.101167315175097
12100101,12,10,01,01,10970,6285,7180,4685,2495,3790,100.0,57.292616226071104,65.45123062898814,42.707383773928896,22.743846855059253,34.54876937101185
12100102,12,10,01,02,9871,5084,6746,4787,1959,3125,100.0,51.504406848343635,68.34160672677541,48.495593151656365,19.846013575119034,31.6583932732246
12100103,12,10,01,03,7592,3513,5565,4079,1486,2027,100.0,46.272391991570075,73.30084299262381,53.727608008429925,19.57323498419389,26.699157007376183
12100204,12,10,02,04,8856,4390,6329,4466,1863,2527,100.0,49.57091237579043,71.46567299006324,50.42908762420958,21.036585365853657,28.534327009936767
12100205,12,10,02,05,13881,6692,9961,7189,2772,3920,100.0,48.20978315683308,71.75995965708523,51.79021684316692,19.969742813918305,28.240040342914774
12100206,12,10,02,06,4656,1627,3762,3029,733,894,100.0,34.94415807560137,80.79896907216495,65.05584192439862,15.743127147766323,19.201030927835053
12200307,12,20,03,07,2715,1140,2025,1575,450,690,100.0,41.988950276243095,74.58563535911603,58.011049723756905,16.574585635359114,25.41436464088398
12200308,12,20,03,08,5725,2625,4277,3100,1177,1448,100.0,45.851528384279476,74.70742358078603,54.14847161572053,20.558951965065503,25.292576419213976
12200309,12,20,03,09,10931,6175,7017,4756,2261,3914,100.0,56.49071448174915,64.19357789772208,43.50928551825085,20.684292379471227,35.80642210227792
12200310,12,20,03,10,8095,4887,5183,3208,1975,2912,100.0,60.37059913526869,64.0271772699197,39.629400864731316,24.397776405188388,35.972822730080296
12200411,12,20,04,11,342,231,192,111,81,150,100.0,67.54385964912281,56.14035087719298,32.45614035087719,23.684210526315788,43.859649122807014
12200412,12,20,04,12,6375,2341,5072,4034,1038,1303,100.0,36.72156862745098,79.56078431372549,63.278431372549015,16.28235294117647,20.43921568627451
12200413,12,20,04,13,8058,3459,6157,4599,1558,1901,100.0,42.926284437825764,76.40853809878382,57.07371556217423,19.33482253660958,23.59146190121618
12200414,12,20,04,14,1649,631,1224,1018,206,425,100.0,38.26561552456034,74.22680412371135,61.73438447543966,12.49241964827168,25.773195876288657
12200515,12,20,05,15,11071,2868,9385,8203,1182,1686,100.0,25.90551892331316,84.77102339445398,74.09448107668683,10.676542317767138,15.228976605546022
12400616,12,40,06,16,6030,1005,5554,5025,529,476,100.0,16.666666666666664,92.10613598673301,83.33333333333334,8.772802653399667,7.893864013266998
12400617,12,40,06,17,6835,1019,6416,5816,600,419,100.0,14.90855888807608,93.86978785662033,85.09144111192391,8.778346744696416,6.130212143379663
12400618,12,40,06,18,3776,681,3488,3095,393,288,100.0,18.034957627118644,92.37288135593221,81.96504237288136,10.407838983050848,7.627118644067797
12400619,12,40,06,19,7780,1266,7168,6514,654,612,100.0,16.272493573264782,92.13367609254499,83.72750642673522,8.406169665809768,7.866323907455013
12400720,12,40,07,20,8624,1338,8046,7286,760,578,100.0,15.514842300556586,93.29777365491651,84.48515769944342,8.812615955473097,6.7022263450834885
12400721,12,40,07,21,8090,1301,7440,6789,651,650,100.0,16.08158220024722,91.96538936959209,83.91841779975277,8.046971569839307,8.034610630407911
12400722,12,40,07,22,8585,1395,7883,7190,693,702,100.0,16.249271986022134,91.82294700058242,83.75072801397788,8.072218986604543,8.177052999417588
12400723,12,40,07,23,8168,1436,7460,6732,728,708,100.0,17.580803134182172,91.33202742409402,82.41919686581782,8.9128305582762,8.667972575905974
12500824,12,50,08,24,9622,1721,8756,7901,855,866,100.0,17.886094367075454,90.9997921430056,82.11390563292454,8.885886510081065,9.000207856994388
12500825,12,50,08,25,6824,2085,5427,4739,688,1397,100.0,30.55392731535756,79.52813599062134,69.44607268464243,10.082063305978899,20.471864009378663
12500926,12,50,09,26,5074,1517,4209,3557,652,865,100.0,29.897516752069375,82.95230587307843,70.10248324793062,12.849822625147814,17.047694126921563
12500927,12,50,09,27,6621,1803,5738,4818,920,883,100.0,27.23153602174898,86.66364597492826,72.76846397825102,13.89518199667724,13.336354025071742
12500928,12,50,09,28,5205,1132,4640,4073,567,565,100.0,21.74831892411143,89.14505283381364,78.25168107588857,10.893371757925072,10.854947166186358
12500929,12,50,09,29,5102,935,4751,4167,584,351,100.0,18.326146609172874,93.1203449627597,81.67385339082712,11.446491571932576,6.8796550372402985
12500930,12,50,09,30,10192,3845,7661,6347,1314,2531,100.0,37.72566718995291,75.16679748822605,62.27433281004709,12.892464678178964,24.83320251177394
12601031,12,60,10,31,3268,1041,2794,2227,567,474,100.0,31.85434516523868,85.49571603427172,68.14565483476133,17.350061199510403,14.504283965728273
12601032,12,60,10,32,5978,3123,4039,2855,1184,1939,100.0,52.24155235864838,67.56440281030444,47.75844764135162,19.805955168952828,32.43559718969556
12601133,12,60,11,33,11395,6088,8326,5307,3019,3069,100.0,53.42694164107065,73.06713470820534,46.57305835892935,26.494076349275996,26.932865291794645
12601134,12,60,11,34,15645,7582,11740,8063,3677,3905,100.0,48.46276765739853,75.03994886545222,51.53723234260147,23.50271652285075,24.96005113454778
12601235,12,60,12,35,10650,6299,7364,4351,3013,3286,100.0,59.14553990610328,69.14553990610328,40.85446009389672,28.291079812206572,30.854460093896712
12601236,12,60,12,36,3147,1429,2517,1718,799,630,100.0,45.408325389259616,79.98093422306958,54.59167461074039,25.3892596123292,20.019065776930407
