id,district_id,forecast_area_id,district_region_id,planning_area_id,inhabitants,inhabitants_with_migration_background,inhabitants_germans,inhabitants_germans_without_migration_background,inhabitants_germans_with_migration_background,inhabitants_foreigners,inhabitants_percentage,inhabitants_with_migration_background_percentage,inhabitants_germans_percentage,inhabitants_germans_without_migration_background_percentage,inhabitants_germans_with_migration_background_percentage,inhabitants_foreigners_percentage
01100101,01,10,01,01,3667,2432,2004,1235,769,1663,100.0,66.32124352331607,54.64957731115353,33.67875647668394,20.970820834469595,45.35042268884647
01100102,01,10,01,02,2025,1440,929,585,344,1096,100.0,71.11111111111111,45.876543209876544,28.888888888888886,16.987654320987655,54.123456790123456
01100103,01,10,01,03,5695,3486,3524,2209,1315,2171,100.0,61.21158911325725,61.87884108867428,38.78841088674276,23.090430201931518,38.12115891132572
01100104,01,10,01,04,4955,3301,2931,1654,1277,2024,100.0,66.61957618567104,59.152371342078716,33.380423814328964,25.77194752774975,40.84762865792129
01100205,01,10,02,05,2932,2009,1430,923,507,1502,100.0,68.51978171896317,48.77216916780355,31.480218281036837,17.291950886766713,51.22783083219645
01100206,01,10,02,06,1862,999,1186,863,323,676,100.0,53.651987110633726,63.69495166487648,46.348012889366274,17.346938775510203,36.30504833512352
01100207,01,10,02,07,8804,5019,5514,3785,1729,3290,100.0,57.00817810086325,62.63062244434347,42.99182189913676,19.638800545206724,37.36937755565652
01100308,01,10,03,08,7326,3655,4750,3671,1079,2576,100.0,49.89079989079989,64.83756483756484,50.10920010920012,14.72836472836473,35.162435162435166
01100309,01,10,03,09,12526,5564,8904,6962,1942,3622,100.0,44.419607216988666,71.08414497844483,55.580392783011334,15.5037521954335,28.915855021555164
01100310,01,10,03,10,10139,5496,6255,4643,1612,3884,100.0,54.20652924351514,61.69247460301804,45.79347075648486,15.899003846533189,38.30752539698195
01100311,01,10,03,11,9782,5284,6293,4498,1795,3489,100.0,54.01758331629524,64.3324473522797,45.98241668370476,18.350030668574934,35.6675526477203
01100312,01,10,03,12,10574,5464,6906,5110,1796,3668,100.0,51.67391715528655,65.31114053338378,48.32608284471345,16.985057688670324,34.68885946661623
01100313,01,10,03,13,11466,5891,7358,5575,1783,4108,100.0,51.377987092272804,64.17233560090703,48.62201290772719,15.550322693179835,35.827664399092974
01100414,01,10,04,14,5523,3289,3032,2234,798,2491,100.0,59.55096867644396,54.89770052507696,40.44903132355604,14.44866920152091,45.10229947492304
01100415,01,10,04,15,13468,6227,9156,7241,1915,4312,100.0,46.23552123552124,67.98336798336798,53.76447876447876,14.218889218889219,32.016632016632016
01100416,01,10,04,16,13587,6077,9542,7510,2032,4045,100.0,44.726576874954,70.22889526753514,55.273423125045994,14.955472142489143,29.771104732464853
01200517,01,20,05,17,3882,2433,2133,1449,684,1749,100.0,62.673879443585776,54.94590417310664,37.326120556414224,17.619783616692427,45.05409582689335
01200518,01,20,05,18,6981,4566,3808,2415,1393,3173,100.0,65.40610227761066,54.54805901733276,34.59389772238934,19.954161294943418,45.45194098266724
01200519,01,20,05,19,9531,5510,5709,4021,1688,3822,100.0,57.811352428916166,59.89927604658482,42.188647571083834,17.710628475500997,40.10072395341518
01200520,01,20,05,20,9459,4753,6488,4706,1782,2971,100.0,50.2484406385453,68.59076012263453,49.7515593614547,18.83920076117983,31.409239877365476
01200521,01,20,05,21,5354,3314,3178,2040,1138,2176,100.0,61.89764661935002,59.35748972730669,38.10235338064999,21.255136346656705,40.64251027269331
01200522,01,20,05,22,11536,4494,8894,7042,1852,2642,100.0,38.95631067961165,77.09778085991678,61.04368932038835,16.054091539528432,22.90221914008322
01200623,01,20,06,23,10988,5922,7251,5066,2185,3737,100.0,53.895158354568615,65.9901710957408,46.10484164543138,19.885329450309428,34.009828904259194
01200624,01,20,06,24,6620,4854,3189,1766,1423,3431,100.0,73.32326283987915,48.17220543806647,26.676737160120844,21.49546827794562,51.82779456193354
01200625,01,20,06,25,6882,4221,4445,2661,1784,2437,100.0,61.333914559721016,64.58878233071782,38.66608544027899,25.92269689043882,35.41121766928219
01200626,01,20,06,26,6055,2807,4292,3248,1044,1763,100.0,46.358381502890175,70.88356729975227,53.641618497109825,17.241948802642444,29.116432700247728
01200627,01,20,06,27,3344,2270,2147,1074,1073,1197,100.0,67.88277511961722,64.20454545454545,32.11722488038278,32.08732057416268,35.79545454545455
01200628,01,20,06,28,3285,1537,2393,1748,645,892,100.0,46.788432267884325,72.84627092846272,53.211567732115675,19.63470319634703,27.153729071537292
01200629,01,20,06,29,5960,2969,3888,2991,897,2072,100.0,49.81543624161074,65.23489932885906,50.18456375838927,15.0503355704698,34.76510067114094
01300730,01,30,07,30,7940,5755,4071,2185,1886,3869,100.0,72.48110831234257,51.27204030226701,27.518891687657433,23.75314861460957,48.727959697733
01300731,01,30,07,31,8904,5593,5176,3311,1865,3728,100.0,62.814465408805034,58.13117699910153,37.185534591194966,20.945642407906558,41.86882300089847
01300732,01,30,07,32,10069,6403,5929,3666,2263,4140,100.0,63.59122057801172,58.883702453073795,36.40877942198828,22.47492303108551,41.11629754692621
01300733,01,30,07,33,11592,7366,6986,4226,2760,4606,100.0,63.543823326432026,60.26570048309179,36.45617667356798,23.809523809523807,39.73429951690821
01300834,01,30,08,34,14381,9724,9819,4657,5162,4562,100.0,67.61699464571309,68.27758848480634,32.38300535428691,35.894583130519436,31.72241151519366
01300835,01,30,08,35,10813,6727,7202,4086,3116,3611,100.0,62.21215203921206,66.6050124849718,37.78784796078794,28.817164524183852,33.394987515028205
01300836,01,30,08,36,14893,10006,8532,4887,3645,6361,100.0,67.1859262740885,57.28865910159136,32.814073725911506,24.47458537567985,42.71134089840865
01400937,01,40,09,37,10922,5854,7164,5068,2096,3758,100.0,53.5982420802051,65.59238234755539,46.40175791979491,19.190624427760483,34.40761765244461
01400938,01,40,09,38,9636,5277,6215,4359,1856,3421,100.0,54.76338729763387,64.49771689497716,45.23661270236612,19.261104192611043,35.50228310502283
01400939,01,40,09,39,6157,3552,3608,2605,1003,2549,100.0,57.69043365275296,58.59996751664772,42.309566347247035,16.29040116940068,41.400032483352284
01400940,01,40,09,40,7075,3006,5676,4069,1607,1399,100.0,42.487632508833926,80.226148409894,57.51236749116608,22.713780918727917,19.773851590106005
01400941,01,40,09,41,3836,1890,2741,1946,795,1095,100.0,49.27007299270073,71.4546402502607,50.72992700729927,20.724713242961418,28.545359749739312
01400942,01,40,09,42,8646,4895,5302,3751,1551,3344,100.0,56.61577608142494,61.32315521628499,43.38422391857507,17.938931297709924,38.67684478371501
01401043,01,40,10,43,7680,5257,4430,2423,2007,3250,100.0,68.45052083333333,57.682291666666664,31.549479166666668,26.132812500000004,42.31770833333333
01401044,01,40,10,44,10235,7173,5535,3062,2473,4700,100.0,70.08304836345872,54.07914020517831,29.916951636541278,24.16218856863703,45.92085979482169
01401045,01,40,10,45,5518,4080,3038,1438,1600,2480,100.0,73.93983327292497,55.0561797752809,26.06016672707503,28.99601304820587,44.9438202247191
01401046,01,40,10,46,8856,4712,5703,4144,1559,3153,100.0,53.20686540198736,64.3970189701897,46.79313459801265,17.603884372177056,35.6029810298103
01401047,01,40,10,47,8094,5729,3892,2365,1527,4202,100.0,70.78082530269334,48.08500123548307,29.21917469730665,18.865826538176428,51.91499876451693
01401048,01,40,10,48,9542,6001,5496,3541,1955,4046,100.0,62.890379375393,57.59798784321946,37.109620624607,20.48836721861245,42.40201215678055
01401049,01,40,10,49,6659,4158,3804,2501,1303,2855,100.0,62.441808079291185,57.12569454873104,37.558191920708815,19.567502628022226,42.87430545126896
02100101,02,10,01,01,7241,5476,3621,1765,1856,3620,100.0,75.62491368595498,50.00690512360171,24.37508631404502,25.631818809556687,49.99309487639829
02100102,02,10,01,02,8796,6356,5491,2440,3051,3305,100.0,72.26011823556162,62.42610277398818,27.73988176443838,34.6862210095498,37.57389722601182
02100103,02,10,01,03,5500,3539,3673,1961,1712,1827,100.0,64.34545454545454,66.78181818181818,35.654545454545456,31.127272727272725,33.21818181818182
02100104,02,10,01,04,5590,3907,3456,1683,1773,2134,100.0,69.89266547406082,61.82468694096601,30.107334525939176,31.717352415026834,38.17531305903399
02100105,02,10,01,05,9368,6741,5978,2627,3351,3390,100.0,71.95772843723314,63.8129803586678,28.042271562766867,35.770708795900944,36.1870196413322
02100106,02,10,01,06,4874,3178,3276,1696,1580,1598,100.0,65.2031185884284,67.21378744357817,34.796881411571604,32.416906032006565,32.78621255642183
02200207,02,20,02,07,2707,1347,1830,1360,470,877,100.0,49.75988178795715,67.6025120059106,50.24011821204285,17.36239379386775,32.397487994089396
02200208,02,20,02,08,5769,2701,4038,3068,970,1731,100.0,46.8192061015774,69.99479979199168,53.18079389842261,16.814005893569075,30.00520020800832
02200209,02,20,02,09,10961,4720,8132,6241,1891,2829,100.0,43.06176443755132,74.19031110300155,56.93823556244868,17.25207554055287,25.809688896998452
02200210,02,20,02,10,12305,5765,8688,6540,2148,3617,100.0,46.85087362860626,70.60544494108086,53.14912637139374,17.456318569687117,29.394555058919135
02200211,02,20,02,11,14516,6346,10815,8170,2645,3701,100.0,43.717277486910994,74.50399559107193,56.282722513089,18.221273077982918,25.49600440892808
02200212,02,20,02,12,8362,4239,6129,4123,2006,2233,100.0,50.69361396795025,73.29586223391533,49.30638603204975,23.989476201865582,26.704137766084667
02200213,02,20,02,13,10074,4707,7074,5367,1707,3000,100.0,46.72424061941632,70.22036926742108,53.27575938058368,16.9446098868374,29.779630732578916
02300314,02,30,03,14,7065,4221,4584,2844,1740,2481,100.0,59.745222929936304,64.8832271762208,40.254777070063696,24.628450106157114,35.11677282377919
02300315,02,30,03,15,8203,4712,5380,3491,1889,2823,100.0,57.442399122272334,65.58576130683896,42.55760087772766,23.0281604291113,34.41423869316104
02300316,02,30,03,16,4212,2162,2952,2050,902,1260,100.0,51.32953466286799,70.08547008547008,48.670465337132,21.41500474833808,29.914529914529915
02300417,02,30,04,17,8315,4638,5420,3677,1743,2895,100.0,55.77871316897174,65.18340348767288,44.22128683102826,20.962116656644618,34.816596512327116
02300418,02,30,04,18,7611,3791,5207,3820,1387,2404,100.0,49.80948626987256,68.41413743266325,50.19051373012745,18.223623702535804,31.585862567336747
02300419,02,30,04,19,10459,5508,6902,4951,1951,3557,100.0,52.66277846830481,65.991012525098,47.33722153169519,18.65379099340281,34.008987474902
02400520,02,40,05,20,5878,2475,4393,3403,990,1485,100.0,42.10615855733242,74.73630486560054,57.89384144266757,16.842463422932973,25.263695134399455
02400521,02,40,05,21,8630,3700,6215,4930,1285,2415,100.0,42.87369640787949,72.0162224797219,57.12630359212051,14.889918887601391,27.983777520278096
02400522,02,40,05,22,11358,4001,8788,7357,1431,2570,100.0,35.22627223102659,77.37277689734108,64.77372776897342,12.599049128367671,22.62722310265892
02400623,02,40,06,23,13793,7251,9036,6542,2494,4757,100.0,52.570144276082075,65.51149133618502,47.42985572391793,18.081635612267092,34.488508663814976
02400624,02,40,06,24,11875,4873,8295,7002,1293,3580,100.0,41.03578947368421,69.85263157894737,58.96421052631579,10.888421052631578,30.147368421052633
02400625,02,40,06,25,1309,923,549,386,163,760,100.0,70.5118411000764,41.940412528647826,29.488158899923604,12.452253628724216,58.05958747135218
02500726,02,50,07,26,9243,3795,6567,5448,1119,2676,100.0,41.05809802012333,71.04836092177864,58.94190197987667,12.10645894190198,28.95163907822136
02500727,02,50,07,27,6566,2682,4742,3884,858,1824,100.0,40.84678647578434,72.220530003046,59.15321352421565,13.067316478830337,27.779469996954003
02500728,02,50,07,28,10090,3834,7397,6256,1141,2693,100.0,37.998017839445,73.31020812685829,62.001982160555,11.30822596630327,26.689791873141726
02500729,02,50,07,29,5453,2104,4124,3349,775,1329,100.0,38.58426554190354,75.62809462681092,61.41573445809646,14.212360168714469,24.37190537318907
02500830,02,50,08,30,4154,1877,2790,2277,513,1364,100.0,45.18536350505537,67.16417910447761,54.81463649494464,12.34954260953298,32.83582089552239
02500831,02,50,08,31,7865,3410,5459,4455,1004,2406,100.0,43.35664335664335,69.40877304513668,56.64335664335665,12.765416401780039,30.59122695486332
02500832,02,50,08,32,9544,4622,6248,4922,1326,3296,100.0,48.42833193629505,65.46521374685666,51.57166806370495,13.893545683151718,34.53478625314334
02500833,02,50,08,33,10192,4309,6973,5883,1090,3219,100.0,42.27825745682888,68.41640502354788,57.72174254317112,10.694662480376767,31.58359497645212
02500834,02,50,08,34,11341,4331,8376,7010,1366,2965,100.0,38.188872233489114,73.85592099462129,61.811127766510886,12.044793228110395,26.14407900537871
02500835,02,50,08,35,8558,3991,5648,4567,1081,2910,100.0,46.634727740126195,65.99672820752512,53.3652722598738,12.631455947651322,34.00327179247488
02500836,02,50,08,36,5089,1396,4395,3693,702,694,100.0,27.431715464727844,86.36274317154647,72.56828453527216,13.794458636274317,13.637256828453529
03100101,03,10,01,01,4653,967,4037,3686,351,616,100.0,20.78229099505695,86.7612293144208,79.21770900494305,7.543520309477756,13.238770685579196
03100102,03,10,01,02,3507,1287,2501,2220,281,1006,100.0,36.69803250641574,71.3145138294839,63.30196749358426,8.01254633589963,28.68548617051611
03100103,03,10,01,03,9591,2671,7410,6920,490,2181,100.0,27.84902512772391,77.2599311854864,72.1509748722761,5.108956313210301,22.740068814513606
03200204,03,20,02,04,2481,580,1988,1901,87,493,100.0,23.377670294236193,80.12898024989923,76.6223297057638,3.506650544135429,19.871019750100764
03200205,03,20,02,05,8964,1907,7812,7057,755,1152,100.0,21.273984828201694,87.14859437751004,78.72601517179831,8.422579205711736,12.851405622489958
03200206,03,20,02,06,6810,1737,5602,5073,529,1208,100.0,25.506607929515418,82.26138032305434,74.49339207048457,7.767988252569751,17.738619676945667
03200207,03,20,02,07,11838,2728,10086,9110,976,1752,100.0,23.04443318128062,85.20020273694881,76.95556681871938,8.24463591822943,14.79979726305119
03200308,03,20,03,08,5264,875,4834,4389,445,430,100.0,16.622340425531913,91.83130699088146,83.37765957446808,8.453647416413373,8.168693009118542
03200309,03,20,03,09,5477,1115,4829,4362,467,648,100.0,20.35786014241373,88.16870549570933,79.64213985758627,8.52656563812306,11.83129450429067
03200310,03,20,03,10,8115,1565,7346,6550,796,769,100.0,19.2852741836106,90.52372150338878,80.7147258163894,9.808995686999383,9.476278496611213
03300411,03,30,04,11,11829,3105,9753,8724,1029,2076,100.0,26.2490489475019,82.44991123510019,73.7509510524981,8.698960182602079,17.550088764899822
03300412,03,30,04,12,5237,676,4899,4561,338,338,100.0,12.908153523009355,93.54592323849532,87.09184647699064,6.454076761504678,6.454076761504678
03300413,03,30,04,13,3159,326,3016,2833,183,143,100.0,10.319721430832542,95.47325102880659,89.68027856916746,5.7929724596391265,4.526748971193416
03300514,03,30,05,14,6945,854,6409,6091,318,536,100.0,12.296616270698344,92.2822174226062,87.70338372930165,4.578833693304536,7.717782577393809
03300515,03,30,05,15,42,3,39,39,0,3,100.0,7.142857142857142,92.85714285714286,92.85714285714286,0.0,7.142857142857142
03300516,03,30,05,16,9235,3050,6876,6185,691,2359,100.0,33.02652950730915,74.45587439090417,66.97347049269085,7.4824038982133185,25.54412560909583
03300517,03,30,05,17,1097,66,1065,1031,34,32,100.0,6.01640838650866,97.08295350957155,93.98359161349134,3.099361896080219,2.917046490428441
03400618,03,40,06,18,4765,1130,4337,3635,702,428,100.0,23.71458551941238,91.01783840503673,76.28541448058762,14.732423924449108,8.982161594963275
03400619,03,40,06,19,10593,2477,9246,8116,1130,1347,100.0,23.38336637402058,87.28405550835457,76.61663362597942,10.667421882375153,12.715944491645425
03400620,03,40,06,20,3528,793,3104,2735,369,424,100.0,22.477324263038547,87.98185941043084,77.52267573696146,10.459183673469388,12.01814058956916
03400721,03,40,07,21,11893,3086,10078,8807,1271,1815,100.0,25.948036660220296,84.73892205499033,74.0519633397797,10.68695871521063,15.261077945009669
03400722,03,40,07,22,3834,881,3286,2953,333,548,100.0,22.97861241523213,85.70683359415754,77.02138758476787,8.685446009389672,14.293166405842461
03400723,03,40,07,23,7484,2113,6197,5371,826,1287,100.0,28.233564938535544,82.80331373597008,71.76643506146446,11.036878674505612,17.196686264029932
03400724,03,40,07,24,8349,1730,7276,6619,657,1073,100.0,20.721044436459458,87.14816145646185,79.27895556354055,7.869205892921308,12.851838543538149
03400725,03,40,07,25,7508,1228,6803,6280,523,705,100.0,16.35588705380927,90.61001598295152,83.64411294619073,6.965903036760788,9.389984017048482
03400826,03,40,08,26,7195,1875,5843,5320,523,1352,100.0,26.059763724808892,81.20917303683113,73.94023627519111,7.268936761640028,18.790826963168865
03400827,03,40,08,27,9690,2710,7906,6980,926,1784,100.0,27.966976264189885,81.58926728586171,72.0330237358101,9.5562435500516,18.410732714138287
03400828,03,40,08,28,4881,1467,3824,3414,410,1057,100.0,30.055316533497233,78.34460151608276,69.94468346650277,8.399918049580005,21.655398483917228
03400829,03,40,08,29,6020,1545,4941,4475,466,1079,100.0,25.664451827242523,82.07641196013289,74.33554817275747,7.740863787375416,17.923588039867113
03400830,03,40,08,30,9310,1946,8056,7364,692,1254,100.0,20.902255639097746,86.53061224489797,79.09774436090225,7.432867883995703,13.46938775510204
03400831,03,40,08,31,0,0,0,0,0,0,0.0,0.0,0.0,0.0,0.0,0.0
03500932,03,50,09,32,6616,2198,4810,4418,392,1806,100.0,33.22249093107617,72.70253929866989,66.77750906892382,5.92503022974607,27.297460701330106
03500933,03,50,09,33,7655,1751,6479,5904,575,1176,100.0,22.87393860222077,84.6374918354017,77.12606139777924,7.511430437622469,15.362508164598301
03500934,03,50,09,34,10396,3397,8029,6999,1030,2367,100.0,32.676029242016156,77.23162754905732,67.32397075798384,9.907656791073489,22.76837245094267
03500935,03,50,09,35,6750,2107,5289,4643,646,1461,100.0,31.21481481481482,78.35555555555555,68.78518518518518,9.570370370370371,21.644444444444446
03500936,03,50,09,36,10081,2683,8280,7398,882,1801,100.0,26.614423172304335,82.13470885824819,73.38557682769566,8.749132030552524,17.86529114175181
03501037,03,50,10,37,8479,2042,7013,6437,576,1466,100.0,24.083028659039982,82.71022526241302,75.91697134096002,6.793253921453002,17.28977473758698
03501038,03,50,10,38,7373,1485,6338,5888,450,1035,100.0,20.141055201410552,85.96229485962294,79.85894479858945,6.103350061033501,14.037705140377051
03601139,03,60,11,39,3894,1550,2837,2344,493,1057,100.0,39.80482794042116,72.85567539804828,60.19517205957884,12.66050333846944,27.14432460195172
03601140,03,60,11,40,6060,2212,4505,3848,657,1555,100.0,36.5016501650165,74.33993399339934,63.4983498349835,10.841584158415841,25.660066006600662
03601141,03,60,11,41,6820,2667,4965,4153,812,1855,100.0,39.10557184750733,72.80058651026393,60.894428152492665,11.906158357771261,27.199413489736067
03601142,03,60,11,42,10894,4321,7917,6573,1344,2977,100.0,39.66403524876079,72.67303102625299,60.33596475123921,12.33706627501377,27.326968973747018
03601243,03,60,12,43,6912,2254,5463,4658,805,1449,100.0,32.6099537037037,79.03645833333334,67.39004629629629,11.646412037037036,20.963541666666664
03601244,03,60,12,44,7661,2372,6104,5289,815,1557,100.0,30.96201540268894,79.67628246965148,69.03798459731105,10.638297872340425,20.323717530348517
03601245,03,60,12,45,13511,4635,10293,8876,1417,3218,100.0,34.30538080082896,76.18236992080527,65.69461919917104,10.487750721634225,23.81763007919473
03601346,03,60,13,46,5947,2338,4308,3609,699,1639,100.0,39.31393980158063,72.43988565663359,60.68606019841937,11.753825458214227,27.560114343366404
03601347,03,60,13,47,9475,3321,7350,6154,1196,2125,100.0,35.05013192612137,77.57255936675462,64.94986807387862,12.62269129287599,22.427440633245382
03601348,03,60,13,48,7459,2713,5675,4746,929,1784,100.0,36.37216785091835,76.08258479688966,63.62783214908164,12.454752647808018,23.917415203110338
03601449,03,60,14,49,9901,2381,8349,7520,829,1552,100.0,24.048075951924048,84.32481567518433,75.95192404807595,8.372891627108373,15.675184324815675
03601450,03,60,14,50,5121,3046,2420,2075,345,2701,100.0,59.480570201132586,47.256395235305604,40.51942979886741,6.7369654364381955,52.743604764694396
03601451,03,60,14,51,6465,2307,4832,4158,674,1633,100.0,35.68445475638051,74.74091260634184,64.31554524361948,10.425367362722351,25.25908739365816
03601452,03,60,14,52,4748,2054,3293,2694,599,1455,100.0,43.260320134793595,69.35551811288964,56.739679865206405,12.615838247683234,30.644481887110363
03601453,03,60,14,53,3297,1226,2546,2071,475,751,100.0,37.18531998786776,77.22171671216257,62.81468001213224,14.407036700030332,22.77828328783743
03701554,03,70,15,54,11373,4737,8200,6636,1564,3173,100.0,41.65127934581905,72.10058911456959,58.34872065418095,13.75186846038864,27.899410885430402
03701555,03,70,15,55,7301,2639,5569,4662,907,1732,100.0,36.145733461169705,76.2772222983153,63.854266538830295,12.422955759485003,23.7227777016847
03701556,03,70,15,56,8675,3647,6180,5028,1152,2495,100.0,42.040345821325644,71.23919308357348,57.95965417867435,13.279538904899136,28.760806916426514
03701657,03,70,16,57,3188,1106,2449,2082,367,739,100.0,34.692597239648684,76.81932245922208,65.30740276035132,11.511919698870765,23.180677540777918
03701658,03,70,16,58,8309,3012,6290,5297,993,2019,100.0,36.249849560717294,75.70104705740764,63.750150439282706,11.950896618124924,24.29895294259237
03701659,03,70,16,59,9463,3711,7003,5752,1251,2460,100.0,39.21589347986896,74.00401563986051,60.78410652013103,13.219909119729472,25.99598436013949
03701660,03,70,16,60,12722,3956,10258,8766,1492,2464,100.0,31.09573966357491,80.6319761043861,68.9042603364251,11.727715767961012,19.3680238956139
04100101,04,10,01,01,11719,6432,7662,5287,2375,4057,100.0,54.88522911511221,65.38100520522228,45.11477088488779,20.2662343203345,34.61899479477771
04100102,04,10,01,02,7813,4667,5429,3146,2283,2384,100.0,59.73377703826955,69.48675284781774,40.26622296173045,29.22052988608729,30.51324715218226
04200203,04,20,02,03,1458,428,1211,1030,181,247,100.0,29.35528120713306,83.05898491083677,70.64471879286694,12.414266117969822,16.941015089163237
04200204,04,20,02,04,3277,1405,2282,1872,410,995,100.0,42.87458040891059,69.63686298443699,57.12541959108941,12.511443393347573,30.363137015563012
04200205,04,20,02,05,2554,858,2024,1696,328,530,100.0,33.594361785434614,79.24823805794831,66.40563821456539,12.84259984338293,20.751761942051683
04200206,04,20,02,06,2863,879,2412,1984,428,451,100.0,30.702060775410413,84.24729304924904,69.29793922458958,14.949353824659447,15.75270695075096
04200207,04,20,02,07,3009,1128,2208,1881,327,801,100.0,37.48753738783649,73.37986041874377,62.51246261216351,10.867397806580259,26.62013958125623
04200308,04,20,03,08,6113,2285,4681,3828,853,1432,100.0,37.37935547194503,76.57451333224276,62.62064452805497,13.953868804187797,23.42548666775724
04200309,04,20,03,09,6831,2114,5724,4717,1007,1107,100.0,30.94715268628312,83.79446640316206,69.05284731371688,14.741619089445177,16.205533596837945
04200310,04,20,03,10,7532,2888,5933,4644,1289,1599,100.0,38.34306956983537,78.77057886351567,61.656930430164635,17.113648433351038,21.229421136484333
04200311,04,20,03,11,7464,3213,5492,4251,1241,1972,100.0,43.046623794212216,73.57984994640944,56.953376205787784,16.62647374062165,26.420150053590568
04300412,04,30,04,12,4520,2714,2498,1806,692,2022,100.0,60.044247787610615,55.26548672566371,39.95575221238938,15.309734513274337,44.73451327433629
04300413,04,30,04,13,9952,4854,7426,5098,2328,2526,100.0,48.774115755627015,74.61816720257235,51.225884244372985,23.392282958199356,25.38183279742765
04300414,04,30,04,14,10588,4326,8093,6262,1831,2495,100.0,40.85757461276917,76.43558745749905,59.14242538723082,17.293162070268227,23.564412542500946
04300415,04,30,04,15,6249,2513,4790,3736,1054,1459,100.0,40.21443430948952,76.65226436229797,59.78556569051048,16.866698671787486,23.347735637702034
04300416,04,30,04,16,11752,5062,8727,6690,2037,3025,100.0,43.07351940095303,74.25970047651464,56.92648059904697,17.333219877467666,25.740299523485366
04300517,04,30,05,17,9442,4730,6482,4712,1770,2960,100.0,50.095318788392284,68.6507095954247,49.90468121160771,18.746028383816988,31.349290404575303
04300518,04,30,05,18,6487,3526,4204,2961,1243,2283,100.0,54.35486357330045,64.80653614922151,45.64513642669955,19.161399722521967,35.19346385077848
04300619,04,30,06,19,8993,4390,6361,4603,1758,2632,100.0,48.81574557989548,70.7327921716891,51.18425442010452,19.548537751584565,29.26720782831091
04300620,04,30,06,20,4056,2619,2427,1437,990,1629,100.0,64.57100591715977,59.837278106508876,35.428994082840234,24.40828402366864,40.162721893491124
04300621,04,30,06,21,10832,5472,7642,5360,2282,3190,100.0,50.51698670605613,70.55022156573116,49.48301329394387,21.067208271787297,29.44977843426883
04300622,04,30,06,22,5247,3166,3458,2081,1377,1789,100.0,60.33924147131694,65.90432628168477,39.660758528683054,26.243567753001717,34.095673718315226
04300623,04,30,06,23,12219,7019,7682,5200,2482,4537,100.0,57.44332596775513,62.86930190686636,42.556674032244864,20.31262787462149,37.130698093133645
04300624,04,30,06,24,9493,4507,6644,4986,1658,2849,100.0,47.47708838091225,69.98841251448435,52.52291161908775,17.46550089539661,30.011587485515644
04400725,04,40,07,25,63,41,28,22,6,35,100.0,65.07936507936508,44.44444444444444,34.92063492063492,9.523809523809524,55.55555555555556
04400726,04,40,07,26,5419,2463,4057,2956,1101,1362,100.0,45.451190256504894,74.8662114781325,54.548809743495106,20.317401734637386,25.1337885218675
04400727,04,40,07,27,8328,3661,6260,4667,1593,2068,100.0,43.960134486071084,75.16810758885687,56.03986551392891,19.128242074927954,24.83189241114313
04400728,04,40,07,28,3194,1315,2510,1879,631,684,100.0,41.17094552285535,78.5848465873513,58.82905447714465,19.755792110206638,21.415153412648717
04400729,04,40,07,29,2785,1104,2215,1681,534,570,100.0,39.64093357271095,79.53321364452424,60.359066427289044,19.174147217235188,20.46678635547576
04400830,04,40,08,30,8410,4093,5969,4317,1652,2441,100.0,48.66825208085612,70.97502972651604,51.33174791914388,19.643281807372176,29.024970273483948
04400831,04,40,08,31,1547,505,1305,1042,263,242,100.0,32.64382676147382,84.3568196509373,67.35617323852618,17.00064641241112,15.643180349062701
04400832,04,40,08,32,7005,1989,5891,5016,875,1114,100.0,28.394004282655246,84.09707351891505,71.60599571734475,12.491077801570306,15.90292648108494
04400833,04,40,08,33,3919,1541,3140,2378,762,779,100.0,39.32125542230161,80.12248022454708,60.678744577698396,19.443735646848687,19.87751977545292
04400834,04,40,08,34,3416,1170,2807,2246,561,609,100.0,34.250585480093676,82.17213114754098,65.74941451990632,16.42271662763466,17.827868852459016
04400835,04,40,08,35,10167,2932,8582,7235,1347,1585,100.0,28.838398741024886,84.4103472017311,71.16160125897511,13.248745942755974,15.58965279826891
04500936,04,50,09,36,5601,2636,4041,2965,1076,1560,100.0,47.06302445991788,72.14783074450992,52.93697554008213,19.210855204427784,27.85216925549009
04500937,04,50,09,37,7574,3373,5538,4201,1337,2036,100.0,44.53393187219435,73.11856350673355,55.46606812780565,17.652495378927913,26.881436493266435
04500938,04,50,09,38,8325,4055,5932,4270,1662,2393,100.0,48.708708708708706,71.25525525525525,51.291291291291294,19.963963963963963,28.744744744744743
04500939,04,50,09,39,6667,3428,4721,3239,1482,1946,100.0,51.41742912854357,70.81145942702864,48.582570871456426,22.228888555572222,29.18854057297135
04501040,04,50,10,40,5871,2707,4360,3164,1196,1511,100.0,46.107988417646055,74.2633282234713,53.89201158235394,20.371316641117357,25.736671776528702
04501041,04,50,10,41,5431,2575,3867,2856,1011,1564,100.0,47.41299944761554,71.20235684036089,52.58700055238445,18.615356287976432,28.797643159639108
04501042,04,50,10,42,3739,2235,2279,1504,775,1460,100.0,59.775341000267446,60.95212623696176,40.22465899973255,20.727467237229206,39.04787376303824
04501043,04,50,10,43,11019,5296,7888,5723,2165,3131,100.0,48.0624376077684,71.58544332516563,51.9375623922316,19.647880932934022,28.41455667483438
04501044,04,50,10,44,5309,2403,3836,2906,930,1473,100.0,45.26276134865323,72.25466189489545,54.737238651346765,17.51742324354869,27.74533810510454
04501045,04,50,10,45,9257,4732,6268,4525,1743,2989,100.0,51.11807280976558,67.71092146483743,48.88192719023442,18.828994274603,32.28907853516258
04501146,04,50,11,46,4743,2261,3333,2482,851,1410,100.0,47.67025089605735,70.2719797596458,52.32974910394266,17.942230655703142,29.72802024035421
04501147,04,50,11,47,5436,2365,4121,3071,1050,1315,100.0,43.50625459896983,75.80941869021339,56.49374540103017,19.315673289183223,24.19058130978661
04501148,04,50,11,48,4514,2215,3193,2299,894,1321,100.0,49.069561364643334,70.7354895879486,50.930438635356666,19.805050952591934,29.264510412051397
04501149,04,50,11,49,9934,4282,7358,5652,1706,2576,100.0,43.10448963156835,74.06885443929939,56.895510368431644,17.173344070867728,25.931145560700624
04501150,04,50,11,50,3021,1217,2281,1804,477,740,100.0,40.2846739490235,75.50479973518702,59.7153260509765,15.789473684210526,24.495200264812976
04501151,04,50,11,51,7454,2698,5909,4756,1153,1545,100.0,36.195331365709684,79.27287362489939,63.804668634290316,15.468204990609069,20.727126375100617
04501152,04,50,11,52,6844,3132,4982,3712,1270,1862,100.0,45.76271186440678,72.79368790181181,54.23728813559322,18.556399766218586,27.206312098188196
04501153,04,50,11,53,7681,3749,5427,3932,1495,2254,100.0,48.80874886082541,70.6548626480927,51.19125113917459,19.46361150891811,29.3451373519073
05100101,05,10,01,01,4436,1171,3871,3265,606,565,100.0,26.39765554553652,87.26330027051398,73.60234445446348,13.660955816050496,12.736699729486023
05100102,05,10,01,02,4378,1295,3597,3083,514,781,100.0,29.579716765646413,82.1608040201005,70.42028323435359,11.740520785746916,17.839195979899497
05100103,05,10,01,03,6146,3261,4163,2885,1278,1983,100.0,53.05890009762447,67.73511226814189,46.94109990237553,20.794012365766353,32.264887731858124
05100104,05,10,01,04,6815,3630,4511,3185,1326,2304,100.0,53.26485693323551,66.19222303741746,46.735143066764486,19.45707997065297,33.80777696258254
05100105,05,10,01,05,7669,1787,6765,5882,883,904,100.0,23.301603859694875,88.212283218151,76.69839614030512,11.513887077845872,11.787716781849003
05100206,05,10,02,06,3627,1701,2615,1926,689,1012,100.0,46.898263027295286,72.09815274331403,53.101736972704714,18.996415770609318,27.90184725668597
05100207,05,10,02,07,2307,673,2041,1634,407,266,100.0,29.17208495882098,88.46987429562202,70.82791504117903,17.641959254442998,11.53012570437798
05100208,05,10,02,08,11116,5765,7659,5351,2308,3457,100.0,51.862180640518176,68.90068369917236,48.137819359481824,20.762864339690537,31.099316300827635
05100209,05,10,02,09,11827,6703,8361,5124,3237,3466,100.0,56.67540373721146,70.69417434683352,43.32459626278853,27.36957808404498,29.305825653166483
05100210,05,10,02,10,7839,3436,5529,4403,1126,2310,100.0,43.83212144406174,70.53195560658247,56.16787855593826,14.364077050644214,29.468044393417525
05100211,05,10,02,11,6243,2508,4911,3735,1176,1332,100.0,40.17299375300337,78.66410379625181,59.82700624699664,18.837097549255166,21.3358962037482
05100312,05,10,03,12,4084,1912,2803,2172,631,1281,100.0,46.81684622918707,68.63369245837414,53.18315377081293,15.450538687561213,31.366307541625858
05100313,05,10,03,13,6605,3772,4416,2833,1583,2189,100.0,57.10825132475398,66.85844057532174,42.89174867524603,23.966691900075702,33.14155942467828
05100314,05,10,03,14,7460,4824,3842,2636,1206,3618,100.0,64.66487935656836,51.50134048257373,35.33512064343164,16.16621983914209,48.498659517426276
05100315,05,10,03,15,7300,3774,4660,3526,1134,2640,100.0,51.6986301369863,63.83561643835617,48.3013698630137,15.534246575342467,36.16438356164384
05100316,05,10,03,16,10435,4870,7473,5565,1908,2962,100.0,46.66986104456157,71.61475802587447,53.330138955438436,18.284619070436033,28.38524197412554
05100317,05,10,03,17,4068,2340,2172,1728,444,1896,100.0,57.52212389380531,53.392330383480825,42.47787610619469,10.914454277286136,46.607669616519175
05200418,05,20,04,18,3845,960,3527,2885,642,318,100.0,24.967490247074124,91.72951885565669,75.03250975292588,16.69700910273082,8.270481144343304
05200419,05,20,04,19,1632,94,1599,1538,61,33,100.0,5.759803921568627,97.97794117647058,94.24019607843137,3.7377450980392157,2.0220588235294117
05200420,05,20,04,20,5874,2107,4827,3767,1060,1047,100.0,35.869935308137556,82.17568947906027,64.13006469186244,18.04562478719782,17.824310520939733
05200421,05,20,04,21,4411,1525,3410,2886,524,1001,100.0,34.572659260938565,77.3067331670823,65.42734073906144,11.879392428020857,22.693266832917704
05200422,05,20,04,22,1191,356,986,835,151,205,100.0,29.890848026868177,82.78757346767422,70.10915197313182,12.678421494542402,17.21242653232578
05200423,05,20,04,23,6813,2715,5143,4098,1045,1670,100.0,39.85028621752532,75.48803757522383,60.14971378247468,15.338323792749156,24.51196242477616
05200524,05,20,05,24,3377,1064,2923,2313,610,454,100.0,31.50725496002369,86.55611489487711,68.49274503997631,18.0633698549008,13.443885105122892
05200525,05,20,05,25,2458,729,2159,1729,430,299,100.0,29.65825874694874,87.83563873067534,70.34174125305125,17.493897477624085,12.164361269324655
05200526,05,20,05,26,5821,3661,3229,2160,1069,2592,100.0,62.892973715856385,55.47156845902765,37.107026284143615,18.36454217488404,44.52843154097234
05200527,05,20,05,27,12039,8059,7119,3980,3139,4920,100.0,66.9407758119445,59.132818340393726,33.05922418805549,26.073594152338238,40.867181659606274
05200528,05,20,05,28,7251,2391,5931,4860,1071,1320,100.0,32.97476210177906,81.79561439801407,67.02523789822094,14.77037649979313,18.204385601985933
05200629,05,20,06,29,8346,3830,5855,4516,1339,2491,100.0,45.890246824826264,70.15336688233884,54.109753175173736,16.043613707165107,29.846633117661153
05200630,05,20,06,30,10023,4294,7178,5729,1449,2845,100.0,42.8414646313479,71.61528484485683,57.158535368652096,14.456749476204731,28.38471515514317
05200631,05,20,06,31,8629,3863,6068,4766,1302,2561,100.0,44.76764399119249,70.32101054583381,55.232356008807514,15.088654537026306,29.67898945416618
05200632,05,20,06,32,3725,1927,2457,1798,659,1268,100.0,51.73154362416107,65.95973154362416,48.26845637583892,17.691275167785232,34.04026845637584
05200633,05,20,06,33,2125,698,1746,1427,319,379,100.0,32.847058823529416,82.16470588235293,67.15294117647059,15.011764705882353,17.835294117647056
05200634,05,20,06,34,4356,872,3873,3484,389,483,100.0,20.018365472910926,88.91184573002755,79.98163452708907,8.930211202938477,11.088154269972451
05300735,05,30,07,35,4480,2907,3125,1573,1552,1355,100.0,64.88839285714286,69.75446428571429,35.111607142857146,34.64285714285714,30.245535714285715
05300736,05,30,07,36,3602,2015,2713,1587,1126,889,100.0,55.941143808994994,75.31926707384787,44.058856191005,31.260410882842866,24.68073292615214
05300737,05,30,07,37,11878,5924,8681,5954,2727,3197,100.0,49.873716113823875,73.08469439299546,50.126283886176125,22.95841050681933,26.915305607004548
05300838,05,30,08,38,21,6,15,15,0,6,100.0,28.57142857142857,71.42857142857143,71.42857142857143,0.0,28.57142857142857
05300839,05,30,08,39,8046,4333,5529,3713,1816,2517,100.0,53.85284613472533,68.71737509321402,46.14715386527467,22.57022122793935,31.282624906785983
05300840,05,30,08,40,498,277,331,221,110,167,100.0,55.62248995983936,66.46586345381526,44.377510040160644,22.08835341365462,33.53413654618474
05300841,05,30,08,41,4644,2389,3178,2255,923,1466,100.0,51.442721791558995,68.43238587424634,48.557278208441005,19.87510766580534,31.567614125753664
05400942,05,40,09,42,3717,837,3337,2880,457,380,100.0,22.518159806295397,89.77670164110843,77.4818401937046,12.294861447403822,10.22329835889158
05400943,05,40,09,43,10501,2260,9651,8241,1410,850,100.0,21.521759832396913,91.90553280639939,78.47824016760309,13.427292638796304,8.09446719360061
05400944,05,40,09,44,2199,423,2019,1776,243,180,100.0,19.236016371077763,91.81446111869032,80.76398362892225,11.050477489768076,8.185538881309688
05400945,05,40,09,45,3634,650,3349,2984,365,285,100.0,17.886626307099615,92.15740231150248,82.11337369290038,10.044028618602091,7.842597688497524
06100101,06,10,01,01,6904,2026,5830,4878,952,1074,100.0,29.345307068366168,84.44380069524912,70.65469293163383,13.789107763615297,15.55619930475087
06100102,06,10,01,02,9087,3783,6866,5304,1562,2221,100.0,41.63090128755365,75.55849015076484,58.36909871244635,17.189391438318477,24.44150984923517
06100103,06,10,01,03,6137,2108,5077,4029,1048,1060,100.0,34.34903047091413,82.72771712563141,65.65096952908587,17.076747596545545,17.27228287436858
06100204,06,10,02,04,6823,2625,5412,4198,1214,1411,100.0,38.47281254580096,79.31994723728565,61.52718745419903,17.792759783086616,20.68005276271435
06100205,06,10,02,05,9985,3753,7935,6232,1703,2050,100.0,37.58637956935404,79.46920380570856,62.41362043064596,17.055583375062593,20.530796194291437
06100206,06,10,02,06,7701,2667,6224,5034,1190,1477,100.0,34.631865991429684,80.82067263991689,65.36813400857031,15.45253863134658,19.179327360083107
06100207,06,10,02,07,8124,3100,6376,5024,1352,1748,100.0,38.15854258985721,78.48350566223536,61.84145741014279,16.642048252092565,21.516494337764648
06100208,06,10,02,08,7010,2412,5697,4598,1099,1313,100.0,34.407988587731815,81.26961483594864,65.59201141226819,15.677603423680456,18.730385164051356
06100209,06,10,02,09,9377,3750,7254,5627,1627,2123,100.0,39.99146848672283,77.35949664071666,60.00853151327716,17.35096512743948,22.640503359283354
06100210,06,10,02,10,5045,1733,4089,3312,777,956,100.0,34.35084241823588,81.05054509415262,65.64915758176413,15.401387512388503,18.949454905847375
06200311,06,20,03,11,4867,1368,4153,3499,654,714,100.0,28.10766385863982,85.32977193342923,71.89233614136018,13.437435792069035,14.670228066570784
06200312,06,20,03,12,6278,2217,4929,4061,868,1349,100.0,35.31379420197515,78.51226505256452,64.68620579802486,13.826059254539663,21.487734947435488
06200313,06,20,03,13,7436,2727,5924,4709,1215,1512,100.0,36.67294244217321,79.66648735879505,63.32705755782679,16.339429800968265,20.333512641204948
06200314,06,20,03,14,7174,2457,5841,4717,1124,1333,100.0,34.248675773626985,81.41901310287149,65.75132422637301,15.667688876498467,18.580986897128522
06200315,06,20,03,15,6782,2509,5497,4273,1224,1285,100.0,36.994986729578294,81.05278678855795,63.005013270421706,18.047773518136243,18.94721321144205
06200316,06,20,03,16,5808,2678,4209,3130,1079,1599,100.0,46.108815426997246,72.46900826446281,53.89118457300276,18.577823691460054,27.530991735537192
06200317,06,20,03,17,6261,1444,5586,4817,769,675,100.0,23.063408401213863,89.21897460469573,76.93659159878614,12.2823830059096,10.781025395304264
06200418,06,20,04,18,0,0,0,0,0,0,0.0,0.0,0.0,0.0,0.0,0.0
06200419,06,20,04,19,4596,2544,3202,2052,1150,1394,100.0,55.35248041775457,69.6692776327241,44.64751958224543,25.021758050478677,30.330722367275893
06200420,06,20,04,20,7361,2434,5910,4927,983,1451,100.0,33.06615948919983,80.28800434723543,66.93384051080015,13.354163836435267,19.711995652764568
06200421,06,20,04,21,8422,2637,6857,5785,1072,1565,100.0,31.31085252909048,81.41771550700547,68.68914747090952,12.728568036095938,18.58228449299454
06200422,06,20,04,22,7099,1807,5984,5292,692,1115,100.0,25.45428933652627,84.29356247358783,74.54571066347373,9.747851810114101,15.70643752641217
06200423,06,20,04,23,8576,2680,7216,5896,1320,1360,100.0,31.25,84.14179104477611,68.75,15.391791044776118,15.858208955223882
06300524,06,30,05,24,5725,1600,4799,4125,674,926,100.0,27.947598253275107,83.82532751091703,72.0524017467249,11.77292576419214,16.17467248908297
06300525,06,30,05,25,5780,1700,4771,4080,691,1009,100.0,29.411764705882355,82.5432525951557,70.58823529411765,11.955017301038062,17.456747404844293
06300526,06,30,05,26,3366,1155,2721,2211,510,645,100.0,34.31372549019608,80.83778966131906,65.68627450980392,15.151515151515152,19.162210338680925
06300527,06,30,05,27,8499,2654,7133,5845,1288,1366,100.0,31.227203200376515,83.92752088480998,68.77279679962348,15.15472408518649,16.07247911519002
06300528,06,30,05,28,10954,2941,9443,8013,1430,1511,100.0,26.848639766295417,86.2059521635932,73.1513602337046,13.054591929888627,13.794047836406792
06300629,06,30,06,29,6998,2183,5796,4815,981,1202,100.0,31.194627036296087,82.82366390397257,68.80537296370392,14.018290940268649,17.176336096027438
06300630,06,30,06,30,5708,2456,4080,3252,828,1628,100.0,43.02733006306937,71.47862648913805,56.97266993693062,14.505956552207428,28.52137351086195
06300631,06,30,06,31,2878,1068,2199,1810,389,679,100.0,37.10910354412786,76.40722724113968,62.89089645587214,13.516330785267547,23.59277275886032
06300632,06,30,06,32,13706,4311,11658,9395,2263,2048,100.0,31.453378082591566,85.05763899022327,68.54662191740843,16.511017072814827,14.94236100977674
06300633,06,30,06,33,12015,3501,10054,8514,1540,1961,100.0,29.138576779026216,83.67873491468997,70.86142322097379,12.817311693716189,16.32126508531003
06300634,06,30,06,34,8272,2147,7117,6125,992,1155,100.0,25.955029013539654,86.0372340425532,74.04497098646034,11.992263056092844,13.962765957446807
06400735,06,40,07,35,10296,2678,8724,7618,1106,1572,100.0,26.01010101010101,84.73193473193473,73.98989898989899,10.742035742035743,15.268065268065268
06400736,06,40,07,36,5170,1195,4655,3975,680,515,100.0,23.11411992263056,90.0386847195358,76.88588007736944,13.152804642166343,9.961315280464216
06400737,06,40,07,37,11270,3879,8590,7391,1199,2680,100.0,34.41881100266194,76.22005323868677,65.58118899733807,10.638864241348713,23.77994676131322
06400838,06,40,08,38,7369,1509,6642,5860,782,727,100.0,20.47767675396933,90.13434658705387,79.52232324603067,10.612023341023205,9.865653412946125
06400839,06,40,08,39,5206,1216,4598,3990,608,608,100.0,23.357664233576642,88.32116788321169,76.64233576642336,11.678832116788321,11.678832116788321
06400840,06,40,08,40,7099,1375,6388,5724,664,711,100.0,19.368925200732498,89.9845048598394,80.6310747992675,9.353430060571911,10.015495140160587
06400841,06,40,08,41,6205,1869,5138,4336,802,1067,100.0,30.120870265914583,82.80419016921837,69.87912973408541,12.925060435132957,17.195809830781627
06400842,06,40,08,42,4814,1880,4026,2934,1092,788,100.0,39.05276277523889,83.63107602825094,60.94723722476111,22.683838803489824,16.368923971749066
06400843,06,40,08,43,4727,1479,3904,3248,656,823,100.0,31.28834355828221,82.58938015654749,68.71165644171779,13.8777237148297,17.41061984345251
06400844,06,40,08,44,7217,2576,5822,4641,1181,1395,100.0,35.693501454898154,80.67063876957185,64.30649854510185,16.36414022447,19.329361230428155
07100101,07,10,01,01,9771,4969,6871,4802,2069,2900,100.0,50.85456964486747,70.32033568723774,49.14543035513253,21.174905332105208,29.679664312762256
07100102,07,10,01,02,8701,4667,5635,4034,1601,3066,100.0,53.63751292954832,64.76267095736122,46.36248707045168,18.400183886909552,35.23732904263878
07100103,07,10,01,03,7707,4964,4868,2743,2125,2839,100.0,64.40897885039575,63.16335798624627,35.59102114960426,27.572336836642013,36.83664201375373
07100204,07,10,02,04,10354,4342,7704,6012,1692,2650,100.0,41.935483870967744,74.40602665636469,58.06451612903226,16.34151052733243,25.593973343635312
07100205,07,10,02,05,5178,3486,3175,1692,1483,2003,100.0,67.32329084588645,61.31711085361143,32.67670915411356,28.640401699497875,38.68288914638857
07100206,07,10,02,06,8324,4271,5818,4053,1765,2506,100.0,51.30946660259491,69.89428159538683,48.6905333974051,21.20374819798174,30.105718404613167
07200307,07,20,03,07,10553,4090,8320,6463,1857,2233,100.0,38.756751634606275,78.84014024448024,61.24324836539373,17.596891879086517,21.159859755519758
07200308,07,20,03,08,10643,5106,7541,5537,2004,3102,100.0,47.97519496382599,70.85408249553697,52.024805036174016,18.829277459362963,29.145917504463025
07200409,07,20,04,09,9343,3630,7289,5713,1576,2054,100.0,38.85261693246281,78.01562667237503,61.1473830675372,16.868243604837847,21.984373327624958
07200410,07,20,04,10,5649,3116,3922,2533,1389,1727,100.0,55.16020534607895,69.42821738360772,44.83979465392105,24.58842272968667,30.571782616392284
07200411,07,20,04,11,2776,1271,2039,1505,534,737,100.0,45.78530259365994,73.45100864553315,54.214697406340065,19.236311239193082,26.54899135446686
07200412,07,20,04,12,2519,1545,1565,974,591,954,100.0,61.333862643906315,62.127828503374346,38.666137356093685,23.461691147280668,37.87217149662565
07200413,07,20,04,13,7696,2846,6036,4850,1186,1660,100.0,36.98024948024948,78.43035343035342,63.01975051975052,15.410602910602911,21.56964656964657
07200414,07,20,04,14,3798,1598,2908,2200,708,890,100.0,42.07477619799895,76.56661400737231,57.92522380200106,18.64139020537125,23.4333859926277
07300515,07,30,05,15,6982,2043,5939,4939,1000,1043,100.0,29.260956745918076,85.06158693784016,70.73904325408192,14.322543683758235,14.938413062159839
07300516,07,30,05,16,8904,2865,7306,6039,1267,1598,100.0,32.176549865229106,82.05300988319856,67.8234501347709,14.229559748427672,17.946990116801437
07300517,07,30,05,17,9714,3567,7691,6147,1544,2023,100.0,36.720197652872145,79.17438748198477,63.279802347127855,15.894585134856909,20.825612518015234
07300618,07,30,06,18,9256,3269,7469,5987,1482,1787,100.0,35.31763180639585,80.69360414866033,64.68236819360415,16.01123595505618,19.306395851339673
07300619,07,30,06,19,12182,5726,9159,6456,2703,3023,100.0,47.00377606304384,75.18469873583976,52.99622393695616,22.188474798883597,24.815301264160237
07400720,07,40,07,20,11709,5111,9168,6598,2570,2541,100.0,43.65018361943804,78.29874455547015,56.349816380561954,21.948928174908193,21.70125544452985
07400721,07,40,07,21,7662,4079,4551,3583,968,3111,100.0,53.23675280605586,59.39702427564605,46.76324719394414,12.633777081701906,40.60297572435395
07400822,07,40,08,22,3283,1332,2431,1951,480,852,100.0,40.57264696923546,74.04812671337191,59.42735303076454,14.620773682607371,25.951873286628086
07400823,07,40,08,23,9742,3817,7766,5925,1841,1976,100.0,39.180866351878464,79.71669061794293,60.819133648121536,18.89755696982139,20.283309382057073
07400824,07,40,08,24,7355,3119,5593,4236,1357,1762,100.0,42.406526172671654,76.04350781781102,57.593473827328346,18.450033990482666,23.95649218218899
07400825,07,40,08,25,7213,3260,5363,3953,1410,1850,100.0,45.1961735754887,74.35186468875641,54.80382642451131,19.54803826424511,25.648135311243585
07400826,07,40,08,26,5113,1605,4300,3508,792,813,100.0,31.390573049090552,84.09935458634851,68.60942695090945,15.489927635439077,15.900645413651477
07400927,07,40,09,27,11333,5584,8043,5749,2294,3290,100.0,49.27203741286508,70.96973440395305,50.72796258713491,20.24177181681814,29.030265596046945
07400928,07,40,09,28,4007,2419,2452,1588,864,1555,100.0,60.36935363114549,61.19291240329423,39.63064636885451,21.56226603443973,38.80708759670576
07501029,07,50,10,29,8477,3964,6318,4513,1805,2159,100.0,46.76182611773033,74.53108410994456,53.23817388226967,21.292910227674884,25.46891589005544
07501030,07,50,10,30,8779,3938,6679,4841,1838,2100,100.0,44.85704522155143,76.07928010023922,55.14295477844857,20.936325321790637,23.920719899760794
07501031,07,50,10,31,9101,3400,7375,5701,1674,1726,100.0,37.35853202944731,81.03505109328644,62.64146797055269,18.393583122733766,18.96494890671355
07501032,07,50,10,32,6158,2461,5004,3697,1307,1154,100.0,39.96427411497239,81.26014939915557,60.0357258850276,21.224423514127963,18.73985060084443
07501133,07,50,11,33,8311,3714,6070,4597,1473,2241,100.0,44.687763205390446,73.0357357718686,55.31223679460955,17.72349897725905,26.96426422813139
07501134,07,50,11,34,10540,3512,8845,7028,1817,1695,100.0,33.32068311195446,83.91840607210627,66.67931688804553,17.23908918406072,16.08159392789374
07501135,07,50,11,35,2250,653,1948,1597,351,302,100.0,29.022222222222222,86.57777777777778,70.97777777777777,15.6,13.42222222222222
07601236,07,60,12,36,10287,4841,7502,5446,2056,2785,100.0,47.05939535335861,72.92699523670653,52.94060464664139,19.98639059006513,27.07300476329348
07601237,07,60,12,37,4801,1441,4123,3360,763,678,100.0,30.014580295771715,85.8779420953968,69.98541970422829,15.892522391168507,14.122057904603208
07601238,07,60,12,38,2876,1239,2342,1637,705,534,100.0,43.08066759388039,81.43254520166899,56.919332406119615,24.513212795549375,18.567454798331013
07601339,07,60,13,39,5670,2532,4631,3138,1493,1039,100.0,44.65608465608465,81.67548500881834,55.34391534391534,26.331569664903,18.32451499118166
07601340,07,60,13,40,6413,2940,5119,3473,1646,1294,100.0,45.84437860595665,79.8222360829565,54.15562139404335,25.666614688913146,20.177763917043507
07601341,07,60,13,41,2270,774,1855,1496,359,415,100.0,34.096916299559474,81.71806167400881,65.90308370044052,15.814977973568281,18.28193832599119
07601442,07,60,14,42,10384,2757,9050,7627,1423,1334,100.0,26.550462249614792,87.153312788906,73.4495377503852,13.703775038520801,12.846687211093991
07601443,07,60,14,43,10834,2832,9592,8002,1590,1242,100.0,26.13992985047074,88.53609008676389,73.86007014952925,14.676019937234633,11.463909913236108
07601544,07,60,15,44,9076,3317,7441,5759,1682,1635,100.0,36.54693697664169,81.98545614808286,63.453063023358304,18.532393124724546,18.014543851917146
07601545,07,60,15,45,8512,3626,6537,4886,1651,1975,100.0,42.598684210526315,76.79746240601504,57.401315789473685,19.396146616541355,23.202537593984964
07601546,07,60,15,46,7006,1634,6252,5372,880,754,100.0,23.322866114758778,89.2377961747074,76.67713388524122,12.56066228946617,10.762203825292605
07601547,07,60,15,47,3833,999,3247,2834,413,586,100.0,26.06313592486303,84.71171406209235,73.93686407513697,10.774849986955386,15.288285937907645
07601548,07,60,15,48,2903,623,2615,2280,335,288,100.0,21.460558043403378,90.0792283844299,78.53944195659662,11.539786427833276,9.9207716155701
08100101,08,10,01,01,4661,2692,2835,1969,866,1826,100.0,57.755846384895946,60.82385754130015,42.24415361510406,18.579703926196096,39.17614245869985
08100102,08,10,01,02,8140,4441,5239,3699,1540,2901,100.0,54.55773955773956,64.36117936117937,45.44226044226044,18.91891891891892,35.63882063882064
08100103,08,10,01,03,7205,3722,4809,3483,1326,2396,100.0,51.658570437196396,66.74531575294934,48.341429562803604,18.403886190145734,33.25468424705066
08100104,08,10,01,04,6688,4030,4103,2658,1445,2585,100.0,60.25717703349282,61.348684210526315,39.74282296650718,21.605861244019138,38.651315789473685
08100105,08,10,01,05,6290,3968,3926,2322,1604,2364,100.0,63.08426073131955,62.41653418124007,36.91573926868045,25.50079491255962,37.58346581875994
08100206,08,10,02,06,9377,5546,5760,3831,1929,3617,100.0,59.144715793963954,61.42689559560627,40.855284206036046,20.571611389570226,38.573104404393725
08100207,08,10,02,07,7460,5060,4777,2400,2377,2683,100.0,67.828418230563,64.03485254691688,32.171581769437,31.86327077747989,35.965147453083105
08100208,08,10,02,08,12010,6937,7500,5073,2427,4510,100.0,57.7601998334721,62.447960033305584,42.23980016652789,20.208159866777684,37.55203996669442
08100209,08,10,02,09,8735,5290,5167,3445,1722,3568,100.0,60.560961648540356,59.15283342873497,39.439038351459644,19.71379507727533,40.84716657126503
08100310,08,10,03,10,7604,3981,5122,3623,1499,2482,100.0,52.354024197790636,67.35928458705945,47.645975802209364,19.713308784850078,32.64071541294056
08100311,08,10,03,11,7124,3533,4828,3591,1237,2296,100.0,49.59292532285233,67.77091521617069,50.40707467714767,17.36384053902302,32.22908478382931
08100312,08,10,03,12,11518,6129,7567,5389,2178,3951,100.0,53.212363257509985,65.69716964750825,46.787636742490015,18.909532905018235,34.30283035249175
08100313,08,10,03,13,3763,1462,2949,2301,648,814,100.0,38.85197980334839,78.36832314642572,61.14802019665161,17.220302949774116,21.631676853574273
08100314,08,10,03,14,7940,4908,4720,3032,1688,3220,100.0,61.81360201511335,59.44584382871536,38.186397984886646,21.259445843828715,40.55415617128463
08100415,08,10,04,15,6461,3557,4158,2904,1254,2303,100.0,55.05339730691844,64.35536294691224,44.946602693081566,19.408760253830675,35.644637053087756
08100416,08,10,04,16,6507,3539,4239,2968,1271,2268,100.0,54.38758260335024,65.14522821576763,45.61241739664976,19.532810819117874,34.85477178423236
08100417,08,10,04,17,9510,5349,6059,4161,1898,3451,100.0,56.246056782334385,63.71188222923239,43.753943217665615,19.957939011566772,36.28811777076761
08100418,08,10,04,18,9205,4522,6323,4683,1640,2882,100.0,49.125475285171106,68.69092884302009,50.874524714828894,17.816404128191202,31.3090711569799
08100419,08,10,04,19,7233,4633,4079,2600,1479,3154,100.0,64.0536430250242,56.394303884971656,35.94635697497581,20.44794690999585,43.605696115028344
08100520,08,10,05,20,5756,4373,3460,1383,2077,2296,100.0,75.9728978457262,60.111188325225854,24.027102154273802,36.08408617095205,39.888811674774146
08100521,08,10,05,21,9513,6532,6429,2981,3448,3084,100.0,68.66393356459581,67.58120466729738,31.336066435404184,36.2451382318932,32.418795332702615
08200622,08,20,06,22,5823,4149,3033,1674,1359,2790,100.0,71.25193199381762,52.086553323029364,28.748068006182383,23.338485316846985,47.913446676970636
08200623,08,20,06,23,6707,3632,4405,3075,1330,2302,100.0,54.15237811241986,65.67765021619203,45.84762188758014,19.8300283286119,34.32234978380796
08200624,08,20,06,24,8993,4714,6410,4279,2131,2583,100.0,52.418547759368394,71.2776604025353,47.5814522406316,23.696208161903705,28.722339597464696
08200725,08,20,07,25,2556,909,2179,1647,532,377,100.0,35.563380281690144,85.25039123630674,64.43661971830986,20.81377151799687,14.74960876369327
08200726,08,20,07,26,6179,2043,5199,4136,1063,980,100.0,33.06360252468037,84.1398284512057,66.93639747531964,17.203430975886068,15.860171548794302
08200727,08,20,07,27,8097,2920,6630,5177,1453,1467,100.0,36.06273928615536,81.88217858466098,63.93726071384464,17.94491787081635,18.117821415339012
08200728,08,20,07,28,1201,421,1008,780,228,193,100.0,35.0541215653622,83.9300582847627,64.9458784346378,18.984179850124896,16.069941715237302
08200729,08,20,07,29,1882,745,1559,1137,422,323,100.0,39.58554729011689,82.8374070138151,60.41445270988311,22.422954303931988,17.16259298618491
08200730,08,20,07,30,3374,1238,2705,2136,569,669,100.0,36.69235328986366,80.17190278601068,63.30764671013633,16.864256075874334,19.82809721398933
08200831,08,20,08,31,8286,2687,7037,5599,1438,1249,100.0,32.42819213130581,84.92638184890177,67.57180786869418,17.35457398020758,15.07361815109824
08200832,08,20,08,32,11775,4391,9731,7384,2347,2044,100.0,37.29087048832272,82.6411889596603,62.70912951167729,19.932059447983015,17.358811040339702
08200833,08,20,08,33,9230,4899,6576,4331,2245,2654,100.0,53.07692307692308,71.24593716143012,46.92307692307692,24.322860238353197,28.754062838569883
08300934,08,30,09,34,12687,7136,9712,5551,4161,2975,100.0,56.24655158823993,76.55080003152833,43.75344841176007,32.797351619768264,23.449199968471664
08300935,08,30,09,35,7551,3790,5811,3761,2050,1740,100.0,50.19202754602039,76.95669447755265,49.8079724539796,27.148722023573036,23.04330552244736
08301036,08,30,10,36,7464,3919,5788,3545,2243,1676,100.0,52.505359056806,77.54555198285101,47.494640943194,30.05091103965702,22.45444801714898
08301037,08,30,10,37,11026,6661,8251,4365,3886,2775,100.0,60.41175403591511,74.83221476510067,39.58824596408489,35.24396880101578,25.16778523489933
08401138,08,40,11,38,2884,1103,2377,1781,596,507,100.0,38.245492371705964,82.42024965325936,61.75450762829403,20.665742024965326,17.57975034674064
08401139,08,40,11,39,4121,1613,3377,2508,869,744,100.0,39.14098519776753,81.94612958019898,60.85901480223247,21.087114777966512,18.05387041980102
08401140,08,40,11,40,2702,1062,2225,1640,585,477,100.0,39.30421909696521,82.34641006661732,60.69578090303479,21.650629163582533,17.65358993338268
08401241,08,40,12,41,8256,3391,6737,4865,1872,1519,100.0,41.07315891472868,81.60125968992247,58.92684108527132,22.674418604651162,18.398740310077518
08401242,08,40,12,42,6900,2122,5996,4778,1218,904,100.0,30.753623188405797,86.89855072463769,69.2463768115942,17.652173913043477,13.10144927536232
08401243,08,40,12,43,10066,3495,8365,6571,1794,1701,100.0,34.720842439896686,83.10152990264255,65.27915756010331,17.822372342539243,16.89847009735744
08401244,08,40,12,44,7299,2131,6547,5168,1379,752,100.0,29.195780243869024,89.69721879709549,70.80421975613098,18.892999040964515,10.302781202904507
08401245,08,40,12,45,3716,1269,3253,2447,806,463,100.0,34.14962325080732,87.54036598493003,65.85037674919269,21.689989235737354,12.459634015069968
08401246,08,40,12,46,7844,2376,6831,5468,1363,1013,100.0,30.290668026517082,87.08567057623662,69.70933197348292,17.376338602753698,12.914329423763386
09100101,09,10,01,01,13513,4952,10472,8561,1911,3041,100.0,36.6461925553171,77.49574483830386,63.3538074446829,14.141937393620957,22.504255161696143
09100202,09,10,02,02,4317,1017,3721,3300,421,596,100.0,23.558026407227242,86.1941162844568,76.44197359277275,9.75214269168404,13.805883715543201
09100203,09,10,02,03,7306,2067,5786,5239,547,1520,100.0,28.291814946619215,79.19518204215713,71.70818505338077,7.486996988776348,20.804817957842868
09100304,09,10,03,04,11989,2828,10226,9161,1065,1763,100.0,23.58828926515973,85.29485361581449,76.41171073484027,8.883142880974226,14.705146384185502
09100305,09,10,03,05,4285,1218,3503,3067,436,782,100.0,28.424737456242706,81.75029171528588,71.57526254375729,10.175029171528587,18.24970828471412
09100306,09,10,03,06,3101,1071,2487,2030,457,614,100.0,34.537246049661405,80.1999355046759,65.46275395033861,14.737181554337312,19.800064495324087
09100407,09,10,04,07,8598,1636,7570,6962,608,1028,100.0,19.027680856013028,88.04373110025587,80.97231914398697,7.0714119562689,11.956268899744128
09100408,09,10,04,08,8541,2037,7210,6504,706,1331,100.0,23.84966631541974,84.41634469031729,76.15033368458026,8.266011005737033,15.583655309682706
09100409,09,10,04,09,4010,1173,3440,2837,603,570,100.0,29.25187032418953,85.785536159601,70.74812967581047,15.037406483790525,14.214463840399002
09200510,09,20,05,10,8013,3333,5369,4680,689,2644,100.0,41.59490827405466,67.00361911893174,58.40509172594533,8.598527392986396,32.99638088106826
09200511,09,20,05,11,13295,4220,10264,9075,1189,3031,100.0,31.741256111320045,77.20195562241445,68.25874388867994,8.943211733734486,22.79804437758556
09200512,09,20,05,12,4196,1587,2963,2609,354,1233,100.0,37.821734985700665,70.61487130600572,62.17826501429933,8.436606291706388,29.38512869399428
09200613,09,20,06,13,10708,4388,7276,6320,956,3432,100.0,40.97870750840493,67.94919686215913,59.02129249159507,8.927904370564065,32.050803137840866
09200614,09,20,06,14,3842,706,3328,3136,192,514,100.0,18.375845913586673,86.62155127537741,81.62415408641333,4.997397188964081,13.378448724622594
09200715,09,20,07,15,4306,2187,2702,2119,583,1604,100.0,50.789595912679985,62.74965164886205,49.21040408732002,13.539247561542034,37.250348351137944
09200716,09,20,07,16,8343,2728,6205,5615,590,2138,100.0,32.698070238523314,74.37372647728635,67.30192976147669,7.071796715809661,25.62627352271365
09200717,09,20,07,17,9771,2642,7773,7129,644,1998,100.0,27.039197625626855,79.55173472520724,72.96080237437315,6.590932350834102,20.448265274792753
09200818,09,20,08,18,4103,1085,3273,3018,255,830,100.0,26.444065318059955,79.77089934194493,73.55593468194004,6.214964660004874,20.22910065805508
09200819,09,20,08,19,8660,2646,6677,6014,663,1983,100.0,30.554272517321017,77.10161662817552,69.44572748267899,7.655889145496536,22.89838337182448
09300920,09,30,09,20,13156,3181,11470,9975,1495,1686,100.0,24.17908178777744,87.18455457585893,75.82091821222257,11.363636363636363,12.815445424141075
09300921,09,30,09,21,2767,483,2507,2284,223,260,100.0,17.455728225515,90.60354174195881,82.544271774485,8.059269967473798,9.3964582580412
09300922,09,30,09,22,5976,1568,4919,4408,511,1057,100.0,26.238286479250334,82.31258366800536,73.76171352074967,8.550870147255688,17.687416331994648
09300923,09,30,09,23,9094,2972,7248,6122,1126,1846,100.0,32.68088849791071,79.70090169342423,67.31911150208929,12.381790191334947,20.299098306575765
09301024,09,30,10,24,3736,1079,3078,2657,421,658,100.0,28.88115631691649,82.38758029978587,71.11884368308351,11.268736616702355,17.612419700214133
09301025,09,30,10,25,11959,2815,10022,9144,878,1937,100.0,23.538757421189064,83.80299356133456,76.46124257881094,7.341750982523622,16.19700643866544
09301126,09,30,11,26,8283,1740,7138,6543,595,1145,100.0,21.006881564650488,86.17650609682482,78.9931184353495,7.183387661475312,13.823493903175176
09301227,09,30,12,27,1852,214,1757,1638,119,95,100.0,11.555075593952484,94.87041036717062,88.44492440604752,6.42548596112311,5.129589632829374
09301228,09,30,12,28,2624,369,2428,2255,173,196,100.0,14.0625,92.53048780487805,85.9375,6.5929878048780495,7.4695121951219505
09401329,09,40,13,29,10903,1424,9969,9479,490,934,100.0,13.060625515913053,91.43355039897276,86.93937448408695,4.494175914885811,8.56644960102724
09401330,09,40,13,30,1884,243,1761,1641,120,123,100.0,12.898089171974522,93.47133757961782,87.10191082802548,6.369426751592357,6.528662420382165
09401431,09,40,14,31,5918,1132,5064,4786,278,854,100.0,19.12808381209868,85.56944913822238,80.87191618790132,4.697532950321055,14.430550861777627
09401432,09,40,14,32,1570,319,1368,1251,117,202,100.0,20.31847133757962,87.13375796178345,79.68152866242039,7.452229299363057,12.86624203821656
09401433,09,40,14,33,4533,956,3831,3577,254,702,100.0,21.089786013677475,84.51356717405692,78.91021398632252,5.603353187734393,15.486432825943083
09401534,09,40,15,34,7508,2058,6052,5450,602,1456,100.0,27.410761854022375,80.60735215769846,72.58923814597762,8.018114011720831,19.392647842301542
09401635,09,40,16,35,7055,756,6675,6299,376,380,100.0,10.715804394046776,94.61374911410347,89.28419560595322,5.329553508150249,5.386250885896527
09501736,09,50,17,36,4690,632,4246,4058,188,444,100.0,13.475479744136459,90.53304904051173,86.52452025586354,4.008528784648187,9.466950959488273
09501737,09,50,17,37,14387,1586,13477,12801,676,910,100.0,11.02384096754014,93.67484534649336,88.97615903245986,4.698686314033503,6.3251546535066385
09501838,09,50,18,38,10810,1697,9763,9113,650,1047,100.0,15.698427382053653,90.31452358926919,84.30157261794633,6.01295097132285,9.685476410730805
09501939,09,50,19,39,6862,1774,5587,5088,499,1275,100.0,25.852521130865636,81.41941125036432,74.14747886913436,7.271932381229962,18.580588749635673
09501940,09,50,19,40,2727,640,2234,2087,147,493,100.0,23.46901356802347,81.92152548588192,76.53098643197653,5.39053905390539,18.078474514118078
09501941,09,50,19,41,2887,573,2492,2314,178,395,100.0,19.8475926567371,86.3179771388985,80.1524073432629,6.165569795635608,13.682022861101489
09502042,09,50,20,42,4272,746,3758,3526,232,514,100.0,17.462546816479403,87.96816479400749,82.5374531835206,5.430711610486892,12.03183520599251
09502043,09,50,20,43,9085,1086,8407,7999,408,678,100.0,11.953769950467805,92.53714914694552,88.0462300495322,4.490919097413318,7.462850853054485
10100101,10,10,01,01,5849,1998,4534,3851,683,1315,100.0,34.15968541631048,77.517524363139,65.84031458368952,11.677209779449479,22.482475636861
10100102,10,10,01,02,3701,1383,2682,2318,364,1019,100.0,37.3682788435558,72.46690083761146,62.63172115644421,9.835179681167252,27.53309916238854
10100103,10,10,01,03,8099,2510,6481,5589,892,1618,100.0,30.991480429682678,80.02222496604519,69.00851957031733,11.013705395727866,19.97777503395481
10100104,10,10,01,04,7592,2460,6352,5132,1220,1240,100.0,32.40252897787144,83.66701791359326,67.59747102212856,16.0695468914647,16.332982086406744
10100205,10,10,02,05,1233,876,418,357,61,815,100.0,71.04622871046229,33.90105433901054,28.953771289537713,4.94728304947283,66.09894566098946
10100206,10,10,02,06,11652,3788,9256,7864,1392,2396,100.0,32.509440439409545,79.4370065224854,67.49055956059046,11.946446961894953,20.562993477514592
10100207,10,10,02,07,8311,1807,7111,6504,607,1200,100.0,21.74226928167489,85.56130429551197,78.25773071832512,7.30357357718686,14.438695704488028
10100208,10,10,02,08,10133,3322,8000,6811,1189,2133,100.0,32.783973157011744,78.94996545939011,67.21602684298826,11.733938616401856,21.05003454060989
10100209,10,10,02,09,9584,3577,7043,6007,1036,2541,100.0,37.322621035058425,73.48706176961602,62.67737896494157,10.809682804674457,26.512938230383977
10100210,10,10,02,10,10846,3373,8924,7473,1451,1922,100.0,31.099022681172784,82.27918126498248,68.90097731882722,13.378203946155265,17.720818735017517
10100311,10,10,03,11,2347,904,1724,1443,281,623,100.0,38.51725607158074,73.45547507456327,61.48274392841926,11.972731146144014,26.54452492543673
10100312,10,10,03,12,16040,5675,12430,10365,2065,3610,100.0,35.380299251870326,77.49376558603491,64.61970074812967,12.874064837905236,22.50623441396509
10100313,10,10,03,13,5022,1881,3706,3141,565,1316,100.0,37.45519713261648,73.7953006770211,62.54480286738351,11.250497809637594,26.204699322978893
10100314,10,10,03,14,6425,1568,5519,4857,662,906,100.0,24.40466926070039,85.8988326848249,75.59533073929961,10.303501945525293,14.101167315175097
10100315,10,10,03,15,8200,2904,6455,5296,1159,1745,100.0,35.41463414634146,78.71951219512195,64.58536585365854,14.134146341463413,21.28048780487805
10100316,10,10,03,16,3680,663,3373,3017,356,307,100.0,18.016304347826086,91.65760869565217,81.98369565217392,9.67391304347826,8.342391304347826
10200417,10,20,04,17,8051,3506,5631,4545,1086,2420,100.0,43.5473854179605,69.94162215873804,56.452614582039494,13.489007576698548,30.058377841261958
10200418,10,20,04,18,7381,2203,5718,5178,540,1663,100.0,29.846904213521203,77.46917761820892,70.15309578647879,7.316081831730117,22.530822381791086
10200419,10,20,04,19,4344,2026,2846,2318,528,1498,100.0,46.6390423572744,65.51565377532228,53.3609576427256,12.154696132596685,34.484346224677715
10200420,10,20,04,20,8933,3740,5858,5193,665,3075,100.0,41.867233852009406,65.57707377140937,58.1327661479906,7.444307623418784,34.42292622859062
10200421,10,20,04,21,1742,859,1209,883,326,533,100.0,49.311136624569464,69.40298507462687,50.688863375430536,18.714121699196326,30.597014925373134
10200422,10,20,04,22,7356,3569,4393,3787,606,2963,100.0,48.51821642196846,59.71995649809679,51.48178357803154,8.238172920065253,40.28004350190321
10200423,10,20,04,23,6146,2525,4282,3621,661,1864,100.0,41.08363163032867,69.67133094695737,58.91636836967133,10.75496257728604,30.328669053042628
10200524,10,20,05,24,11610,3613,8865,7997,868,2745,100.0,31.119724375538325,76.35658914728683,68.88027562446167,7.476313522825151,23.643410852713178
10200525,10,20,05,25,5389,1845,3953,3544,409,1436,100.0,34.23640749675265,73.35312673965485,65.76359250324735,7.589534236407497,26.64687326034515
10200526,10,20,05,26,6204,2516,4293,3688,605,1911,100.0,40.5544809800129,69.1972920696325,59.4455190199871,9.75177304964539,30.802707930367507
10200627,10,20,06,27,3662,1025,2978,2637,341,684,100.0,27.99016930638995,81.3216821409066,72.00983069361004,9.31185144729656,18.67831785909339
10200628,10,20,06,28,6582,2116,5023,4466,557,1559,100.0,32.14828319659678,76.3141902157399,67.85171680340322,8.462473412336676,23.685809784260105
10200629,10,20,06,29,9114,2025,7848,7089,759,1266,100.0,22.218564845292956,86.10928242264649,77.78143515470704,8.327847267939434,13.890717577353524
10200630,10,20,06,30,6560,1216,5820,5344,476,740,100.0,18.536585365853657,88.71951219512195,81.46341463414633,7.2560975609756095,11.28048780487805
10300731,10,30,07,31,7870,1699,6756,6171,585,1114,100.0,21.58831003811944,85.84498094027954,78.41168996188055,7.433290978398984,14.155019059720459
10300732,10,30,07,32,7204,1916,5965,5288,677,1239,100.0,26.59633536923931,82.8012215435869,73.40366463076069,9.397556912826207,17.198778456413105
10300733,10,30,07,33,5277,1661,4190,3616,574,1087,100.0,31.476217547849156,79.40117490998674,68.52378245215084,10.87739245783589,20.598825090013264
10300734,10,30,07,34,10638,1670,9834,8968,866,804,100.0,15.698439556307578,92.44218838127468,84.30156044369242,8.140627937582252,7.557811618725324
10400835,10,40,08,35,7845,902,7388,6943,445,457,100.0,11.497769279796048,94.17463352453792,88.50223072020395,5.672402804333971,5.8253664754620775
10400836,10,40,08,36,3995,577,3616,3418,198,379,100.0,14.44305381727159,90.51314142678348,85.55694618272841,4.956195244055069,9.486858573216521
10400837,10,40,08,37,7904,779,7557,7125,432,347,100.0,9.85576923076923,95.60981781376519,90.14423076923077,5.465587044534413,4.390182186234818
10400938,10,40,09,38,10243,1122,9691,9121,570,552,100.0,10.95382212242507,94.61095382212243,89.04617787757493,5.564775944547496,5.3890461778775745
10400939,10,40,09,39,4482,667,4119,3815,304,363,100.0,14.881749219098616,91.90093708165998,85.11825078090138,6.7826863007585905,8.099062918340026
10400940,10,40,09,40,5854,494,5599,5360,239,255,100.0,8.438674410659377,95.64400409976085,91.56132558934063,4.082678510420226,4.355995900239153
10400941,10,40,09,41,9801,1003,9350,8798,552,451,100.0,10.23364962758902,95.39842873176207,89.76635037241097,5.632078359351087,4.601571268237935
11100101,11,10,01,01,3365,410,3154,2955,199,211,100.0,12.184249628528974,93.72956909361069,87.81575037147103,5.9138187221396725,6.270430906389302
11100102,11,10,01,02,3144,1386,2087,1758,329,1057,100.0,44.083969465648856,66.38040712468194,55.916030534351144,10.464376590330788,33.61959287531807
11100203,11,10,02,03,9412,3732,6897,5680,1217,2515,100.0,39.651508712282194,73.27879303017426,60.348491287717806,12.930301742456438,26.721206969825754
11100204,11,10,02,04,7435,2925,5438,4510,928,1997,100.0,39.34095494283793,73.14055144586416,60.659045057162075,12.481506388702085,26.859448554135845
11100205,11,10,02,05,6293,2372,4578,3921,657,1715,100.0,37.692674400127125,72.74749721913237,62.307325599872875,10.440171619259495,27.252502780867633
11100206,11,10,02,06,7758,2857,5615,4901,714,2143,100.0,36.82650167568961,72.37690126321216,63.17349832431039,9.20340293890178,27.62309873678783
11100307,11,10,03,07,11725,4088,9178,7637,1541,2547,100.0,34.865671641791046,78.2771855010661,65.13432835820896,13.142857142857142,21.7228144989339
11100308,11,10,03,08,9840,3585,7362,6255,1107,2478,100.0,36.43292682926829,74.8170731707317,63.5670731707317,11.25,25.182926829268293
11100309,11,10,03,09,6659,2167,5067,4492,575,1592,100.0,32.54242378735546,76.09250638233969,67.45757621264454,8.63493016969515,23.907493617660307
11200410,11,20,04,10,10370,3782,7536,6588,948,2834,100.0,36.470588235294116,72.67116682738668,63.52941176470588,9.14175506268081,27.328833172613308
11200411,11,20,04,11,6890,2030,5499,4860,639,1391,100.0,29.46298984034833,79.81132075471699,70.53701015965167,9.274310595065312,20.18867924528302
11200512,11,20,05,12,3945,932,3226,3013,213,719,100.0,23.624841571609632,81.7743979721166,76.37515842839036,5.399239543726235,18.225602027883397
11200513,11,20,05,13,10332,3447,7689,6885,804,2643,100.0,33.36236933797909,74.41927990708479,66.63763066202091,7.781649245063879,25.580720092915215
11200514,11,20,05,14,15694,5508,12037,10186,1851,3657,100.0,35.09621511405633,76.6981011851663,64.90378488594367,11.794316299222633,23.301898814833695
11200515,11,20,05,15,4737,1594,3671,3143,528,1066,100.0,33.64998944479628,77.4963056786996,66.35001055520372,11.146295123495884,22.5036943213004
11300616,11,30,06,16,6001,2451,4486,3550,936,1515,100.0,40.8431928011998,74.75420763206132,59.1568071988002,15.597400433261125,25.245792367938673
11300617,11,30,06,17,4396,1480,3496,2916,580,900,100.0,33.666969972702454,79.52684258416743,66.33303002729754,13.193812556869883,20.473157415832574
11300618,11,30,06,18,3820,1379,2833,2441,392,987,100.0,36.09947643979057,74.16230366492147,63.90052356020942,10.261780104712042,25.837696335078537
11300619,11,30,06,19,8901,3632,6249,5269,980,2652,100.0,40.804403999550615,70.20559487698011,59.19559600044939,11.009998876530727,29.794405123019885
11300620,11,30,06,20,11366,4488,8406,6878,1528,2960,100.0,39.48618687313039,73.95741685729368,60.51381312686961,13.443603730424073,26.042583142706317
11300721,11,30,07,21,6674,4679,2472,1995,477,4202,100.0,70.10788133053642,37.03925681750075,29.892118669463592,7.147138148037159,62.96074318249924
11300722,11,30,07,22,10215,3186,8291,7029,1262,1924,100.0,31.18942731277533,81.16495349975527,68.81057268722466,12.354380812530593,18.835046500244736
11300723,11,30,07,23,2674,1881,1016,793,223,1658,100.0,70.34405385190725,37.995512341062074,29.65594614809274,8.339566192969334,62.004487658937926
11300724,11,30,07,24,4307,1478,3278,2829,449,1029,100.0,34.31622939400975,76.10866032040863,65.68377060599025,10.424889714418388,23.891339679591365
11300725,11,30,07,25,10078,2822,8120,7256,864,1958,100.0,28.001587616590594,80.57154197261362,71.9984123834094,8.573129589204207,19.428458027386387
11300826,11,30,08,26,10479,4578,7462,5901,1561,3017,100.0,43.687374749499,71.20908483633934,56.312625250501,14.896459585838343,28.790915163660653
11400927,11,40,09,27,4231,1192,3474,3039,435,757,100.0,28.173008744977544,82.10824864098322,71.82699125502245,10.281257385960766,17.89175135901678
11400928,11,40,09,28,2812,1192,1881,1620,261,931,100.0,42.38975817923186,66.8918918918919,57.61024182076814,9.281650071123755,33.108108108108105
11400929,11,40,09,29,16826,5629,12642,11197,1445,4184,100.0,33.45417805776774,75.13372162130037,66.54582194223227,8.587899679068109,24.866278378699633
11400930,11,40,09,30,4739,1062,4061,3677,384,678,100.0,22.40979109516776,85.69318421607935,77.59020890483225,8.102975311247098,14.30681578392066
11400931,11,40,09,31,7081,2236,5559,4845,714,1522,100.0,31.577460810619968,78.50586075413078,68.42253918938003,10.083321564750742,21.494139245869228
11401032,11,40,10,32,6241,2562,4384,3679,705,1857,100.0,41.051113603589165,70.2451530203493,58.94888639641083,11.296266623938472,29.754846979650694
11401033,11,40,10,33,6838,2973,4919,3865,1054,1919,100.0,43.4776250365604,71.93623866627668,56.5223749634396,15.413863702837086,28.06376133372331
11401034,11,40,10,34,3381,1288,2434,2093,341,947,100.0,38.095238095238095,71.99053534457262,61.904761904761905,10.085773439810707,28.00946465542739
11401135,11,40,11,35,10984,4119,8277,6865,1412,2707,100.0,37.5,75.35506190823014,62.5,12.855061908230153,24.64493809176985
11401136,11,40,11,36,8350,2546,6411,5804,607,1939,100.0,30.491017964071855,76.77844311377245,69.50898203592814,7.269461077844311,23.221556886227546
11401137,11,40,11,37,8829,3469,6543,5360,1183,2286,100.0,39.290972930116666,74.10805300713558,60.709027069883334,13.399025937252237,25.891946992864423
11501238,11,50,12,38,4810,1502,3893,3308,585,917,100.0,31.22661122661123,80.93555093555094,68.77338877338877,12.162162162162163,19.064449064449065
11501339,11,50,13,39,10543,2988,8419,7555,864,2124,100.0,28.341079389168165,79.8539315185431,71.65892061083183,8.195010907711278,20.14606848145689
11501340,11,50,13,40,11178,2184,9783,8994,789,1395,100.0,19.538378958668815,87.52012882447666,80.46162104133118,7.058507783145464,12.47987117552335
11501341,11,50,13,41,9778,3176,7483,6602,881,2295,100.0,32.4810799754551,76.52894252403355,67.5189200245449,9.010022499488649,23.471057475966457
12100101,12,10,01,01,11107,6598,7068,4509,2559,4039,100.0,59.403979472404785,63.63554515170613,40.596020527595215,23.03952462411092,36.36445484829387
12100102,12,10,01,02,9986,5484,6444,4502,1942,3542,100.0,54.91688363709193,64.53034247947126,45.08311636290807,19.447226116563186,35.46965752052874
12100103,12,10,01,03,7586,3722,5422,3864,1558,2164,100.0,49.06406538360137,71.47376746638545,50.935934616398626,20.537832849986817,28.526232533614554
12100204,12,10,02,04,9479,5163,6260,4316,1944,3219,100.0,54.467770861905265,66.04072159510497,45.532229138094735,20.508492457010234,33.95927840489503
12100205,12,10,02,05,13893,7070,9639,6823,2816,4254,100.0,50.8889368746851,69.38026344202116,49.11106312531491,20.269200316706254,30.61973655797884
12100206,12,10,02,06,4745,1894,3671,2851,820,1074,100.0,39.91570073761855,77.36564805057957,60.08429926238146,17.281348788198102,22.63435194942044
12200307,12,20,03,07,2794,1315,1944,1479,465,850,100.0,47.06513958482462,69.57766642806013,52.93486041517538,16.642806012884755,30.42233357193987
12200308,12,20,03,08,5787,2801,4225,2986,1239,1562,100.0,48.40158977017453,73.00846725419042,51.598410229825475,21.410057024364956,26.99153274580957
12200309,12,20,03,09,11205,6603,6856,4602,2254,4349,100.0,58.929049531459164,61.186970102632756,41.07095046854083,20.116019634091924,38.813029897367244
12200310,12,20,03,10,8313,5232,5081,3081,2000,3232,100.0,62.937567665102854,61.12113557079274,37.06243233489715,24.058703235895585,38.87886442920727
12200411,12,20,04,11,319,226,183,93,90,136,100.0,70.84639498432603,57.36677115987461,29.153605015673982,28.213166144200624,42.63322884012539
12200412,12,20,04,12,6537,2571,5077,3966,1111,1460,100.0,39.329967875172095,77.66559583906991,60.6700321248279,16.995563714242007,22.33440416093009
12200413,12,20,04,13,8094,3676,6026,4418,1608,2068,100.0,45.41635779589819,74.45021003212256,54.5836422041018,19.866567828020756,25.54978996787744
12200414,12,20,04,14,6575,5588,1188,987,201,5387,100.0,84.98859315589354,18.068441064638783,15.011406844106464,3.0570342205323193,81.93155893536121
12200515,12,20,05,15,11040,3165,9135,7875,1260,1905,100.0,28.668478260869566,82.74456521739131,71.33152173913044,11.41304347826087,17.255434782608695
12400616,12,40,06,16,6144,1170,5551,4974,577,593,100.0,19.04296875,90.34830729166666,80.95703125,9.391276041666668,9.651692708333332
12400617,12,40,06,17,6753,1033,6327,5720,607,426,100.0,15.296905079224048,93.69169258107507,84.70309492077595,8.988597660299126,6.3083074189249215
12400618,12,40,06,18,3799,720,3474,3079,395,325,100.0,18.95235588312714,91.44511713608846,81.04764411687286,10.397473019215584,8.554882863911557
12400619,12,40,06,19,7732,1324,7103,6408,695,629,100.0,17.12364200724263,91.86497672012416,82.87635799275738,8.988618727366788,8.13502327987584
12400720,12,40,07,20,8466,1295,7910,7171,739,556,100.0,15.296480037798252,93.43255374438932,84.70351996220174,8.729033782187575,6.567446255610678
12400721,12,40,07,21,7904,1295,7282,6609,673,622,100.0,16.38410931174089,92.13056680161942,83.61589068825911,8.514676113360323,7.869433198380567
12400722,12,40,07,22,8439,1479,7683,6960,723,756,100.0,17.525773195876287,91.04159260575898,82.4742268041237,8.567365801635265,8.958407394241023
12400723,12,40,07,23,8100,1521,7338,6579,759,762,100.0,18.777777777777775,90.5925925925926,81.22222222222221,9.37037037037037,9.407407407407407
12500824,12,50,08,24,9691,1951,8672,7740,932,1019,100.0,20.132081312558043,89.4850892580745,79.86791868744196,9.617170570632545,10.514910741925497
12500825,12,50,08,25,6927,2376,5280,4551,729,1647,100.0,34.3005630142919,76.22347336509311,65.6994369857081,10.524036379385016,23.776526634906887
12500926,12,50,09,26,5206,1739,4193,3467,726,1013,100.0,33.40376488666923,80.54168267383788,66.59623511333078,13.945447560507107,19.45831732616212
12500927,12,50,09,27,6867,2073,5800,4794,1006,1067,100.0,30.187854958497162,84.46191932430465,69.81214504150284,14.649774282801806,15.538080675695355
12500928,12,50,09,28,5130,1172,4534,3958,576,596,100.0,22.846003898635477,88.38206627680312,77.15399610136451,11.228070175438596,11.617933723196881
12500929,12,50,09,29,5094,1022,4684,4072,612,410,100.0,20.06281900274833,91.95131527287003,79.93718099725167,12.014134275618375,8.048684727129956
12500930,12,50,09,30,9936,3802,7561,6134,1427,2375,100.0,38.26489533011272,76.09702093397746,61.73510466988728,14.361916264090176,23.902979066022546
12601031,12,60,10,31,3255,1091,2729,2164,565,526,100.0,33.51766513056836,83.84024577572966,66.48233486943165,17.357910906298002,16.159754224270355
12601032,12,60,10,32,6143,3503,3940,2640,1300,2203,100.0,57.02425524987791,64.13804330131858,42.97574475012209,21.162298551196486,35.861956698681425
12601133,12,60,11,33,11370,6175,8251,5195,3056,3119,100.0,54.309586631486376,72.56816182937555,45.69041336851363,26.877748460861916,27.431838170624452
12601134,12,60,11,34,15962,8078,11715,7884,3831,4247,100.0,50.607693271519864,73.39305851397067,49.392306728480136,24.00075178549054,26.606941486029317
12601235,12,60,12,35,10657,6439,7293,4218,3075,3364,100.0,60.42038097025429,68.43389321572675,39.57961902974571,28.854274185981044,31.566106784273245
12601236,12,60,12,36,3161,1471,2505,1690,815,656,100.0,46.53590635874723,79.247073710851,53.46409364125277,25.782980069598228,20.752926289149006
