id,district_id,forecast_area_id,district_region_id,inhabitants,inhabitants_with_migration_background,inhabitants_germans,inhabitants_germans_without_migration_background,inhabitants_germans_with_migration_background,inhabitants_foreigners,inhabitants_percentage,inhabitants_with_migration_background_percentage,inhabitants_germans_percentage,inhabitants_germans_without_migration_background_percentage,inhabitants_germans_with_migration_background_percentage,inhabitants_foreigners_percentage
011001,01,10,01,15155,9425,9099,5730,3369,6056,100.0,62.19069613988783,60.03959089409436,37.80930386011217,22.230287033982187,39.96040910590564
011002,01,10,02,12934,7015,8105,5919,2186,4829,100.0,54.23689500541209,62.66429565486315,45.763104994587906,16.901190660275244,37.33570434513685
011003,01,10,03,59073,26777,40769,32296,8473,18304,100.0,45.32866114807103,69.01460904304844,54.67133885192897,14.343270191119462,30.98539095695157
011004,01,10,04,31286,13360,22159,17926,4233,9127,100.0,42.70280636706514,70.82720705746979,57.297193632934864,13.530013424534937,29.172792942530208
012005,01,20,05,45619,23054,30780,22565,8215,14839,100.0,50.53596089348736,67.47188671386922,49.46403910651264,18.007847607356585,32.528113286130775
012006,01,20,06,41613,22317,27897,19296,8601,13716,100.0,53.629875279359815,67.03914642058973,46.370124720640185,20.669021699949536,32.96085357941028
013007,01,30,07,37883,23897,22675,13986,8689,15208,100.0,63.081065385529136,59.85534408573766,36.91893461447087,22.936409471266796,40.14465591426234
013008,01,30,08,39283,25095,25907,14188,11719,13376,100.0,63.88259552478171,65.94964743018609,36.11740447521829,29.832242954967796,34.05035256981391
014009,01,40,09,45377,22103,31583,23274,8309,13794,100.0,48.70969874606078,69.60133988584525,51.29030125393922,18.311038631906033,30.398660114154747
014010,01,40,10,55946,35479,32692,20467,12225,23254,100.0,63.41650877632002,58.43491938655132,36.58349122367998,21.85142816287134,41.565080613448686
021001,02,10,01,40417,27652,26200,12765,13435,14217,100.0,68.41675532572927,64.82420763540094,31.583244674270727,33.240962961130215,35.175792364599054
022002,02,20,02,64670,28328,47600,36342,11258,17070,100.0,43.803927632596256,73.60445337869183,56.19607236740374,17.40838101128808,26.39554662130818
023003,02,30,03,20342,11538,13422,8804,4618,6920,100.0,56.72008652049946,65.9817127126143,43.27991347950054,22.701799233113753,34.018287287385704
023004,02,30,04,26701,13651,18072,13050,5022,8629,100.0,51.12542601400697,67.68285831991311,48.87457398599304,18.808284333920078,32.317141680086884
024005,02,40,05,24708,7849,19716,16859,2857,4992,100.0,31.767039015703414,79.79601748421564,68.23296098429658,11.563056499919053,20.20398251578436
024006,02,40,06,25720,10620,18320,15100,3220,7400,100.0,41.29082426127527,71.22861586314151,58.70917573872473,12.519440124416798,28.771384136858476
025007,02,50,07,31197,10832,23689,20365,3324,7508,100.0,34.721287303266344,75.9335833573741,65.27871269673366,10.654870660640446,24.066416642625892
025008,02,50,08,55151,20400,40770,34751,6019,14381,100.0,36.98935649398923,73.92431687548729,63.010643506010766,10.913673369476529,26.0756831245127
031001,03,10,01,16606,3146,14315,13460,855,2291,100.0,18.94495965313742,86.20378176562689,81.05504034686258,5.148741418764303,13.796218234373118
032002,03,20,02,28523,4638,25848,23885,1963,2675,100.0,16.260561652000142,90.62160361813274,83.73943834799987,6.882165270132876,9.378396381867265
032003,03,20,03,18431,2691,17177,15740,1437,1254,100.0,14.600401497477078,93.19624545602517,85.39959850252292,7.796646953502252,6.803754543974826
033004,03,30,04,19526,2790,18013,16736,1277,1513,100.0,14.28864078664345,92.25135716480591,85.71135921335656,6.53999795144935,7.7486428351941
033005,03,30,05,15745,2152,14402,13593,809,1343,100.0,13.667831057478564,91.4703080342966,86.33216894252143,5.138139091775167,8.529691965703398
034006,03,40,06,18735,3613,17046,15122,1924,1689,100.0,19.28476114224713,90.98478783026421,80.71523885775287,10.269548972511343,9.015212169735788
034007,03,40,07,37105,6487,33417,30618,2799,3688,100.0,17.4828190270853,90.06063872793423,82.5171809729147,7.543457755019539,9.93936127206576
034008,03,40,08,35887,7133,31205,28754,2451,4682,100.0,19.876278318053892,86.95349290829549,80.12372168194611,6.829771226349375,13.046507091704518
035009,03,50,09,39359,8737,33514,30622,2892,5845,100.0,22.198226580959883,85.14952107523057,77.80177341904012,7.347747656190452,14.850478924769432
035010,03,50,10,15961,2803,13985,13158,827,1976,100.0,17.561556293465323,87.6198233193409,82.43844370653468,5.181379612806215,12.380176680659106
036011,03,60,11,26886,9098,20702,17788,2914,6184,100.0,33.83917280368966,76.99918173026855,66.16082719631035,10.838354533958194,23.00081826973146
036012,03,60,12,27261,7515,22275,19746,2529,4986,100.0,27.56685374711126,81.71013535820403,72.43314625288875,9.276989105315286,18.289864641795972
036013,03,60,13,22495,7457,17604,15038,2566,4891,100.0,33.14958879751056,78.25739053122916,66.85041120248944,11.406979328739721,21.742609468770837
036014,03,60,14,27230,7673,21867,19557,2310,5363,100.0,28.17847961806831,80.30481087036357,71.82152038193169,8.483290488431876,19.695189129636432
037015,03,70,15,27252,10119,20467,17133,3334,6785,100.0,37.13121972699251,75.1027447526787,62.86878027300749,12.233964479671217,24.897255247321297
037016,03,70,16,33470,10531,26672,22939,3733,6798,100.0,31.463997609799822,79.68927397669555,68.53600239020018,11.15327158649537,20.31072602330445
041001,04,10,01,19272,10068,13649,9204,4445,5623,100.0,52.24159402241594,70.82295558322956,47.75840597758406,23.064549605645496,29.177044416770443
042002,04,20,02,12850,4054,10309,8796,1513,2541,100.0,31.54863813229572,80.22568093385215,68.45136186770429,11.77431906614786,19.77431906614786
042003,04,20,03,28462,10130,22334,18332,4002,6128,100.0,35.591314735436725,78.46953833181084,64.40868526456327,14.060853067247558,21.530461668189165
043004,04,30,04,42742,18197,31941,24545,7396,10801,100.0,42.57404894483178,74.72977399279397,57.42595105516822,17.303822937625753,25.270226007206027
043005,04,30,05,15418,7175,11138,8243,2895,4280,100.0,46.53651576079907,72.24023868205992,53.46348423920093,18.776754442858994,27.759761317940068
043006,04,30,06,49499,24990,34232,24509,9723,15267,100.0,50.48586840138185,69.15695266571042,49.51413159861816,19.642821067092264,30.84304733428958
044007,04,40,07,19796,7872,15458,11924,3534,4338,100.0,39.76560921398262,78.08648211759952,60.23439078601738,17.852091331582137,21.913517882400484
044008,04,40,08,33705,10621,27973,23084,4889,5732,100.0,31.51164515650497,82.99362112446225,68.48835484349503,14.505266280967216,17.006378875537752
045009,04,50,09,27570,12265,20486,15305,5181,7084,100.0,44.486760972071096,74.30540442509974,55.513239027928904,18.792165397170837,25.69459557490025
045010,04,50,10,40377,18658,29128,21719,7409,11249,100.0,46.209475691606606,72.1400797483716,53.790524308393394,18.349555439978204,27.859920251628402
045011,04,50,11,49320,20396,37263,28924,8339,12057,100.0,41.3544201135442,75.55352798053528,58.6455798864558,16.90794809407948,24.44647201946472
051001,05,10,01,26678,7967,22453,18711,3742,4225,100.0,29.86355798785516,84.16298073318839,70.13644201214484,14.026538721043558,15.837019266811605
051002,05,10,02,41994,18038,32568,23956,8612,9426,100.0,42.95375529837596,77.55393627661094,57.04624470162404,20.507691574986904,22.446063723389056
051003,05,10,03,38145,18334,26484,19811,6673,11661,100.0,48.06396644383275,69.42980731419584,51.93603355616726,17.493773758028574,30.57019268580417
052004,05,20,04,23338,6459,20094,16879,3215,3244,100.0,27.675893392750023,86.09992287256834,72.32410660724999,13.775816265318364,13.900077127431656
052005,05,20,05,29827,13730,22233,16097,6136,7594,100.0,46.03211855030677,74.53984644784927,53.96788144969323,20.571964998156034,25.46015355215074
052006,05,20,06,36329,13048,28325,23281,5044,8004,100.0,35.91621019020617,77.96801453384349,64.08378980979383,13.884224724049657,22.031985466156513
053007,05,30,07,17055,8275,13307,8780,4527,3748,100.0,48.519495749047195,78.02403987100557,51.4805042509528,26.543535620052772,21.97596012899443
053008,05,30,08,12682,6085,9136,6597,2539,3546,100.0,47.98139094780003,72.03911055038638,52.01860905219997,20.020501498186405,27.960889449613624
054009,05,40,09,19929,3637,18599,16292,2307,1330,100.0,18.249786742937427,93.32630839480154,81.75021325706257,11.576095137738973,6.673691605198455
061001,06,10,01,21837,6986,18236,14851,3385,3601,100.0,31.991573934148466,83.5096396025095,68.00842606585154,15.501213536657964,16.490360397490498
061002,06,10,02,53046,17533,43854,35513,8341,9192,100.0,33.052445047694455,82.67164347924442,66.94755495230554,15.724088526938884,17.32835652075557
062003,06,20,03,43129,12968,36412,30161,6251,6717,100.0,30.06793572770062,84.42579239027104,69.93206427229937,14.493728117971665,15.574207609728951
062004,06,20,04,35664,10416,30133,25248,4885,5531,100.0,29.20592193808883,84.49136384028712,70.79407806191116,13.697285778375953,15.508636159712877
063005,06,30,05,33870,8678,29348,25192,4156,4522,100.0,25.621493947446115,86.64895187481547,74.37850605255389,12.270445822261589,13.351048125184528
063006,06,30,06,49433,13975,41985,35458,6527,7448,100.0,28.270588473287074,84.9331418283333,71.72941152671292,13.203730301620375,15.0668581716667
064007,06,40,07,26754,6858,22586,19896,2690,4168,100.0,25.633550123346044,84.42102115571504,74.36644987665396,10.054571279061076,15.578978844284967
064008,06,40,08,42534,10691,37273,31843,5430,5261,100.0,25.13518596887196,87.63107161329759,74.86481403112803,12.766257582169557,12.368928386702404
071001,07,10,01,26144,13954,17744,12190,5554,8400,100.0,53.373623011015916,67.87025703794369,46.626376988984084,21.24388004895961,32.1297429620563
071002,07,10,02,23898,11703,17034,12195,4839,6864,100.0,48.970625156916896,71.27793120763243,51.02937484308311,20.248556364549337,28.722068792367562
072003,07,20,03,21063,8623,16100,12440,3660,4963,100.0,40.93908749940654,76.4373546028581,59.06091250059345,17.376442102264637,23.562645397141907
072004,07,20,04,30743,12905,23317,17838,5479,7426,100.0,41.97703542269785,75.84490778388576,58.02296457730215,17.82194320658361,24.155092216114237
073005,07,30,05,24413,6905,20727,17508,3219,3686,100.0,28.284110924507434,84.90148691271044,71.71588907549257,13.185597837217875,15.09851308728956
073006,07,30,06,21648,8518,17210,13130,4080,4438,100.0,39.34774575018478,79.49926090169993,60.65225424981523,18.8470066518847,20.500739098300073
074007,07,40,07,17354,6643,14213,10711,3502,3141,100.0,38.27935922553878,81.90042641465945,61.72064077446122,20.179785640198226,18.099573585340558
074008,07,40,08,31739,11521,25561,20218,5343,6178,100.0,36.29919027064495,80.53498849995275,63.70080972935506,16.83417877059769,19.46501150004726
074009,07,40,09,14993,7281,10701,7712,2989,4292,100.0,48.562662575868735,71.37330754352031,51.43733742413126,19.935970119389047,28.62669245647969
075010,07,50,10,31538,12134,25467,19404,6063,6071,100.0,38.474221573974255,80.75020610057709,61.525778426025745,19.224427674551333,19.24979389942292
075011,07,50,11,20860,6920,17265,13940,3325,3595,100.0,33.17353787152445,82.76605944391179,66.82646212847555,15.939597315436242,17.233940556088207
076012,07,60,12,17773,6731,14287,11042,3245,3486,100.0,37.872053114274465,80.38597873178416,62.127946885725535,18.25803184605863,19.614021268215833
076013,07,60,13,14371,5765,11988,8606,3382,2383,100.0,40.115510402894714,83.41799457240275,59.884489597105286,23.533504975297472,16.58200542759724
076014,07,60,14,21372,4977,19218,16395,2823,2154,100.0,23.28747894441325,89.921392476137,76.71252105558675,13.208871420550253,10.078607523862997
076015,07,60,15,30785,8857,26167,21928,4239,4618,100.0,28.770505116127985,84.99918791619295,71.22949488387201,13.769693032320934,15.00081208380705
081001,08,10,01,32504,18079,20903,14425,6478,11601,100.0,55.620846665025844,64.30900812207729,44.379153334974156,19.929854787103128,35.69099187792272
081002,08,10,02,37768,22418,23874,15350,8524,13894,100.0,59.35712772717645,63.21224316882017,40.64287227282355,22.56937089599661,36.787756831179834
081003,08,10,03,38957,19945,26211,19012,7199,12746,100.0,51.19747413815232,67.28187488769669,48.80252586184768,18.47934902584901,32.71812511230331
081004,08,10,04,39415,20985,25850,18430,7420,13565,100.0,53.24115184574401,65.58416846378282,46.75884815425599,18.82532030952683,34.415831536217176
081005,08,10,05,15360,10605,10383,4755,5628,4977,100.0,69.04296875,67.59765625,30.95703125,36.640625,32.40234375
082006,08,20,06,20393,10733,14289,9660,4629,6104,100.0,52.63080468788309,70.06816064335801,47.3691953121169,22.698965331241112,29.931839356641987
082007,08,20,07,23101,7199,19855,15902,3953,3246,100.0,31.163153110254964,85.94866023115883,68.83684688974503,17.111813341413793,14.051339768841176
082008,08,20,08,28522,10100,23870,18422,5448,4652,100.0,35.411261482364495,83.68978332515252,64.58873851763552,19.101044807517003,16.310216674847485
083009,08,30,09,19847,9859,15801,9988,5813,4046,100.0,49.67501385599839,79.61404746309266,50.32498614400161,29.289061319091047,20.385952536907343
083010,08,30,10,17753,9611,13753,8142,5611,4000,100.0,54.13732890215738,77.46859685686927,45.862671097842615,31.605925759026643,22.53140314313074
084011,08,40,11,9665,3334,8243,6331,1912,1422,100.0,34.495602690118986,85.2871184687015,65.50439730988101,19.782721158820486,14.7128815312985
084012,08,40,12,43788,12845,38499,30943,7556,5289,100.0,29.33452087329862,87.92134831460675,70.66547912670138,17.25586918790536,12.07865168539326
091001,09,10,01,13153,4334,10586,8819,1767,2567,100.0,32.950657644643805,80.48353987683419,67.04934235535619,13.434197521477989,19.516460123165817
091002,09,10,02,11229,2194,9850,9035,815,1379,100.0,19.538694451865705,87.71929824561403,80.4613055481343,7.2579926974797395,12.280701754385964
091003,09,10,03,18779,3774,16493,15005,1488,2286,100.0,20.09691676873103,87.82682783960807,79.90308323126897,7.923744608339102,12.173172160391928
091004,09,10,04,20166,3166,18407,17000,1407,1759,100.0,15.699692551819894,91.27739759992066,84.3003074481801,6.977090151740553,8.722602400079342
092005,09,20,05,23760,6544,19054,17216,1838,4706,100.0,27.54208754208754,80.1936026936027,72.45791245791246,7.735690235690236,19.806397306397304
092006,09,20,06,13174,3396,10573,9778,795,2601,100.0,25.77804766965234,80.25656596326097,74.22195233034765,6.034613632913314,19.743434036739032
092007,09,20,07,20227,4824,16673,15403,1270,3554,100.0,23.849310327779698,82.42942601473278,76.1506896722203,6.278736342512484,17.570573985267217
092008,09,20,08,11534,2317,9875,9217,658,1659,100.0,20.088434194555226,85.61643835616438,79.91156580544477,5.704872550719611,14.383561643835616
093009,09,30,09,28659,5308,25932,23351,2581,2727,100.0,18.521232422624657,90.4846645032974,81.47876757737535,9.00589692592205,9.515335496702606
093010,09,30,10,13393,1948,12169,11445,724,1224,100.0,14.544911520943776,90.86089748376017,85.45508847905622,5.40580900470395,9.139102516239825
093011,09,30,11,7343,1157,6609,6186,423,734,100.0,15.75650279177448,90.00408552362794,84.24349720822552,5.760588315402424,9.995914476372054
093012,09,30,12,4504,456,4282,4048,234,222,100.0,10.124333925399645,95.07104795737122,89.87566607460036,5.195381882770871,4.928952042628774
094013,09,40,13,12028,875,11534,11153,381,494,100.0,7.274692384436316,95.8929165281011,92.7253076155637,3.1676089125374127,4.107083471898902
094014,09,40,14,11300,1282,10500,10018,482,800,100.0,11.345132743362832,92.92035398230088,88.65486725663717,4.265486725663717,7.079646017699115
094015,09,40,15,7340,1521,6323,5819,504,1017,100.0,20.722070844686648,86.14441416893733,79.27792915531336,6.866485013623978,13.855585831062669
094016,09,40,16,6851,574,6599,6277,322,252,100.0,8.37833892862356,96.3217048606043,91.62166107137644,4.70004378922785,3.678295139395708
095017,09,50,17,19037,1698,18058,17339,719,979,100.0,8.919472605977832,94.85738299101749,91.08052739402217,3.776855596995325,5.142617008982508
095018,09,50,18,9937,994,9393,8943,450,544,100.0,10.003019019824896,94.52551071752038,89.9969809801751,4.528529737345275,5.474489282479621
095019,09,50,19,11848,1879,10577,9969,608,1271,100.0,15.85921674544227,89.27245104659013,84.14078325455773,5.1316677920324105,10.727548953409858
095020,09,50,20,13282,1222,12532,12060,472,750,100.0,9.200421623249511,94.35326005119711,90.79957837675049,3.5536816744466195,5.646739948802891
101001,10,10,01,24319,6826,20589,17493,3096,3730,100.0,28.068588346560304,84.66219828117933,71.9314116534397,12.730786627739626,15.337801718820677
101002,10,10,02,48433,12377,41125,36056,5069,7308,100.0,25.554890260772613,84.91111432287903,74.44510973922739,10.466004583651642,15.088885677120972
101003,10,10,03,39172,9748,33963,29424,4539,5209,100.0,24.885122025936894,86.70223629122843,75.1148779740631,11.587358317165322,13.297763708771571
102004,10,20,04,37526,11836,29282,25690,3592,8244,100.0,31.540798379790015,78.03123167936897,68.45920162020998,9.572030059158983,21.96876832063103
102005,10,20,05,21813,5761,17702,16052,1650,4111,100.0,26.41085591161234,81.15344060881125,73.58914408838766,7.564296520423601,18.84655939118874
102006,10,20,06,25351,4794,22480,20557,1923,2871,100.0,18.91049662735198,88.67500295846318,81.08950337264802,7.585499585815156,11.324997041536824
103007,10,30,07,29128,4836,26509,24292,2217,2619,100.0,16.60258170832189,91.00865146937655,83.39741829167812,7.611233177698434,8.991348530623455
104008,10,40,08,19406,1645,18584,17761,823,822,100.0,8.476759765021127,95.76419664021437,91.52324023497887,4.240956405235495,4.235803359785633
104009,10,40,09,29783,2470,28688,27313,1375,1095,100.0,8.29332169358359,96.32340596984858,91.7066783064164,4.61672766343216,3.676594030151429
111001,11,10,01,5347,822,4796,4525,271,551,100.0,15.373106414812042,89.69515616233402,84.62689358518796,5.068262577146063,10.304843837665981
111002,11,10,02,29731,9392,23439,20339,3100,6292,100.0,31.589922976018297,78.83690424136424,68.41007702398171,10.42682721738253,21.163095758635766
111003,11,10,03,27293,7750,22317,19543,2774,4976,100.0,28.395559300919647,81.76821895724177,71.60444069908036,10.163778258161434,18.231781042758215
112004,11,20,04,16846,4674,13572,12172,1400,3274,100.0,27.745458862638017,80.56511931615815,72.25454113736198,8.310578178796153,19.43488068384186
112005,11,20,05,33519,8976,27363,24543,2820,6156,100.0,26.77884185089054,81.63429696589994,73.22115814910946,8.413138816790477,18.36570303410006
113006,11,30,06,33561,10914,26612,22647,3965,6949,100.0,32.5198891570573,79.29441911742798,67.4801108429427,11.814308274485267,20.705580882572033
113007,11,30,07,31383,10435,23638,20948,2690,7745,100.0,33.250485931873946,75.32103368065513,66.74951406812606,8.571519612529075,24.67896631934487
113008,11,30,08,9851,3651,7528,6200,1328,2323,100.0,37.06222718505735,76.41863770175617,62.93777281494265,13.48086488681352,23.581362298243832
114009,11,40,09,34156,8643,28276,25513,2763,5880,100.0,25.304485302728658,82.78486942264902,74.69551469727135,8.089354725377678,17.21513057735098
114010,11,40,10,15980,5705,12167,10275,1892,3813,100.0,35.7008760951189,76.13892365456822,64.2991239048811,11.83979974968711,23.86107634543179
114011,11,40,11,27230,7877,22046,19353,2693,5184,100.0,28.927653323540213,80.96217407271392,71.07234667645979,9.889827396254132,19.037825927286082
115012,11,50,12,4254,945,3704,3309,395,550,100.0,22.214386459802537,87.07099200752234,77.78561354019746,9.28537846732487,12.929007992477667
115013,11,50,13,28157,4774,25218,23383,1835,2939,100.0,16.95493127819015,89.56209823489718,83.04506872180986,6.517029513087332,10.437901765102817
121001,12,10,01,28462,14477,19690,13985,5705,8772,100.0,50.864310308481485,69.17995924390415,49.135689691518515,20.04426955238564,30.820040756095846
121002,12,10,02,27502,12270,20484,15232,5252,7018,100.0,44.61493709548397,74.481855865028,55.38506290451603,19.096792960511962,25.518144134972005
122003,12,20,03,27352,14371,18669,12981,5688,8683,100.0,52.540947645510386,68.25460661011992,47.459052354489614,20.795554255630304,31.745393389880082
122004,12,20,04,16100,6153,12757,9947,2810,3343,100.0,38.21739130434783,79.2360248447205,61.78260869565217,17.453416149068325,20.763975155279503
122005,12,20,05,10928,2591,9411,8337,1074,1517,100.0,23.7097364568082,86.11822840409957,76.2902635431918,9.82796486090776,13.881771595900439
124006,12,40,06,24245,3488,22818,20757,2061,1427,100.0,14.386471437409776,94.11425036089915,85.61352856259022,8.50072179830893,5.885749639100846
124007,12,40,07,33250,4798,31134,28452,2682,2116,100.0,14.430075187969923,93.6360902255639,85.56992481203008,8.066165413533835,6.36390977443609
125008,12,50,08,16405,3453,14390,12952,1438,2015,100.0,21.048460835111246,87.71715940262115,78.95153916488876,8.765620237732398,12.282840597378849
125009,12,50,09,31902,8485,27168,23417,3751,4734,100.0,26.597078553068776,85.16080496520594,73.40292144693123,11.757883518274715,14.839195034794056
126010,12,60,10,9173,3950,6860,5223,1637,2313,100.0,43.061157745557615,74.78469421127221,56.93884225444239,17.84585195682983,25.215305788727786
126011,12,60,11,26701,13109,20076,13592,6484,6625,100.0,49.09553949290289,75.1881951986817,50.90446050709711,24.283734691584584,24.811804801318303
126012,12,60,12,13710,7469,9894,6241,3653,3816,100.0,54.47848285922684,72.16630196936543,45.52151714077316,26.644784828592265,27.833698030634572
