id,district_id,forecast_area_id,district_region_id,planning_area_id,inhabitants,inhabitants_with_migration_background,inhabitants_germans,inhabitants_germans_without_migration_background,inhabitants_germans_with_migration_background,inhabitants_foreigners,inhabitants_percentage,inhabitants_with_migration_background_percentage,inhabitants_germans_percentage,inhabitants_germans_without_migration_background_percentage,inhabitants_germans_with_migration_background_percentage,inhabitants_foreigners_percentage
01011101,01,01,11,01,3420,2069,1993,1351,642,1427,100.0,60.49707602339181,58.27485380116959,39.50292397660819,18.771929824561404,41.72514619883041
01011102,01,01,11,02,186,78,123,108,15,63,100.0,41.935483870967744,66.12903225806451,58.06451612903226,8.064516129032258,33.87096774193548
01011103,01,01,11,03,5083,2922,3309,2161,1148,1774,100.0,57.48573676962424,65.09935077710014,42.51426323037577,22.585087546724374,34.90064922289986
01011104,01,01,11,04,4641,3010,2830,1631,1199,1811,100.0,64.85671191553544,60.97823744882569,35.14328808446455,25.834949364361133,39.02176255117432
01011105,01,01,11,05,1531,1002,782,529,253,749,100.0,65.44741998693664,51.077726975832796,34.552580013063356,16.525146962769433,48.92227302416721
01011201,01,01,12,01,2403,1438,1399,965,434,1004,100.0,59.84186433624637,58.21889305035373,40.15813566375364,18.06075738660008,41.78110694964627
01011202,01,01,12,02,648,326,411,322,89,237,100.0,50.308641975308646,63.42592592592593,49.691358024691354,13.734567901234568,36.574074074074076
01011203,01,01,12,03,1133,604,721,529,192,412,100.0,53.30979699911739,63.63636363636363,46.69020300088261,16.946160635481025,36.36363636363637
01011204,01,01,12,04,8376,4232,5538,4144,1394,2838,100.0,50.52531041069723,66.11747851002865,49.47468958930277,16.642788920725884,33.882521489971346
01011301,01,01,13,01,6899,2952,4816,3947,869,2083,100.0,42.78880997245978,69.8072184374547,57.211190027540226,12.596028409914481,30.192781562545296
01011302,01,01,13,02,12597,5108,9135,7489,1646,3462,100.0,40.54933714376438,72.51726601571804,59.45066285623562,13.066603159482417,27.48273398428197
01011303,01,01,13,03,10054,4846,6517,5208,1309,3537,100.0,48.19972150387905,64.81997215038791,51.800278496120946,13.019693654266959,35.180027849612095
01011304,01,01,13,04,8732,3675,6442,5057,1385,2290,100.0,42.08657810352726,73.77462207970683,57.91342189647274,15.86120018323408,26.225377920293173
01011305,01,01,13,05,8529,3484,6204,5045,1159,2325,100.0,40.84886856606871,72.74006331340134,59.15113143393129,13.588931879470042,27.259936686598664
01011306,01,01,13,06,10721,4754,7502,5967,1535,3219,100.0,44.34287846282996,69.97481578210987,55.65712153717004,14.317694244939839,30.02518421789012
01011401,01,01,14,01,18141,7991,12362,10150,2212,5779,100.0,44.049390882531284,68.14398324237914,55.950609117468716,12.193374124910424,31.856016757620857
01011402,01,01,14,02,13699,5550,9920,8149,1771,3779,100.0,40.513906124534635,72.41404482078984,59.486093875465365,12.927950945324476,27.58595517921016
01022101,01,02,21,01,3626,1992,2235,1634,601,1391,100.0,54.9365692222835,61.638168781025925,45.06343077771649,16.574738003309434,38.361831218974075
01022102,01,02,21,02,6795,4198,3878,2597,1281,2917,100.0,61.78072111846946,57.07137601177337,38.21927888153054,18.852097130242825,42.92862398822664
01022103,01,02,21,03,261,203,110,58,52,151,100.0,77.77777777777779,42.1455938697318,22.22222222222222,19.923371647509576,57.8544061302682
01022104,01,02,21,04,18855,9539,12653,9316,3337,6202,100.0,50.59135507822858,67.10686820472024,49.40864492177141,17.69822328294882,32.893131795279764
01022105,01,02,21,05,5359,3154,3363,2205,1158,1996,100.0,58.85426385519686,62.75424519499907,41.14573614480314,21.60850905019593,37.245754805000935
01022106,01,02,21,06,11404,4058,9066,7346,1720,2338,100.0,35.584005612065944,79.49842160645387,64.41599438793406,15.082427218519816,20.501578393546126
01022201,01,02,22,01,10976,5549,7529,5427,2102,3447,100.0,50.555758017492714,68.5951166180758,49.444241982507286,19.150874635568513,31.404883381924197
01022202,01,02,22,02,2777,1744,1768,1033,735,1009,100.0,62.801584443644224,63.665826431400795,37.198415556355776,26.46741087504501,36.33417356859921
01022203,01,02,22,03,7065,4230,4679,2835,1844,2386,100.0,59.87261146496815,66.22788393489031,40.12738853503185,26.10049539985846,33.7721160651097
01022204,01,02,22,04,6085,2639,4457,3446,1011,1628,100.0,43.368940016433854,73.24568611339359,56.631059983566146,16.614626129827446,26.754313886606408
01022205,01,02,22,05,3333,2117,2224,1216,1008,1109,100.0,63.51635163516352,66.72667266726673,36.48364836483648,30.243024302430243,33.273327332733274
01022206,01,02,22,06,2976,1223,2330,1753,577,646,100.0,41.09543010752688,78.29301075268818,58.90456989247311,19.388440860215052,21.706989247311828
01022207,01,02,22,07,5786,2734,3800,3052,748,1986,100.0,47.251987556170064,65.67576909782234,52.748012443829936,12.927756653992395,34.324230902177675
01033101,01,03,31,01,27024,17167,15684,9857,5827,11340,100.0,63.52501480165779,58.03730017761989,36.47498519834221,21.56231497927768,41.96269982238011
01033102,01,03,31,02,11989,7417,7324,4572,2752,4665,100.0,61.865042956043034,61.0893318875636,38.134957043956966,22.95437484360664,38.9106681124364
01033201,01,03,32,01,14243,9576,9752,4667,5085,4491,100.0,67.23302674998244,68.46872147721687,32.76697325001755,35.701748227199325,31.531278522783126
01033202,01,03,32,02,10346,6024,7339,4322,3017,3007,100.0,58.22540112120627,70.93562729557317,41.77459887879374,29.161028416779434,29.064372704426834
01033203,01,03,32,03,14710,9479,8780,5231,3549,5930,100.0,64.43915703602991,59.68728755948335,35.56084296397009,24.126444595513256,40.312712440516655
01044101,01,04,41,01,20950,10355,14354,10595,3759,6596,100.0,49.427207637231504,68.51551312649164,50.572792362768496,17.94272076372315,31.484486873508356
01044102,01,04,41,02,16544,6854,12507,9690,2817,4037,100.0,41.428916827852994,75.59840425531915,58.571083172147,17.027321083172147,24.40159574468085
01044103,01,04,41,03,8766,4718,5480,4048,1432,3286,100.0,53.8215833903719,62.51425963951631,46.17841660962811,16.335843029888206,37.48574036048369
01044201,01,04,42,01,24209,16597,13556,7612,5944,10653,100.0,68.55714816803669,55.995704076996155,31.44285183196332,24.552852245032838,44.00429592300384
01044202,01,04,42,02,17071,10048,10053,7023,3030,7018,100.0,58.860055064143864,58.889344502372445,41.139944935856136,17.749399566516313,41.110655497627555
01044203,01,04,42,03,16229,9739,9781,6490,3291,6448,100.0,60.009858894571444,60.2686548770719,39.990141105428556,20.278513771643354,39.73134512292809
02010101,02,01,01,01,6869,4924,3838,1945,1893,3031,100.0,71.68437909448245,55.87421749890814,28.31562090551754,27.558596593390593,44.12578250109186
02010102,02,01,01,02,13661,9327,9108,4334,4774,4553,100.0,68.27465046482688,66.67154673889173,31.72534953517312,34.94619720371862,33.328453261108265
02010103,02,01,01,03,15142,10715,9782,4427,5355,5360,100.0,70.7634394399683,64.60176991150442,29.2365605600317,35.36520935147273,35.39823008849557
02010104,02,01,01,04,5052,3279,3427,1773,1654,1625,100.0,64.90498812351544,67.8345209817894,35.09501187648456,32.73950910530483,32.165479018210604
02020201,02,02,02,01,1834,699,1446,1135,311,388,100.0,38.113413304252994,78.84405670665213,61.886586695747006,16.957470010905126,21.155943293347875
02020202,02,02,02,02,6116,2723,4350,3393,957,1766,100.0,44.52256376716808,71.1249182472204,55.47743623283191,15.647482014388489,28.875081752779597
02020203,02,02,02,03,11020,4422,8288,6598,1690,2732,100.0,40.12704174228675,75.2087114337568,59.87295825771325,15.335753176043557,24.791288566243193
02020204,02,02,02,04,12659,5450,9210,7209,2001,3449,100.0,43.05237380519789,72.75456197171972,56.94762619480211,15.806935776917609,27.245438028280272
02020205,02,02,02,05,14989,6207,11278,8782,2496,3711,100.0,41.4103676029088,75.24184401894722,58.589632397091194,16.65221162185603,24.75815598105277
02020206,02,02,02,06,19017,8876,13741,10141,3600,5276,100.0,46.67402850081506,72.25640216648263,53.325971499184945,18.93043066729768,27.74359783351738
02030301,02,03,03,01,8984,5698,5562,3286,2276,3422,100.0,63.42386464826358,61.91006233303651,36.57613535173642,25.33392698130009,38.08993766696349
02030302,02,03,03,02,13117,7134,8868,5983,2885,4249,100.0,54.387436151559044,67.60692231455363,45.612563848440956,21.99435846611268,32.39307768544637
02030401,02,03,04,01,15261,7568,10391,7693,2698,4870,100.0,49.590459340803356,68.08859183539741,50.40954065919665,17.679051176200776,31.911408164602584
02030402,02,03,04,02,11141,5685,7421,5456,1965,3720,100.0,51.02773539179607,66.6098195853155,48.97226460820393,17.63755497711157,33.3901804146845
02040501,02,04,05,01,5372,1554,4513,3818,695,859,100.0,28.92777364110201,84.0096798212956,71.07222635889799,12.937453462397617,15.990320178704392
02040502,02,04,05,02,7493,2347,5992,5146,846,1501,100.0,31.32256772988122,79.96797010543175,68.67743227011877,11.290537835312959,20.03202989456826
02040503,02,04,05,03,11244,3139,9210,8105,1105,2034,100.0,27.917111348274638,81.91035218783351,72.08288865172537,9.827463536108146,18.08964781216649
02040701,02,04,07,01,13324,5786,9557,7538,2019,3767,100.0,43.42539777844491,71.7277093965776,56.57460222155509,15.153107175022514,28.272290603422395
02040702,02,04,07,02,11038,3261,8785,7777,1008,2253,100.0,29.543395542670776,79.58869360391375,70.45660445732923,9.132089146584526,20.41130639608625
02040703,02,04,07,03,1135,789,444,346,98,691,100.0,69.51541850220264,39.118942731277535,30.484581497797357,8.634361233480176,60.88105726872247
02050601,02,05,06,01,9191,2966,7095,6225,870,2096,100.0,32.27069959743227,77.1950821455772,67.72930040256773,9.465781743009465,22.804917854422804
02050602,02,05,06,02,21793,6967,16929,14826,2103,4864,100.0,31.968980865415503,77.68090671316477,68.0310191345845,9.649887578580278,22.319093286835223
02050801,02,05,08,01,20500,7491,15107,13009,2098,5393,100.0,36.541463414634144,73.69268292682926,63.458536585365856,10.234146341463415,26.307317073170733
02050802,02,05,08,02,21376,7147,16138,14229,1909,5238,100.0,33.434693113772454,75.49588323353294,66.56530688622755,8.93057634730539,24.504116766467064
02050803,02,05,08,03,7652,2715,5734,4937,797,1918,100.0,35.480920020909565,74.93465760585468,64.51907997909044,10.415577626764245,25.065342394145322
02050804,02,05,08,04,4782,1148,4165,3634,531,617,100.0,24.006691760769552,87.09744876620661,75.99330823923044,11.104140526976161,12.90255123379339
03010101,03,01,01,01,4275,685,3809,3590,219,466,100.0,16.023391812865498,89.09941520467837,83.9766081871345,5.12280701754386,10.900584795321636
03010102,03,01,01,02,12447,2605,10457,9842,615,1990,100.0,20.928737848477542,84.01221177793846,79.07126215152246,4.940949626416004,15.98778822206154
03010104,03,01,01,04,234,49,206,185,21,28,100.0,20.94017094017094,88.03418803418803,79.05982905982906,8.974358974358974,11.965811965811966
03020203,03,02,02,03,2430,500,2011,1930,81,419,100.0,20.5761316872428,82.75720164609054,79.42386831275721,3.3333333333333335,17.242798353909464
03020209,03,02,02,09,15034,2472,13624,12562,1062,1410,100.0,16.44272981242517,90.6212584807769,83.55727018757483,7.063988293202075,9.378741519223095
03020210,03,02,02,10,11469,1781,10466,9688,778,1003,100.0,15.528816810532742,91.25468654634231,84.47118318946725,6.783503356875055,8.745313453657685
03020307,03,02,03,07,18242,2429,17247,15813,1434,995,100.0,13.315425940138143,94.54555421554655,86.68457405986186,7.860980155684684,5.454445784453459
03030405,03,03,04,05,11404,2040,10238,9364,874,1166,100.0,17.888460189407226,89.775517362329,82.11153981059277,7.663977551736233,10.224482637670992
03030406,03,03,04,06,8211,756,7888,7455,433,323,100.0,9.207161125319693,96.06625258799171,90.7928388746803,5.273413713311411,3.9337474120082816
03030711,03,03,07,11,6862,495,6663,6367,296,199,100.0,7.2136403380938505,97.09997085397843,92.78635966190615,4.313611192072282,2.9000291460215677
03030715,03,03,07,15,7624,1436,6651,6188,463,973,100.0,18.835257082896117,87.23767051416579,81.16474291710388,6.07292759706191,12.76232948583421
03030716,03,03,07,16,1123,30,1114,1093,21,9,100.0,2.671415850400712,99.19857524487978,97.32858414959928,1.8699910952804988,0.8014247551202136
03040508,03,04,05,08,4570,939,4275,3631,644,295,100.0,20.547045951859957,93.54485776805251,79.45295404814004,14.091903719912471,6.455142231947483
03040512,03,04,05,12,10264,1797,9413,8467,946,851,100.0,17.50779423226812,91.70888542478566,82.49220576773187,9.216679657053781,8.29111457521434
03040513,03,04,05,13,3390,526,3152,2864,288,238,100.0,15.516224188790561,92.97935103244838,84.48377581120944,8.495575221238937,7.020648967551622
03040614,03,04,06,14,36813,5844,33632,30969,2663,3181,100.0,15.874826827479424,91.35903077717111,84.12517317252058,7.233857604650532,8.640969222828893
03040818,03,04,08,18,35043,6203,31157,28840,2317,3886,100.0,17.70111006477756,88.91076677225124,82.29888993522245,6.6118768370287935,11.089233227748766
03050919,03,05,09,19,5367,925,4658,4442,216,709,100.0,17.23495435066145,86.78964039500651,82.76504564933856,4.024594745667971,13.21035960499348
03050920,03,05,09,20,7385,1113,6753,6272,481,632,100.0,15.071090047393366,91.44211238997968,84.92890995260663,6.513202437373053,8.55788761002031
03050923,03,05,09,23,9717,2238,8220,7479,741,1497,100.0,23.031799938252547,84.59401049706699,76.96820006174745,7.625810435319543,15.405989502933004
03050924,03,05,09,24,6163,1455,5187,4708,479,976,100.0,23.608632159662502,84.16355670939477,76.3913678403375,7.772188869057277,15.836443290605226
03050925,03,05,09,25,9765,1832,8604,7933,671,1161,100.0,18.760880696364566,88.11059907834101,81.23911930363543,6.871479774705581,11.889400921658986
03051017,03,05,10,17,4226,936,3587,3290,297,639,100.0,22.14860388073829,84.87931850449598,77.85139611926172,7.027922385234264,15.120681495504023
03051021,03,05,10,21,6494,807,5956,5687,269,538,100.0,12.426855558977518,91.71542962734833,87.57314444102248,4.142285186325839,8.284570372651679
03051022,03,05,10,22,4620,471,4347,4149,198,273,100.0,10.194805194805195,94.0909090909091,89.80519480519482,4.285714285714286,5.909090909090909
03061126,03,06,11,26,15807,4795,12530,11012,1518,3277,100.0,30.33466185867021,79.26867843360537,69.6653381413298,9.603340292275574,20.731321566394637
03061131,03,06,11,31,10695,3632,8183,7063,1120,2512,100.0,33.95979429640018,76.51238896680692,66.04020570359981,10.472183263207107,23.487611033193083
03061227,03,06,12,27,14642,3919,12073,10723,1350,2569,100.0,26.765469198196968,82.45458270728042,73.23453080180303,9.220051905477394,17.545417292719574
03061228,03,06,12,28,12732,3107,10637,9625,1012,2095,100.0,24.403078856424756,83.54539742381402,75.59692114357524,7.9484762802387685,16.45460257618599
03061332,03,06,13,32,22788,7239,18019,15549,2470,4769,100.0,31.766719325961034,79.0723187642619,68.23328067403897,10.839038090222925,20.927681235738106
03061429,03,06,14,29,9975,1696,8993,8279,714,982,100.0,17.00250626566416,90.15538847117794,82.99749373433583,7.157894736842104,9.844611528822055
03061430,03,06,14,30,4062,1716,2621,2346,275,1441,100.0,42.245199409158054,64.52486459871984,57.754800590841946,6.770064007877892,35.475135401280156
03061434,03,06,14,34,6463,1817,5180,4646,534,1283,100.0,28.11387900355872,80.14853783072876,71.88612099644128,8.262416834287482,19.851462169271237
03061435,03,06,14,35,4004,1188,3202,2816,386,802,100.0,29.67032967032967,79.97002997002997,70.32967032967034,9.64035964035964,20.02997002997003
03061441,03,06,14,41,2653,731,2279,1922,357,374,100.0,27.553712777987183,85.90275160196005,72.44628722201281,13.456464379947231,14.097248398039955
03071536,03,07,15,36,11147,4103,8376,7044,1332,2771,100.0,36.80810980532879,75.14129362160222,63.19189019467121,11.949403426931013,24.858706378397773
03071537,03,07,15,37,15918,5603,12101,10315,1786,3817,100.0,35.199145621309206,76.0208568915693,64.80085437869079,11.220002512878501,23.979143108430705
03071633,03,07,16,33,3192,979,2546,2213,333,646,100.0,30.67042606516291,79.76190476190477,69.3295739348371,10.43233082706767,20.238095238095237
03071638,03,07,16,38,17743,5731,13960,12012,1948,3783,100.0,32.30006199628022,78.67891562869865,67.69993800371978,10.978977624978866,21.321084371301357
03071639,03,07,16,39,12772,3477,10584,9295,1289,2188,100.0,27.223614155966175,82.86877544628875,72.77638584403383,10.092389602254933,17.131224553711245
04010101,04,01,01,01,10778,5188,7800,5590,2210,2978,100.0,48.13508999814437,72.36964186305437,51.864910001855634,20.50473186119874,27.63035813694563
04010102,04,01,01,02,813,346,521,467,54,292,100.0,42.55842558425584,64.08364083640836,57.44157441574416,6.642066420664207,35.916359163591636
04010103,04,01,01,03,7899,4347,5718,3552,2166,2181,100.0,55.032282567413596,72.38890998860616,44.967717432586404,27.421192556019747,27.611090011393845
04020204,04,02,02,04,188,68,151,120,31,37,100.0,36.17021276595745,80.31914893617021,63.829787234042556,16.48936170212766,19.680851063829788
04020205,04,02,02,05,1311,327,1132,984,148,179,100.0,24.94279176201373,86.34630053394355,75.05720823798627,11.289092295957284,13.653699466056446
04020206,04,02,02,06,2851,804,2367,2047,320,484,100.0,28.200631357418448,83.02350052613117,71.79936864258156,11.224131883549632,16.976499473868817
04020207,04,02,02,07,2574,789,2105,1785,320,469,100.0,30.65268065268065,81.77933177933177,69.34731934731934,12.432012432012431,18.22066822066822
04020208,04,02,02,08,2953,795,2542,2158,384,411,100.0,26.921774466644088,86.0819505587538,73.0782255333559,13.0037250253979,13.918049441246191
04020209,04,02,02,09,3207,1256,2238,1951,287,969,100.0,39.16432803242906,69.78484565014031,60.83567196757094,8.949173682569379,30.21515434985968
04020310,04,02,03,10,795,499,359,296,63,436,100.0,62.76729559748427,45.15723270440252,37.23270440251572,7.9245283018867925,54.84276729559748
04020311,04,02,03,11,15015,5092,11946,9923,2023,3069,100.0,33.912753912753914,79.56043956043956,66.08724608724609,13.473193473193474,20.439560439560438
04020312,04,02,03,12,5542,1793,4434,3749,685,1108,100.0,32.35294117647059,80.00721761097077,67.64705882352942,12.360158787441357,19.99278238902923
04020313,04,02,03,13,7304,2775,5652,4529,1123,1652,100.0,37.99288061336254,77.38225629791896,62.007119386637456,15.375136911281489,22.61774370208105
04020314,04,02,03,14,12,12,0,0,0,12,100.0,100.0,0.0,0.0,0.0,100.0
04030415,04,03,04,15,3071,1648,1829,1423,406,1242,100.0,53.66330185607294,59.557147508954735,46.33669814392706,13.220449365027678,40.44285249104526
04030416,04,03,04,16,10616,5175,7784,5441,2343,2832,100.0,48.74717407686511,73.3232856066315,51.25282592313489,22.07045968349661,26.6767143933685
04030417,04,03,04,17,10941,4285,8399,6656,1743,2542,100.0,39.164610181884655,76.76629192943972,60.835389818115345,15.930902111324377,23.233708070560276
04030518,04,03,05,18,9581,4382,6959,5199,1760,2622,100.0,45.73635319903976,72.63333681244129,54.26364680096023,18.369690011481058,27.36666318755871
04030519,04,03,05,19,5829,2671,4247,3158,1089,1582,100.0,45.82261108251844,72.85983873734774,54.177388917481565,18.682449819866186,27.140161262652256
04030620,04,03,06,20,8949,4027,6569,4922,1647,2380,100.0,44.99944127835512,73.40484970387753,55.00055872164488,18.404290982232652,26.595150296122473
04030621,04,03,06,21,3074,1778,1962,1296,666,1112,100.0,57.839947950553025,63.82563435263501,42.160052049446975,21.665582303188028,36.174365647365
04030622,04,03,06,22,10873,5223,7808,5650,2158,3065,100.0,48.0364204911248,71.81090775315,51.96357950887519,19.84732824427481,28.189092246849995
04030623,04,03,06,23,5068,2896,3400,2172,1228,1668,100.0,57.14285714285714,67.08760852407262,42.857142857142854,24.230465666929753,32.912391475927386
04030724,04,03,07,24,6543,2521,5014,4022,992,1529,100.0,38.52972642518722,76.63151459575118,61.47027357481277,15.161241020938407,23.368485404248815
04030725,04,03,07,25,12453,5189,9108,7264,1844,3345,100.0,41.66867421504858,73.13900264996387,58.33132578495142,14.807676865012448,26.860997350036136
04030726,04,03,07,26,5749,2599,4126,3150,976,1623,100.0,45.20786223691077,71.76900330492259,54.79213776308923,16.976865541833362,28.230996695077405
04030827,04,03,08,27,12270,6704,7908,5566,2342,4362,100.0,54.63732681336594,64.44987775061125,45.36267318663407,19.08720456397718,35.55012224938876
04030828,04,03,08,28,9683,4479,6758,5204,1554,2925,100.0,46.25632551895074,69.79241970463698,53.74367448104926,16.048745223587733,30.207580295363005
04030929,04,03,09,29,6025,2641,4408,3384,1024,1617,100.0,43.83402489626556,73.16182572614109,56.165975103734446,16.99585062240664,26.83817427385892
04030930,04,03,09,30,5797,2736,4053,3061,992,1744,100.0,47.19682594445403,69.9154735207866,52.80317405554597,17.11229946524064,30.084526479213388
04030931,04,03,09,31,3725,2145,2253,1580,673,1472,100.0,57.58389261744966,60.48322147651006,42.41610738255034,18.06711409395973,39.51677852348993
04031032,04,03,10,32,15704,6829,11580,8875,2705,4124,100.0,43.485736118186445,73.73917473255221,56.514263881813555,17.224910850738663,26.260825267447785
04041133,04,04,11,33,68,40,35,28,7,33,100.0,58.82352941176471,51.470588235294116,41.17647058823529,10.294117647058822,48.529411764705884
04041134,04,04,11,34,5247,2112,4113,3135,978,1134,100.0,40.25157232704403,78.3876500857633,59.74842767295597,18.639222412807317,21.612349914236706
04041135,04,04,11,35,2832,1055,2267,1777,490,565,100.0,37.25282485875706,80.04943502824858,62.74717514124294,17.30225988700565,19.95056497175141
04041136,04,04,11,36,3104,1138,2486,1966,520,618,100.0,36.66237113402062,80.09020618556701,63.337628865979376,16.752577319587626,19.909793814432987
04041137,04,04,11,37,8300,3201,6563,5099,1464,1737,100.0,38.56626506024096,79.07228915662651,61.433734939759034,17.63855421686747,20.927710843373493
04041238,04,04,12,38,6116,2180,5069,3936,1133,1047,100.0,35.644211903204706,82.8809679529104,64.35578809679528,18.525179856115106,17.119032047089604
04041239,04,04,12,39,333,256,105,77,28,228,100.0,76.87687687687688,31.53153153153153,23.123123123123122,8.408408408408409,68.46846846846847
04041240,04,04,12,40,1551,436,1321,1115,206,230,100.0,28.110896196002578,85.17085751128303,71.88910380399743,13.281753707285624,14.829142488716956
04041241,04,04,12,41,7026,1794,6054,5232,822,972,100.0,25.533731853116993,86.16567036720751,74.46626814688301,11.69940222032451,13.834329632792485
04041342,04,04,13,42,4148,1436,3381,2712,669,767,100.0,34.619093539054965,81.50916104146577,65.38090646094503,16.128254580520732,18.490838958534233
04041343,04,04,13,43,3567,1126,2988,2441,547,579,100.0,31.567143257639472,83.76787216148024,68.43285674236053,15.335015419119708,16.232127838519762
04041344,04,04,13,44,10800,3028,9053,7772,1281,1747,100.0,28.037037037037038,83.82407407407408,71.96296296296296,11.86111111111111,16.175925925925927
04051445,04,05,14,45,6354,2786,4854,3568,1286,1500,100.0,43.846395971041865,76.39282341831917,56.153604028958135,20.239219389361033,23.60717658168083
04051446,04,05,14,46,10866,4834,8064,6032,2032,2802,100.0,44.48739186453157,74.21314191054665,55.51260813546843,18.700533775078227,25.78685808945334
04051447,04,05,14,47,5354,2271,4024,3083,941,1330,100.0,42.416884572282406,75.15875980575271,57.58311542771759,17.57564437803511,24.84124019424729
04051448,04,05,14,48,9480,4577,6549,4903,1646,2931,100.0,48.280590717299575,69.08227848101266,51.719409282700425,17.362869198312236,30.91772151898734
04051549,04,05,15,49,4660,2039,3383,2621,762,1277,100.0,43.75536480686695,72.59656652360516,56.24463519313305,16.3519313304721,27.403433476394852
04051550,04,05,15,50,5598,2378,4166,3220,946,1432,100.0,42.479456948910325,74.4194355126831,57.52054305108968,16.898892461593427,25.5805644873169
04051551,04,05,15,51,4523,1973,3378,2550,828,1145,100.0,43.621490161397304,74.68494362149016,56.378509838602696,18.306433782887463,25.315056378509837
04051652,04,05,16,52,9933,4005,7429,5928,1501,2504,100.0,40.32014497130776,74.79110037249572,59.679855028692245,15.111245343803484,25.208899627504277
04051653,04,05,16,53,7029,3042,5185,3987,1198,1844,100.0,43.27784891165173,73.76582728695405,56.72215108834827,17.043676198605777,26.23417271304595
04051654,04,05,16,54,3048,1108,2397,1940,457,651,100.0,36.351706036745405,78.64173228346458,63.6482939632546,14.993438320209973,21.358267716535433
04051655,04,05,16,55,7418,3247,5492,4171,1321,1926,100.0,43.77190617417094,74.03612833647884,56.22809382582906,17.80803451064977,25.963871663521164
04051656,04,05,16,56,7717,2543,6218,5174,1044,1499,100.0,32.95322016327589,80.57535311649605,67.04677983672411,13.528573279771933,19.42464688350395
04061757,04,06,17,57,67,15,55,52,3,12,100.0,22.388059701492537,82.08955223880598,77.61194029850746,4.477611940298507,17.91044776119403
05010101,05,01,01,01,10509,3021,9030,7488,1542,1479,100.0,28.74678846702826,85.92634884384813,71.25321153297173,14.673137310876392,14.07365115615187
05010102,05,01,01,02,8096,2811,6343,5285,1058,1753,100.0,34.72084980237154,78.34733201581028,65.27915019762845,13.068181818181818,21.652667984189726
05010103,05,01,01,03,7648,1461,6966,6187,779,682,100.0,19.103033472803347,91.0826359832636,80.89696652719665,10.185669456066945,8.917364016736402
05010204,05,01,02,04,3604,1585,2712,2019,693,892,100.0,43.97891231964484,75.24972253052165,56.021087680355166,19.228634850166483,24.75027746947836
05010205,05,01,02,05,2132,623,1878,1509,369,254,100.0,29.221388367729833,88.08630393996248,70.77861163227017,17.307692307692307,11.913696060037523
05010206,05,01,02,06,10613,4388,8301,6225,2076,2312,100.0,41.345519645717516,78.21539621219259,58.65448035428248,19.56091585791011,21.784603787807406
05010207,05,01,02,07,11558,5929,8890,5629,3261,2668,100.0,51.297802387956395,76.9164215262156,48.702197612043605,28.214223914172003,23.083578473784392
05010208,05,01,02,08,7706,2758,6079,4948,1131,1627,100.0,35.790293277965226,78.88658188424604,64.20970672203478,14.676875162211264,21.11341811575396
05010209,05,01,02,09,6059,1926,5146,4133,1013,913,100.0,31.787423667271824,84.93150684931507,68.21257633272818,16.718930516586898,15.068493150684931
05010310,05,01,03,10,3983,1536,3056,2447,609,927,100.0,38.56389656038162,76.72608586492593,61.436103439618385,15.289982425307558,23.273914135074065
05010311,05,01,03,11,5647,2840,4289,2807,1482,1358,100.0,50.29219054365149,75.95183283159199,49.70780945634851,26.24402337524349,24.048167168408003
05010312,05,01,03,12,7426,4249,4365,3177,1188,3061,100.0,57.217883113385405,58.779962294640455,42.782116886614595,15.997845408025855,41.220037705359545
05010313,05,01,03,13,6854,2935,5004,3919,1085,1850,100.0,42.82170995039393,73.00846221184709,57.178290049606076,15.830172162241027,26.991537788152904
05010314,05,01,03,14,12390,5006,9513,7384,2129,2877,100.0,40.40355125100888,76.77966101694915,59.59644874899113,17.18321226795803,23.220338983050848
05010339,05,01,03,39,995,672,385,323,62,610,100.0,67.53768844221105,38.69346733668342,32.462311557788944,6.231155778894473,61.30653266331658
05020415,05,02,04,15,3818,799,3587,3019,568,231,100.0,20.927187008905186,93.94971189104243,79.0728129910948,14.876898899947616,6.050288108957569
05020416,05,02,04,16,1679,95,1645,1584,61,34,100.0,5.658129839189994,97.97498511018463,94.34187016081,3.633114949374628,2.0250148898153664
05020417,05,02,04,17,5929,1872,4991,4057,934,938,100.0,31.57362118401079,84.17945690672963,68.42637881598921,15.753078090740427,15.820543093270366
05020418,05,02,04,18,4398,1189,3687,3209,478,711,100.0,27.035015916325598,83.83356070941336,72.9649840836744,10.868576625738973,16.16643929058663
05020419,05,02,04,19,7164,2153,6058,5011,1047,1106,100.0,30.053042992741485,84.56169737576774,69.94695700725852,14.614740368509214,15.438302624232273
05020420,05,02,04,20,965,192,867,773,94,98,100.0,19.89637305699482,89.84455958549222,80.10362694300518,9.740932642487046,10.15544041450777
05020521,05,02,05,21,3251,903,2925,2348,577,326,100.0,27.776068901876343,89.9723162103968,72.22393109812366,17.748385112273148,10.027683789603199
05020522,05,02,05,22,7577,3629,5251,3948,1303,2326,100.0,47.89494522898245,69.30183449914215,52.10505477101756,17.196779728124586,30.69816550085786
05020523,05,02,05,23,12696,7439,8808,5257,3551,3888,100.0,58.593257718966605,69.37618147448015,41.406742281033395,27.969439193446753,30.623818525519848
05020524,05,02,05,24,6313,1407,5654,4906,748,659,100.0,22.287343576746395,89.56122287343577,77.7126564232536,11.848566450182165,10.438777126564233
05020625,05,02,06,25,7614,2841,5952,4773,1179,1662,100.0,37.31284475965327,78.17178881008668,62.687155240346726,15.484633569739954,21.82821118991332
05020626,05,02,06,26,18203,6361,14339,11842,2497,3864,100.0,34.944789320441686,78.77272976981816,65.05521067955831,13.717519090259847,21.227270230181837
05020627,05,02,06,27,4409,1999,3135,2410,725,1274,100.0,45.33907915627126,71.10455885688364,54.66092084372873,16.44363801315491,28.89544114311635
05020628,05,02,06,28,2013,500,1787,1513,274,226,100.0,24.838549428713364,88.77297565822157,75.16145057128664,13.611525086934922,11.22702434177844
05020629,05,02,06,29,4412,704,4093,3708,385,319,100.0,15.956482320942882,92.76971894832275,84.04351767905712,8.726201269265639,7.2302810516772436
05030730,05,03,07,30,4030,2193,3288,1837,1451,742,100.0,54.41687344913151,81.58808933002481,45.583126550868485,36.00496277915633,18.41191066997519
05030731,05,03,07,31,11661,4992,9256,6669,2587,2405,100.0,42.80936454849498,79.37569676700112,57.19063545150501,22.1850613154961,20.624303232998887
05030832,05,03,08,32,12286,5718,9009,6568,2441,3277,100.0,46.54077812143903,73.32736447989582,53.45922187856096,19.868142601334853,26.672635520104183
05030833,05,03,08,33,505,234,388,271,117,117,100.0,46.33663366336634,76.83168316831683,53.663366336633665,23.16831683168317,23.16831683168317
05040934,05,04,09,34,3457,872,2956,2585,371,501,100.0,25.224182817471796,85.50766560601679,74.7758171825282,10.731848423488573,14.492334393983223
05040935,05,04,09,35,459,117,388,342,46,71,100.0,25.49019607843137,84.53159041394336,74.50980392156863,10.021786492374728,15.468409586056644
05040936,05,04,09,36,10041,1768,9452,8273,1179,589,100.0,17.607807987252265,94.13405039338711,82.39219201274773,11.741858380639378,5.865949606612888
05040937,05,04,09,37,2199,353,2068,1846,222,131,100.0,16.052751250568438,94.04274670304684,83.94724874943155,10.095497953615281,5.95725329695316
05040938,05,04,09,38,3678,518,3492,3160,332,186,100.0,14.083741163675912,94.94290375203916,85.91625883632409,9.026644915715062,5.057096247960848
06010101,06,01,01,01,6934,1817,6003,5117,886,931,100.0,26.204211133544852,86.57340640323045,73.79578886645515,12.77761753677531,13.426593596769543
06010102,06,01,01,02,8818,3165,7109,5653,1456,1709,100.0,35.892492628713995,80.61918802449534,64.107507371286,16.511680653209346,19.38081197550465
06010103,06,01,01,03,6375,2027,5345,4348,997,1030,100.0,31.79607843137255,83.84313725490196,68.20392156862745,15.639215686274511,16.15686274509804
06010204,06,01,02,04,6864,2347,5707,4517,1190,1157,100.0,34.192890442890445,83.14393939393939,65.80710955710956,17.336829836829835,16.856060606060606
06010205,06,01,02,05,9903,3238,8201,6665,1536,1702,100.0,32.69716247601737,82.81328890235282,67.30283752398263,15.51045137837019,17.186711097647176
06010206,06,01,02,06,7795,2288,6615,5507,1108,1180,100.0,29.352148813341888,84.86209108402822,70.64785118665812,14.21423989737011,15.137908915971776
06010207,06,01,02,07,7908,2651,6537,5257,1280,1371,100.0,33.52301466868993,82.66312594840667,66.47698533131006,16.186140617096612,17.336874051593323
06010208,06,01,02,08,6735,2041,5678,4694,984,1057,100.0,30.30438010393467,84.30586488492948,69.69561989606532,14.610244988864144,15.694135115070527
06010209,06,01,02,09,9200,3137,7535,6063,1472,1665,100.0,34.09782608695652,81.90217391304347,65.90217391304348,16.0,18.097826086956523
06010210,06,01,02,10,4896,1366,4170,3530,640,726,100.0,27.90032679738562,85.17156862745098,72.09967320261438,13.071895424836603,14.82843137254902
06020301,06,02,03,01,5013,1166,4471,3847,624,542,100.0,23.259525234390583,89.18811091162976,76.7404747656094,12.447636146020347,10.811889088370236
06020302,06,02,03,02,5937,1705,4991,4232,759,946,100.0,28.718207849082027,84.06602661276739,71.28179215091798,12.784234461849419,15.933973387232609
06020303,06,02,03,03,7348,2249,6169,5099,1070,1179,100.0,30.606967882416985,83.95481763745238,69.39303211758302,14.561785519869353,16.04518236254763
06020304,06,02,03,04,7249,2164,6146,5085,1061,1103,100.0,29.852393433577046,84.78410815284867,70.14760656642297,14.636501586425712,15.21589184715133
06020305,06,02,03,05,11363,3856,9353,7507,1846,2010,100.0,33.93470034321922,82.31100941652733,66.06529965678078,16.245709759746546,17.688990583472673
06020306,06,02,03,06,6402,1245,5861,5157,704,541,100.0,19.44704779756326,91.54951577631991,80.55295220243673,10.996563573883162,8.450484223680101
06020407,06,02,04,07,4631,2316,3456,2315,1141,1175,100.0,50.010796804145976,74.62751025696393,49.989203195854024,24.638307061109913,25.372489743036063
06020408,06,02,04,08,6906,1912,5864,4994,870,1042,100.0,27.686070083984944,84.91167101071532,72.31392991601507,12.59774109470026,15.08832898928468
06020409,06,02,04,09,8408,2166,7206,6242,964,1202,100.0,25.761179828734537,85.70409134157944,74.23882017126546,11.465271170313986,14.295908658420553
06020410,06,02,04,10,7183,1453,6331,5730,601,852,100.0,20.22831685925101,88.13866072671586,79.77168314074899,8.366977585966866,11.861339273284143
06020411,06,02,04,11,8561,2171,7550,6390,1160,1011,100.0,25.359187010863216,88.19063193552155,74.64081298913679,13.549818946384768,11.809368064478448
06030501,06,03,05,01,5725,1368,4882,4357,525,843,100.0,23.895196506550217,85.27510917030567,76.10480349344978,9.170305676855897,14.724890829694322
06030502,06,03,05,02,5609,1337,4913,4272,641,696,100.0,23.836691032269567,87.59137101087538,76.16330896773043,11.428062043144946,12.408628989124622
06030503,06,03,05,03,11816,3412,10038,8404,1634,1778,100.0,28.87610020311442,84.95260663507109,71.12389979688558,13.82870683818551,15.04739336492891
06030504,06,03,05,04,11081,2504,9836,8577,1259,1245,100.0,22.597238516379388,88.76455193574587,77.40276148362061,11.361790452125259,11.235448064254129
06030605,06,03,06,05,7184,2039,6089,5145,944,1095,100.0,28.38251670378619,84.75779510022272,71.61748329621382,13.140311804008908,15.242204899777285
06030606,06,03,06,06,5483,1997,4256,3486,770,1227,100.0,36.421666970636515,77.6217399233996,63.578333029363485,14.043406894036112,22.3782600766004
06030607,06,03,06,07,3102,1119,2317,1983,334,785,100.0,36.07350096711799,74.69374597034172,63.92649903288201,10.767246937459705,25.306254029658287
06030608,06,03,06,08,13681,3885,11802,9796,2006,1879,100.0,28.39704699948834,86.26562385790513,71.60295300051166,14.662670857393465,13.734376142094876
06030609,06,03,06,09,12197,3061,10541,9136,1405,1656,100.0,25.096335164384687,86.42289087480528,74.90366483561532,11.519226039189965,13.57710912519472
06030610,06,03,06,10,8469,2000,7404,6469,935,1065,100.0,23.615539024678238,87.42472546935883,76.38446097532177,11.040264494037077,12.575274530641162
06040701,06,04,07,01,10270,2309,8997,7961,1036,1273,100.0,22.482960077896788,87.60467380720546,77.51703992210321,10.08763388510224,12.395326192794547
06040702,06,04,07,02,5495,1305,4843,4190,653,652,100.0,23.748862602365787,88.1346678798908,76.25113739763421,11.883530482256596,11.86533212010919
06040703,06,04,07,03,11199,3305,8917,7894,1023,2282,100.0,29.511563532458258,79.62318064112867,70.48843646754175,9.134744173586927,20.37681935887133
06040804,06,04,08,04,7588,1427,6875,6161,714,713,100.0,18.806009488666316,90.60358460727464,81.19399051133368,9.40959409594096,9.396415392725356
06040805,06,04,08,05,5295,1154,4714,4141,573,581,100.0,21.794145420207744,89.02738432483474,78.20585457979226,10.821529745042493,10.97261567516525
06040806,06,04,08,06,7319,1208,6711,6111,600,608,100.0,16.50498702008471,91.69285421505671,83.49501297991529,8.197841235141414,8.307145784943298
06040807,06,04,08,07,5919,1421,5196,4498,698,723,100.0,24.007433688122994,87.78509883426254,75.99256631187701,11.792532522385537,12.214901165737455
06040808,06,04,08,08,4698,1747,4033,2951,1082,665,100.0,37.18603661132397,85.84504044274159,62.81396338867603,23.03107705406556,14.15495955725841
06040809,06,04,08,09,4984,1520,4062,3464,598,922,100.0,30.497592295345104,81.5008025682183,69.5024077046549,11.998394863563403,18.499197431781703
06040810,06,04,08,10,7154,2318,5878,4836,1042,1276,100.0,32.401453732177806,82.16382443388314,67.5985462678222,14.565278166060944,17.836175566116857
07010101,07,01,01,01,9949,4882,7023,5067,1956,2926,100.0,49.07025831741883,70.5900090461353,50.92974168258117,19.660267363554127,29.40999095386471
07010102,07,01,01,02,16693,9552,10798,7141,3657,5895,100.0,57.221589887977,64.68579644162223,42.778410112023,21.907386329599234,35.31420355837776
07010103,07,01,01,03,10619,4232,8058,6387,1671,2561,100.0,39.85309351163009,75.8828514926076,60.1469064883699,15.735945004237687,24.11714850739241
07010104,07,01,01,04,13943,7984,9088,5959,3129,4855,100.0,57.26170838413541,65.17966004446676,42.73829161586459,22.441368428602164,34.82033995553324
07020201,07,02,02,01,10664,3871,8554,6793,1761,2110,100.0,36.29969992498124,80.21380345086271,63.70030007501876,16.51350337584396,19.786196549137284
07020202,07,02,02,02,10358,4567,7624,5791,1833,2734,100.0,44.09152346012743,73.60494303919675,55.90847653987257,17.696466499324192,26.39505696080324
07020203,07,02,02,03,18022,8052,13276,9970,3306,4746,100.0,44.678726001553656,73.66551992009765,55.321273998446344,18.344245921651314,26.334480079902338
07020204,07,02,02,04,12243,4590,9545,7653,1892,2698,100.0,37.490811075716735,77.9629175855591,62.509188924283265,15.45372866127583,22.037082414440906
07030301,07,03,03,01,24824,7065,20935,17759,3176,3889,100.0,28.460360941024813,84.33370931356751,71.5396390589752,12.794070254592329,15.666290686432486
07030302,07,03,03,02,9442,3049,7815,6393,1422,1627,100.0,32.29188731201017,82.76848125397161,67.70811268798982,15.060368565981783,17.231518746028385
07030303,07,03,03,03,12409,5489,9582,6920,2662,2827,100.0,44.23402369248126,77.21814811830123,55.76597630751874,21.4521718107825,22.781851881698767
07040401,07,04,04,01,17860,6932,14371,10928,3443,3489,100.0,38.81298992161254,80.46472564389697,61.18701007838746,19.277715565509517,19.535274356103024
07040402,07,04,04,02,2328,498,2106,1830,276,222,100.0,21.391752577319586,90.4639175257732,78.6082474226804,11.855670103092782,9.536082474226804
07040403,07,04,04,03,24572,9396,19377,15176,4201,5195,100.0,38.238645612892725,78.85804981279504,61.76135438710728,17.096695425687773,21.141950187204948
07040404,07,04,04,04,5177,1399,4510,3778,732,667,100.0,27.02337260961947,87.11609039984548,72.97662739038053,14.139463009464942,12.883909600154531
07040405,07,04,04,05,11316,5089,8383,6227,2156,2933,100.0,44.971721456345,74.08094733121244,55.028278543655006,19.05266878755744,25.919052668787558
07040406,07,04,04,06,4058,2330,2605,1728,877,1453,100.0,57.41744701823558,64.19418432725482,42.582552981764415,21.61163134549039,35.8058156727452
07050501,07,05,05,01,17038,6993,13367,10045,3322,3671,100.0,41.04354971240756,78.45404390186643,58.956450287592446,19.497593614273974,21.545956098133583
07050502,07,05,05,02,8051,2992,6400,5059,1341,1651,100.0,37.163085331014784,79.49323065457708,62.83691466898522,16.656315985591853,20.506769345422928
07050503,07,05,05,03,9263,3071,7760,6192,1568,1503,100.0,33.15340602396632,83.77415524128253,66.84659397603369,16.92756126524884,16.22584475871748
07050504,07,05,05,04,5644,1850,4799,3794,1005,845,100.0,32.778171509567684,85.02834868887314,67.22182849043233,17.806520198440822,14.97165131112686
07050505,07,05,05,05,10689,3139,9239,7550,1689,1450,100.0,29.36663860043035,86.43465244644027,70.63336139956965,15.801291046870613,13.565347553559734
07050506,07,05,05,06,2278,564,2048,1714,334,230,100.0,24.7585601404741,89.90342405618964,75.24143985952591,14.661984196663742,10.09657594381036
07060601,07,06,06,01,10259,4295,7865,5964,1901,2394,100.0,41.86567891607369,76.66439224095916,58.13432108392631,18.53007115703285,23.33560775904084
07060602,07,06,06,02,4757,1164,4251,3593,658,506,100.0,24.46920327937776,89.3630439352533,75.53079672062223,13.832247214631069,10.63695606474669
07060603,07,06,06,03,2878,1110,2376,1768,608,502,100.0,38.56845031271717,82.55733148019459,61.43154968728284,21.125781792911745,17.44266851980542
07060604,07,06,06,04,14560,5595,12339,8965,3374,2221,100.0,38.4271978021978,84.74587912087912,61.572802197802204,23.173076923076923,15.25412087912088
07070701,07,07,07,01,10512,2324,9471,8188,1283,1041,100.0,22.10806697108067,90.09703196347031,77.89193302891934,12.205098934550989,9.90296803652968
07070702,07,07,07,02,10978,2353,10044,8625,1419,934,100.0,21.433776644197486,91.49207505920933,78.5662233558025,12.925851703406813,8.507924940790671
07070703,07,07,07,03,7780,2078,6855,5702,1153,925,100.0,26.709511568123396,88.11053984575835,73.29048843187661,14.82005141388175,11.889460154241645
07070704,07,07,07,04,8572,3394,6637,5178,1459,1935,100.0,39.59402706486234,77.42650489967335,60.405972935137655,17.0205319645357,22.573495100326646
07070705,07,07,07,05,7023,1293,6467,5730,737,556,100.0,18.410935497650577,92.08315534671793,81.58906450234943,10.494090844368504,7.916844653282073
07070706,07,07,07,06,3900,842,3414,3058,356,486,100.0,21.58974358974359,87.53846153846155,78.41025641025641,9.12820512820513,12.461538461538462
07070707,07,07,07,07,2985,517,2728,2468,260,257,100.0,17.31993299832496,91.39028475711892,82.68006700167504,8.710217755443885,8.609715242881071
08010115,08,01,01,15,899,407,646,492,154,253,100.0,45.272525027808676,71.85761957730811,54.727474972191324,17.130144605116797,28.142380422691883
08010116,08,01,01,16,3668,2122,2242,1546,696,1426,100.0,57.851690294438384,61.12322791712105,42.148309705561616,18.974918211559434,38.87677208287895
08010117,08,01,01,17,16010,8172,10586,7838,2748,5424,100.0,51.04309806371018,66.1211742660837,48.95690193628982,17.164272329793878,33.8788257339163
08010118,08,01,01,18,11796,7134,7434,4662,2772,4362,100.0,60.47812817904374,63.021363173957276,39.52187182095626,23.499491353001016,36.978636826042724
08010211,08,01,02,11,9910,5798,6071,4112,1959,3839,100.0,58.50655903128153,61.26135216952573,41.49344096871847,19.767911200807266,38.73864783047427
08010212,08,01,02,12,7434,5024,4911,2410,2501,2523,100.0,67.58138283562012,66.06133979015335,32.418617164379874,33.64272262577347,33.93866020984665
08010213,08,01,02,13,12276,6706,8030,5570,2460,4246,100.0,54.62691430433366,65.41218637992831,45.37308569566634,20.039100684261975,34.587813620071685
08010214,08,01,02,14,8378,4907,5132,3471,1661,3246,100.0,58.57006445452375,61.255669610885654,41.42993554547625,19.825734065409407,38.744330389114346
08010301,08,01,03,01,27496,13489,18888,14007,4881,8608,100.0,49.05804480651731,68.6936281640966,50.94195519348269,17.751672970613907,31.306371835903402
08010302,08,01,03,02,3797,1422,2950,2375,575,847,100.0,37.45061890966552,77.69291545957336,62.54938109033448,15.143534369238873,22.307084540426654
08010303,08,01,03,03,8388,5133,5023,3255,1768,3365,100.0,61.194563662374826,59.88316642823081,38.805436337625174,21.077730090605627,40.11683357176919
08010404,08,01,04,04,23507,12433,15518,11074,4444,7989,100.0,52.89062832347812,66.01437869570766,47.10937167652189,18.905007019185774,33.98562130429234
08010405,08,01,04,05,8951,4224,6209,4727,1482,2742,100.0,47.190258071723825,69.366551223327,52.80974192827617,16.55680929505083,30.633448776673
08010406,08,01,04,06,7122,4244,4331,2878,1453,2791,100.0,59.59000280819995,60.811569783768604,40.40999719180006,20.40157259196855,39.188430216231396
08010407,08,01,04,07,796,355,561,441,120,235,100.0,44.597989949748744,70.47738693467338,55.40201005025126,15.07537688442211,29.52261306532663
08010508,08,01,05,08,5824,4246,3736,1578,2158,2088,100.0,72.90521978021978,64.14835164835165,27.09478021978022,37.05357142857143,35.85164835164835
08010509,08,01,05,09,9393,6196,6645,3197,3448,2748,100.0,65.96401575641435,70.74417119131267,34.035984243585645,36.70818694772703,29.255828808687323
08010510,08,01,05,10,481,307,242,174,68,239,100.0,63.82536382536382,50.311850311850314,36.17463617463618,14.137214137214137,49.68814968814969
08020619,08,02,06,19,11542,6351,7731,5191,2540,3811,100.0,55.0251256281407,66.98145901923411,44.9748743718593,22.006584647374805,33.0185409807659
08020620,08,02,06,20,9261,4179,7239,5082,2157,2022,100.0,45.12471655328798,78.16650469711695,54.87528344671202,23.291221250404924,21.83349530288306
08020621,08,02,06,21,2343,632,2139,1711,428,204,100.0,26.973965002134015,91.2932138284251,73.02603499786599,18.26717883055911,8.706786171574905
08020622,08,02,06,22,14267,4097,12354,10170,2184,1913,100.0,28.716618770589474,86.59143477956123,71.28338122941052,15.308053550150696,13.408565220438776
08020623,08,02,06,23,1253,385,1088,868,220,165,100.0,30.726256983240223,86.83160415003991,69.27374301675978,17.557861133280127,13.168395849960095
08020624,08,02,06,24,1402,512,1228,890,338,174,100.0,36.51925820256776,87.58915834522111,63.48074179743224,24.10841654778887,12.410841654778887
08020625,08,02,06,25,3287,1006,2768,2281,487,519,100.0,30.60541527228476,84.21052631578947,69.39458472771524,14.815941588074233,15.789473684210526
08020726,08,02,07,26,8435,2247,7463,6188,1275,972,100.0,26.639004149377595,88.47658565500889,73.3609958506224,15.115589804386484,11.523414344991108
08020727,08,02,07,27,11930,3734,10141,8196,1945,1789,100.0,31.299245599329424,85.00419111483654,68.70075440067058,16.30343671416597,14.995808885163452
08020728,08,02,07,28,8953,4028,6888,4925,1963,2065,100.0,44.99050597565062,76.93510555121188,55.00949402434938,21.925611526862504,23.064894448788113
08030829,08,03,08,29,12479,6414,9882,6065,3817,2597,100.0,51.39834922670086,79.18903758313968,48.60165077329914,30.587386809840535,20.810962416860328
08030830,08,03,08,30,7316,3044,6128,4272,1856,1188,100.0,41.607435757244396,83.76161837069436,58.392564242755604,25.36905412793876,16.238381629305632
08030831,08,03,08,31,17522,9033,13855,8489,5366,3667,100.0,51.5523342084237,79.07202374158202,48.447665791576306,30.62435795000571,20.92797625841799
08040932,08,04,09,32,2848,951,2458,1897,561,390,100.0,33.39185393258427,86.3061797752809,66.60814606741573,19.698033707865168,13.6938202247191
08040933,08,04,09,33,4173,1377,3589,2796,793,584,100.0,32.99784327821711,86.0052719865804,67.0021567217829,19.003115264797508,13.994728013419602
08040934,08,04,09,34,2679,851,2323,1828,495,356,100.0,31.765584173198956,86.71145949981336,68.23441582680104,18.477043673012318,13.288540500186638
08041035,08,04,10,35,8297,2871,7064,5426,1638,1233,100.0,34.60286850668916,85.13920694226829,65.39713149331084,19.742075448957454,14.86079305773171
08041036,08,04,10,36,6840,1644,6176,5196,980,664,100.0,24.035087719298247,90.29239766081871,75.96491228070175,14.327485380116958,9.707602339181287
08041037,08,04,10,37,9925,2743,8678,7182,1496,1247,100.0,27.637279596977333,87.43576826196472,72.36272040302268,15.073047858942065,12.564231738035264
08041038,08,04,10,38,7054,1643,6524,5411,1113,530,100.0,23.291749362064078,92.4865324638503,76.70825063793593,15.778281825914375,7.513467536149703
08041039,08,04,10,39,3819,1121,3443,2698,745,376,100.0,29.35323383084577,90.15449070437288,70.64676616915423,19.507724535218642,9.845509295627128
08041040,08,04,10,40,7940,1969,7134,5971,1163,806,100.0,24.798488664987406,89.84886649874055,75.2015113350126,14.64735516372796,10.151133501259446
09010101,09,01,01,01,12560,3953,10169,8607,1562,2391,100.0,31.472929936305732,80.96337579617834,68.52707006369427,12.436305732484076,19.036624203821656
09010102,09,01,01,02,75,21,60,54,6,15,100.0,28.000000000000004,80.0,72.0,8.0,20.0
09010201,09,01,02,01,4372,773,3961,3599,362,411,100.0,17.680695333943277,90.5992680695334,82.31930466605672,8.27996340347667,9.400731930466605
09010202,09,01,02,02,6939,1208,6160,5731,429,779,100.0,17.408848537253206,88.77359850122495,82.5911514627468,6.182447038478167,11.226401498775038
09010301,09,01,03,01,15690,2549,14196,13141,1055,1494,100.0,16.246016571064374,90.47801147227533,83.75398342893563,6.724028043339707,9.521988527724666
09010302,09,01,03,02,3148,944,2602,2204,398,546,100.0,29.987293519695047,82.65565438373571,70.01270648030496,12.642947903430748,17.344345616264295
09010401,09,01,04,01,8439,935,7928,7504,424,511,100.0,11.079511790496504,93.94478018722597,88.9204882095035,5.024291977722479,6.055219812774025
09010402,09,01,04,02,11401,1741,10578,9660,918,823,100.0,15.27059029909657,92.78133497061661,84.72940970090342,8.051925269713182,7.218665029383388
09020501,09,02,05,01,7534,2263,5832,5271,561,1702,100.0,30.037164852667907,77.4090788425803,69.96283514733209,7.446243695248208,22.590921157419697
09020502,09,02,05,02,15752,3436,13454,12316,1138,2298,100.0,21.813103098019297,85.41137633316404,78.1868969019807,7.224479431183342,14.588623666835957
09020601,09,02,06,01,8993,2607,6986,6386,600,2007,100.0,28.989213832981207,77.68264205493162,71.0107861670188,6.671855887912821,22.317357945068387
09020602,09,02,06,02,3569,303,3421,3266,155,148,100.0,8.489773045671056,95.85318016251051,91.51022695432894,4.342953208181564,4.146819837489493
09020701,09,02,07,01,2772,1098,1962,1674,288,810,100.0,39.61038961038961,70.77922077922078,60.3896103896104,10.38961038961039,29.22077922077922
09020702,09,02,07,02,16813,2909,14808,13904,904,2005,100.0,17.30208767025516,88.07470409801938,82.69791232974484,5.37679176827455,11.925295901980611
09020801,09,02,08,01,2975,290,2792,2685,107,183,100.0,9.747899159663866,93.84873949579831,90.25210084033614,3.596638655462185,6.15126050420168
09020802,09,02,08,02,7959,1610,6854,6349,505,1105,100.0,20.22867194371152,86.11634627465762,79.77132805628848,6.345018218369142,13.883653725342379
09030901,09,03,09,01,13611,1925,12763,11686,1077,848,100.0,14.142972595694658,93.76974505914333,85.85702740430534,7.912717654837999,6.2302549408566605
09030902,09,03,09,02,5623,793,5208,4830,378,415,100.0,14.10279210385915,92.61959807931709,85.89720789614084,6.722390183176239,7.3804019206829095
09030903,09,03,09,03,8159,1573,7451,6586,865,708,100.0,19.279323446500797,91.32246598847898,80.7206765534992,10.601789434979777,8.67753401152102
09031001,09,03,10,01,13134,1767,12047,11367,680,1087,100.0,13.453631795340337,91.72377036698644,86.54636820465966,5.177402162326786,8.276229633013553
09031101,09,03,11,01,6634,895,6075,5739,336,559,100.0,13.49110642146518,91.57371118480555,86.50889357853482,5.064817606270727,8.426288815194454
09031201,09,03,12,01,1821,173,1762,1648,114,59,100.0,9.500274574409664,96.76002196595277,90.49972542559034,6.260296540362438,3.2399780340472266
09031202,09,03,12,02,2573,278,2434,2295,139,139,100.0,10.804508356004664,94.59774582199768,89.19549164399534,5.402254178002332,5.402254178002332
09041301,09,04,13,01,10088,623,9811,9465,346,277,100.0,6.175654242664552,97.25416336241078,93.82434575733545,3.4298176050753373,2.745836637589215
09041302,09,04,13,02,1919,193,1822,1726,96,97,100.0,10.057321521625846,94.94528400208442,89.94267847837415,5.002605523710265,5.054715997915581
09041401,09,04,14,01,5481,481,5276,5000,276,205,100.0,8.775770844736362,96.25980660463419,91.22422915526364,5.035577449370552,3.7401933953658086
09041402,09,04,14,02,1550,223,1448,1327,121,102,100.0,14.387096774193548,93.41935483870968,85.61290322580645,7.806451612903226,6.580645161290323
09041403,09,04,14,03,4596,711,4079,3885,194,517,100.0,15.469973890339425,88.75108790252393,84.53002610966057,4.22106179286336,11.248912097476065
09041501,09,04,15,01,7136,1341,6277,5795,482,859,100.0,18.792040358744394,87.96244394618834,81.2079596412556,6.754484304932736,12.037556053811658
09041601,09,04,16,01,6760,514,6544,6246,298,216,100.0,7.603550295857989,96.80473372781066,92.39644970414201,4.408284023668639,3.195266272189349
09051701,09,05,17,01,4090,438,3801,3652,149,289,100.0,10.709046454767726,92.93398533007336,89.29095354523227,3.6430317848410754,7.06601466992665
09051702,09,05,17,02,15049,1292,14426,13757,669,623,100.0,8.585288059007242,95.86019004585023,91.41471194099276,4.445478104857465,4.1398099541497775
09051801,09,05,18,01,9495,917,8998,8578,420,497,100.0,9.65771458662454,94.76566614007372,90.34228541337545,4.423380726698262,5.234333859926277
09051901,09,05,19,01,11473,1522,10524,9951,573,949,100.0,13.265928702170312,91.72840582236556,86.73407129782969,4.9943345245358675,8.271594177634446
09052001,09,05,20,01,12970,1079,12418,11891,527,552,100.0,8.319198149575945,95.74402467232073,91.68080185042406,4.063222821896685,4.25597532767926
10010101,10,01,01,01,5691,1508,4887,4183,704,804,100.0,26.49797926550694,85.87243015287297,73.50202073449306,12.370409418379898,14.127569847127042
10010102,10,01,01,02,18274,4748,16026,13526,2500,2248,100.0,25.98226989164934,87.6983692678122,74.01773010835066,13.68063915946153,12.301630732187808
10010203,10,01,02,03,1168,716,501,452,49,667,100.0,61.3013698630137,42.89383561643836,38.6986301369863,4.195205479452055,57.10616438356164
10010204,10,01,02,04,10693,2600,9460,8093,1367,1233,100.0,24.314972411858225,88.46909192929954,75.68502758814178,12.784064341157766,11.530908070700459
10010205,10,01,02,05,8141,1313,7421,6828,593,720,100.0,16.12823977398354,91.15587765630758,83.87176022601646,7.284117430291119,8.84412234369242
10010206,10,01,02,06,17291,4313,14807,12978,1829,2484,100.0,24.943612283847088,85.6341449308889,75.05638771615291,10.57775721473599,14.365855069111097
10010207,10,01,02,07,10636,2567,9487,8069,1418,1149,100.0,24.135013162843176,89.19706656637834,75.86498683715682,13.332079729221514,10.802933433621662
10010308,10,01,03,08,2182,580,1841,1602,239,341,100.0,26.581118240146655,84.37213565536206,73.41888175985335,10.953253895508707,15.627864344637945
10010309,10,01,03,09,14638,3434,13167,11204,1963,1471,100.0,23.459489001229677,89.95081295258916,76.54051099877033,13.410301953818829,10.049187047410848
10010310,10,01,03,10,18013,4056,16092,13957,2135,1921,100.0,22.51707100427469,89.33547993116083,77.4829289957253,11.852550935435518,10.664520068839172
10010311,10,01,03,11,3688,520,3508,3168,340,180,100.0,14.099783080260304,95.11930585683297,85.90021691973969,9.219088937093275,4.8806941431670285
10020412,10,02,04,12,7186,2245,5946,4941,1005,1240,100.0,31.241302532702477,82.74422488171444,68.75869746729752,13.985527414416921,17.255775118285555
10020413,10,02,04,13,16195,3643,13742,12552,1190,2453,100.0,22.49459709786971,84.85334979932078,77.50540290213029,7.347946897190491,15.14665020067922
10020414,10,02,04,14,1694,771,1339,923,416,355,100.0,45.513577331759144,79.04368358913814,54.486422668240856,24.557260920897285,20.956316410861866
10020415,10,02,04,15,5830,1859,4405,3971,434,1425,100.0,31.886792452830186,75.55746140651802,68.11320754716981,7.444253859348199,24.44253859348199
10020416,10,02,04,16,5642,1596,4558,4046,512,1084,100.0,28.287841191067,80.78695498050337,71.712158808933,9.074796171570366,19.213045019496633
10020517,10,02,05,17,9124,1352,8284,7772,512,840,100.0,14.818062253397631,90.79351161771153,85.18193774660236,5.6115738711091625,9.206488382288471
10020518,10,02,05,18,5307,1112,4588,4195,393,719,100.0,20.953457697380816,86.45185603919352,79.04654230261919,7.405313736574335,13.548143960806483
10020519,10,02,05,19,6076,1838,4845,4238,607,1231,100.0,30.25016458196182,79.73996050032916,69.74983541803819,9.99012508229098,20.26003949967084
10020620,10,02,06,20,3349,576,3080,2773,307,269,100.0,17.199163929531203,91.96775156763212,82.80083607046879,9.166915497163332,8.03224843236787
10020621,10,02,06,21,6310,1308,5503,5002,501,807,100.0,20.72900158478605,87.2107765451664,79.27099841521394,7.9397781299524555,12.789223454833598
10020622,10,02,06,22,8572,1163,8036,7409,627,536,100.0,13.567428838077461,93.74708352776481,86.43257116192254,7.314512365842277,6.252916472235184
10020623,10,02,06,23,6523,846,6164,5677,487,359,100.0,12.96949256477081,94.49639736317646,87.03050743522918,7.465889927947264,5.5036026368235476
10030724,10,03,07,24,7836,1375,6938,6461,477,898,100.0,17.5472179683512,88.54007146503318,82.4527820316488,6.087289433384379,11.459928534966819
10030725,10,03,07,25,6487,1367,5699,5120,579,788,100.0,21.072915060891013,87.85262833359026,78.92708493910898,8.92554339448127,12.147371666409743
10030726,10,03,07,26,3553,653,3152,2900,252,401,100.0,18.378834787503518,88.71376301716859,81.62116521249648,7.092597804672109,11.28623698283141
10030727,10,03,07,27,9847,1060,9455,8787,668,392,100.0,10.764699908601605,96.01909210927187,89.2353000913984,6.783792017873464,3.9809078907281408
10040828,10,04,08,28,7779,716,7448,7063,385,331,100.0,9.204267900758452,95.74495436431418,90.79573209924155,4.949222265072631,4.255045635685821
10040829,10,04,08,29,3960,432,3693,3528,165,267,100.0,10.909090909090908,93.25757575757576,89.0909090909091,4.166666666666666,6.742424242424243
10040830,10,04,08,30,7627,518,7446,7109,337,181,100.0,6.791661203618723,97.62685197325291,93.20833879638127,4.418513176871641,2.373148026747083
10040931,10,04,09,31,9697,804,9380,8893,487,317,100.0,8.291224089924718,96.73094771578839,91.70877591007527,5.022171805713107,3.269052284211612
10040932,10,04,09,32,4288,432,4080,3856,224,208,100.0,10.074626865671641,95.1492537313433,89.92537313432835,5.223880597014925,4.850746268656716
10040933,10,04,09,33,15251,1121,14813,14130,683,438,100.0,7.3503376827749,97.12805717657858,92.64966231722511,4.478394859353485,2.871942823421415
11010101,11,01,01,01,639,73,587,566,21,52,100.0,11.424100156494523,91.8622848200313,88.57589984350548,3.286384976525822,8.137715179968701
11010102,11,01,01,02,2624,182,2551,2442,109,73,100.0,6.935975609756098,97.21798780487805,93.0640243902439,4.153963414634147,2.7820121951219514
11010103,11,01,01,03,1588,400,1283,1188,95,305,100.0,25.188916876574307,80.79345088161209,74.81108312342569,5.982367758186398,19.20654911838791
11010204,11,01,02,04,8934,2750,7297,6184,1113,1637,100.0,30.78128497873293,81.67674054175062,69.21871502126707,12.458025520483545,18.323259458249385
11010205,11,01,02,05,7020,2243,5658,4777,881,1362,100.0,31.95156695156695,80.5982905982906,68.04843304843304,12.549857549857549,19.401709401709404
11010206,11,01,02,06,6109,1585,5107,4524,583,1002,100.0,25.945326567359633,83.59797020789,74.05467343264037,9.543296775249633,16.40202979211
11010207,11,01,02,07,7501,1929,6185,5572,613,1316,100.0,25.71657112385015,82.45567257698974,74.28342887614986,8.172243700839887,17.544327423010266
11010308,11,01,03,08,11762,3423,9811,8339,1472,1951,100.0,29.102193504506037,83.41268491753104,70.89780649549397,12.514878422037068,16.58731508246897
11010309,11,01,03,09,9717,2695,8090,7022,1068,1627,100.0,27.734897602140578,83.25614901718637,72.26510239785942,10.991046619326953,16.743850982813626
11010310,11,01,03,10,5736,1126,5001,4610,391,735,100.0,19.630404463040446,87.18619246861925,80.36959553695955,6.816596931659694,12.813807531380753
11020411,11,02,04,11,9464,2617,7578,6847,731,1886,100.0,27.652155536770923,80.07185122569737,72.34784446322908,7.724006762468301,19.92814877430262
11020412,11,02,04,12,6823,1514,5911,5309,602,912,100.0,22.189652645463873,86.63344569837315,77.81034735453612,8.823098343837021,13.36655430162685
11020513,11,02,05,13,3978,835,3348,3143,205,630,100.0,20.990447461035696,84.16289592760181,79.0095525389643,5.153343388637506,15.837104072398189
11020514,11,02,05,14,9637,2367,7837,7270,567,1800,100.0,24.561585555670852,81.3219881705925,75.43841444432915,5.88357372626336,18.67801182940749
11020515,11,02,05,15,14752,3934,12413,10818,1595,2339,100.0,26.6675704989154,84.14452277657267,73.33242950108459,10.812093275488069,15.85547722342733
11020516,11,02,05,16,4074,697,3734,3377,357,340,100.0,17.108492881688758,91.65439371624939,82.89150711831125,8.762886597938143,8.345606283750612
11030617,11,03,06,17,6327,2299,4879,4028,851,1448,100.0,36.33633633633634,77.11395606132449,63.66366366366366,13.450292397660817,22.886043938675517
11030618,11,03,06,18,16313,4517,13586,11796,1790,2727,100.0,27.689572733402805,83.28327101085024,72.31042726659719,10.97284374425305,16.716728989149757
11030619,11,03,06,19,11050,3581,8932,7469,1463,2118,100.0,32.40723981900452,80.83257918552036,67.59276018099547,13.239819004524886,19.167420814479637
11030720,11,03,07,20,6187,3618,2962,2569,393,3225,100.0,58.47745272345241,47.87457572329077,41.5225472765476,6.352028446743171,52.12542427670923
11030721,11,03,07,21,24862,6483,20443,18379,2064,4419,100.0,26.07593918429732,82.22588689566408,73.92406081570267,8.301826079961387,17.774113104335935
11030824,11,03,08,24,10063,3647,7815,6416,1399,2248,100.0,36.24167743217728,77.66073735466561,63.75832256782271,13.90241478684289,22.339262645334394
11040925,11,04,09,25,4183,986,3546,3197,349,637,100.0,23.571599330623954,84.77169495577337,76.42840066937605,8.343294286397322,15.22830504422663
11040926,11,04,09,26,29331,6625,24883,22706,2177,4448,100.0,22.58702396781562,84.8351573420613,77.41297603218437,7.4221813098769225,15.1648426579387
11041022,11,04,10,22,5488,1913,4124,3575,549,1364,100.0,34.85787172011662,75.14577259475219,65.14212827988338,10.003644314868804,24.854227405247816
11041023,11,04,10,23,6748,2329,5390,4419,971,1358,100.0,34.51393005334914,79.87551867219918,65.48606994665086,14.38944872554831,20.12448132780083
11041027,11,04,10,27,3099,884,2525,2215,310,574,100.0,28.52533075185544,81.47789609551468,71.47466924814456,10.00322684737012,18.522103904485316
11041128,11,04,11,28,25716,6409,21929,19307,2622,3787,100.0,24.92222740706175,85.27375952714263,75.07777259293825,10.195986934204386,14.726240472857366
11051229,11,05,12,29,4174,866,3673,3308,365,501,100.0,20.747484427407763,87.99712505989459,79.25251557259224,8.744609487302348,12.002874940105414
11051330,11,05,13,30,9909,1975,8543,7934,609,1366,100.0,19.93137551720658,86.21455242708649,80.06862448279341,6.145927944293067,13.785447572913512
11051331,11,05,13,31,10604,1327,9937,9277,660,667,100.0,12.514145605431912,93.70992078460958,87.48585439456808,6.224066390041494,6.290079215390419
11051332,11,05,13,32,7040,947,6571,6093,478,469,100.0,13.451704545454547,93.33806818181817,86.54829545454545,6.7897727272727275,6.661931818181818
12103115,12,10,31,15,7714,3322,5843,4392,1451,1871,100.0,43.06455794659062,75.74539797770288,56.93544205340939,18.809955924293494,24.25460202229712
12103116,12,10,31,16,9987,4829,7079,5158,1921,2908,100.0,48.352858716331234,70.88214679082807,51.64714128366877,19.235005507159308,29.117853209171923
12103117,12,10,31,17,10916,5826,7387,5090,2297,3529,100.0,53.37119824111396,67.67130817149139,46.62880175888604,21.04250641260535,32.32869182850861
12103218,12,10,32,18,13910,6136,10497,7774,2723,3413,100.0,44.11214953271028,75.46369518332135,55.887850467289724,19.575844716031632,24.536304816678648
12103219,12,10,32,19,8829,3953,6656,4876,1780,2173,100.0,44.772907464038965,75.38792615245214,55.22709253596104,20.160833616491107,24.61207384754785
12103220,12,10,32,20,4643,1409,3910,3234,676,733,100.0,30.34675856127504,84.21279345250915,69.65324143872496,14.559552013784192,15.787206547490845
12214125,12,21,41,25,7760,2519,6390,5241,1149,1370,100.0,32.46134020618557,82.34536082474226,67.53865979381443,14.806701030927835,17.65463917525773
12214126,12,21,41,26,8117,3183,6468,4934,1534,1649,100.0,39.21399531846742,79.6846125415794,60.78600468153259,18.898607860046816,20.3153874584206
12214421,12,21,44,21,2754,1038,2119,1716,403,635,100.0,37.690631808278866,76.94262890341321,62.309368191721134,14.633260711692083,23.05737109658678
12214422,12,21,44,22,8229,4813,5459,3416,2043,2770,100.0,58.48827318021631,66.33855875562037,41.51172681978369,24.826831935836672,33.66144124437963
12214423,12,21,44,23,5609,2321,4422,3288,1134,1187,100.0,41.37992512034231,78.83758245676592,58.62007487965769,20.21750757710822,21.16241754323409
12214424,12,21,44,24,10856,5576,7418,5280,2138,3438,100.0,51.363301400147385,68.33087693441415,48.636698599852615,19.69417833456153,31.669123065585854
12214527,12,21,45,27,10938,2496,9517,8442,1075,1421,100.0,22.819528250137136,87.00859389285061,77.18047174986286,9.82812214298775,12.991406107149386
12214528,12,21,45,28,240,101,173,139,34,67,100.0,42.083333333333336,72.08333333333333,57.91666666666667,14.166666666666666,27.916666666666668
12224229,12,22,42,29,6029,829,5705,5200,505,324,100.0,13.750207331232378,94.62597445679218,86.24979266876763,8.376181788024548,5.374025543207829
12224230,12,22,42,30,18085,2434,17109,15651,1458,976,100.0,13.458667403925906,94.6032623721316,86.5413325960741,8.061929776057507,5.396737627868399
12231101,12,23,11,01,16598,2367,15470,14231,1239,1128,100.0,14.260754307747922,93.20400048198579,85.73924569225207,7.464754789733703,6.795999518014219
12231102,12,23,11,02,16757,2226,15849,14531,1318,908,100.0,13.284000716118637,94.5813689801277,86.71599928388136,7.865369696246345,5.418631019872292
12301203,12,30,12,03,14800,4338,12212,10462,1750,2588,100.0,29.31081081081081,82.51351351351352,70.6891891891892,11.824324324324325,17.486486486486484
12301204,12,30,12,04,6216,1394,5572,4822,750,644,100.0,22.425997425997426,89.63963963963964,77.57400257400258,12.065637065637064,10.36036036036036
12301205,12,30,12,05,4982,945,4567,4037,530,415,100.0,18.968285828984342,91.67001204335608,81.03171417101565,10.638297872340425,8.329987956643919
12301206,12,30,12,06,5174,862,4871,4312,559,303,100.0,16.66022419791264,94.14379590258987,83.33977580208736,10.804020100502512,5.856204097410127
12302107,12,30,21,07,3082,1313,2521,1769,752,561,100.0,42.60220635950681,81.7975340687865,57.39779364049319,24.399740428293313,18.2024659312135
12302108,12,30,21,08,14888,6617,11606,8271,3335,3282,100.0,44.44519075765717,77.95540032240731,55.55480924234283,22.40059108006448,22.044599677592693
12302109,12,30,21,09,11713,6087,8701,5626,3075,3012,100.0,51.96789891573466,74.28498249807906,48.03210108426534,26.25288141381371,25.715017501920943
12302110,12,30,21,10,10575,5910,7510,4665,2845,3065,100.0,55.88652482269504,71.01654846335698,44.11347517730497,26.90307328605201,28.983451536643024
12302211,12,30,22,11,3313,956,2893,2357,536,420,100.0,28.85602173256867,87.32266827648657,71.14397826743132,16.178690009055238,12.677331723513433
12302212,12,30,22,12,5976,2882,4163,3094,1069,1813,100.0,48.22623828647925,69.66198125836681,51.77376171352075,17.888219544846052,30.3380187416332
12304313,12,30,43,13,6803,1741,5680,5062,618,1123,100.0,25.591650742319565,83.49257680435103,74.40834925768044,9.084227546670586,16.50742319564898
12304314,12,30,43,14,9732,1475,9018,8257,761,714,100.0,15.156185778873818,92.66337854500617,84.84381422112618,7.819564323879984,7.336621454993835
