id,district_id,forecast_area_id,district_region_id,planning_area_id,inhabitants,inhabitants_with_migration_background,inhabitants_germans,inhabitants_germans_without_migration_background,inhabitants_germans_with_migration_background,inhabitants_foreigners,inhabitants_percentage,inhabitants_with_migration_background_percentage,inhabitants_germans_percentage,inhabitants_germans_without_migration_background_percentage,inhabitants_germans_with_migration_background_percentage,inhabitants_foreigners_percentage
01011101,01,01,11,01,3445,2075,2040,1370,670,1405,100.0,60.2322206095791,59.21625544267054,39.7677793904209,19.448476052249635,40.78374455732946
01011102,01,01,11,02,188,71,135,117,18,53,100.0,37.765957446808514,71.80851063829788,62.23404255319149,9.574468085106384,28.191489361702125
01011103,01,01,11,03,5159,2979,3349,2180,1169,1810,100.0,57.743748788524904,64.91568133359178,42.256251211475096,22.65943012211669,35.08431866640822
01011104,01,01,11,04,4626,3005,2816,1621,1195,1810,100.0,64.95892779939473,60.873324686554255,35.04107220060527,25.832252485948988,39.126675313445745
01011105,01,01,11,05,1567,1047,778,520,258,789,100.0,66.81557115507339,49.64901084875558,33.184428844926614,16.464582003828973,50.35098915124442
01011201,01,01,12,01,2456,1494,1420,962,458,1036,100.0,60.83061889250815,57.817589576547235,39.16938110749186,18.648208469055376,42.18241042345277
01011202,01,01,12,02,654,315,422,339,83,232,100.0,48.1651376146789,64.52599388379205,51.8348623853211,12.691131498470948,35.47400611620795
01011203,01,01,12,03,1171,637,738,534,204,433,100.0,54.397950469684034,63.02305721605465,45.602049530315966,17.421007685738683,36.97694278394535
01011204,01,01,12,04,8461,4341,5537,4120,1417,2924,100.0,51.305992199503606,65.44143718236614,48.694007800496394,16.747429381869754,34.55856281763385
01011301,01,01,13,01,6910,3009,4778,3901,877,2132,100.0,43.545586107091175,69.14616497829233,56.454413892908825,12.691751085383501,30.85383502170767
01011302,01,01,13,02,12540,5095,9140,7445,1695,3400,100.0,40.629984051036686,72.88676236044657,59.370015948963314,13.516746411483254,27.11323763955343
01011303,01,01,13,03,10011,4811,6529,5200,1329,3482,100.0,48.05713714913595,65.2182599140945,51.942862850864046,13.275397063230447,34.781740085905504
01011304,01,01,13,04,8813,3832,6386,4981,1405,2427,100.0,43.48122092363554,72.46113695676841,56.51877907636447,15.942357880403948,27.538863043231586
01011305,01,01,13,05,8778,3700,6308,5078,1230,2470,100.0,42.15083162451583,71.86147186147186,57.84916837548416,14.012303485987696,28.13852813852814
01011306,01,01,13,06,10831,4939,7480,5892,1588,3351,100.0,45.60059089650078,69.06102852922167,54.39940910349922,14.661619425722463,30.93897147077832
01011401,01,01,14,01,18200,8085,12424,10115,2309,5776,100.0,44.42307692307692,68.26373626373626,55.57692307692308,12.686813186813186,31.736263736263737
01011402,01,01,14,02,13640,5578,9882,8062,1820,3758,100.0,40.894428152492665,72.44868035190616,59.105571847507335,13.343108504398826,27.55131964809384
01022101,01,02,21,01,3524,1913,2221,1611,610,1303,100.0,54.284903518728726,63.0249716231555,45.71509648127128,17.309875141884223,36.97502837684449
01022102,01,02,21,02,6809,4258,3866,2551,1315,2943,100.0,62.53488030547805,56.77779409604935,37.46511969452196,19.312674401527392,43.22220590395066
01022103,01,02,21,03,295,248,106,47,59,189,100.0,84.06779661016948,35.932203389830505,15.932203389830507,20.0,64.0677966101695
01022104,01,02,21,04,18823,9559,12577,9264,3313,6246,100.0,50.78361578919407,66.8171917335175,49.21638421080593,17.600807522711577,33.182808266482496
01022105,01,02,21,05,5365,3154,3382,2211,1171,1983,100.0,58.78844361602982,63.03821062441752,41.211556383970176,21.826654240447343,36.96178937558248
01022106,01,02,21,06,11459,4120,9077,7339,1738,2382,100.0,35.95427175146173,79.21284579806266,64.04572824853827,15.167117549524392,20.78715420193734
01022201,01,02,22,01,11048,5627,7568,5421,2147,3480,100.0,50.93229543808834,68.50108616944243,49.067704561911654,19.433381607530777,31.49891383055757
01022202,01,02,22,02,3580,2277,2190,1303,887,1390,100.0,63.60335195530726,61.1731843575419,36.39664804469274,24.776536312849164,38.8268156424581
01022203,01,02,22,03,7150,4304,4690,2846,1844,2460,100.0,60.19580419580419,65.59440559440559,39.8041958041958,25.79020979020979,34.4055944055944
01022204,01,02,22,04,6081,2661,4443,3420,1023,1638,100.0,43.75925012333497,73.06364084854464,56.24074987666502,16.822890971879627,26.936359151455353
01022205,01,02,22,05,3316,2109,2226,1207,1019,1090,100.0,63.600723763570564,67.12907117008444,36.399276236429436,30.729794933655008,32.87092882991556
01022206,01,02,22,06,3045,1304,2334,1741,593,711,100.0,42.82430213464696,76.65024630541872,57.17569786535304,19.474548440065682,23.34975369458128
01022207,01,02,22,07,5822,2797,3790,3025,765,2032,100.0,48.041909996564755,65.09790450017177,51.958090003435245,13.139814496736516,34.90209549982824
01033101,01,03,31,01,26956,17239,15621,9717,5904,11335,100.0,63.95236682000297,57.94999258050155,36.04763317999703,21.902359400504526,42.05000741949844
01033102,01,03,31,02,11853,7311,7283,4542,2741,4570,100.0,61.68058719311566,61.444360077617475,38.31941280688434,23.12494727073315,38.55563992238252
01033201,01,03,32,01,14303,9580,9841,4723,5118,4462,100.0,66.9789554638887,68.80374746556667,33.021044536111305,35.782702929455354,31.196252534433334
01033202,01,03,32,02,10509,6219,7319,4290,3029,3190,100.0,59.17784755923494,69.6450661337901,40.82215244076506,28.822913693025026,30.354933866209915
01033203,01,03,32,03,14657,9473,8720,5184,3536,5937,100.0,64.63123422255578,59.49375724909599,35.368765777444224,24.12499147165177,40.506242750904
01044101,01,04,41,01,20929,10472,14261,10457,3804,6668,100.0,50.035835443642796,68.13990157198147,49.96416455635721,18.175737015624254,31.860098428018542
01044102,01,04,41,02,16616,7011,12454,9605,2849,4162,100.0,42.194270582571015,74.95185363505055,57.805729417428985,17.14612421762157,25.048146364949446
01044103,01,04,41,03,8809,4756,5492,4053,1439,3317,100.0,53.99023725735044,62.345328641162446,46.00976274264956,16.335565898512886,37.654671358837554
01044201,01,04,42,01,24103,16538,13543,7565,5978,10560,100.0,68.61386549392192,56.18802638675684,31.386134506078083,24.801891880678752,43.81197361324317
01044202,01,04,42,02,17188,10170,10062,7018,3044,7126,100.0,59.16918780544565,58.540842448219685,40.83081219455434,17.710030253665348,41.459157551780315
01044203,01,04,42,03,16058,9636,9705,6422,3283,6353,100.0,60.00747291069872,60.437165275874946,39.992527089301284,20.44463818657367,39.56283472412505
02010101,02,01,01,01,6482,4568,3802,1914,1888,2680,100.0,70.47207651959272,58.654736192533164,29.52792348040728,29.126812712125886,41.34526380746683
02010102,02,01,01,02,13770,9442,9112,4328,4784,4658,100.0,68.56935366739289,66.17283950617285,31.430646332607115,34.742193173565724,33.827160493827165
02010103,02,01,01,03,15183,10751,9746,4432,5314,5437,100.0,70.80945794638741,64.19021273793058,29.190542053612596,34.999670684317984,35.80978726206942
02010104,02,01,01,04,5095,3291,3472,1804,1668,1623,100.0,64.59273797841021,68.14524043179588,35.407262021589794,32.73797841020609,31.854759568204123
02020201,02,02,02,01,1860,719,1447,1141,306,413,100.0,38.655913978494624,77.79569892473118,61.344086021505376,16.451612903225808,22.204301075268816
02020202,02,02,02,02,6037,2683,4326,3354,972,1711,100.0,44.442603942355476,71.65810833195295,55.557396057644524,16.10071227430843,28.341891668047044
02020203,02,02,02,03,10965,4411,8246,6554,1692,2719,100.0,40.22799817601459,75.20291837665299,59.77200182398541,15.430916552667579,24.797081623347015
02020204,02,02,02,04,12657,5504,9151,7153,1998,3506,100.0,43.48581812435806,72.29991309156988,56.51418187564193,15.785731215927946,27.700086908430116
02020205,02,02,02,05,15140,6417,11204,8723,2481,3936,100.0,42.38441215323646,74.00264200792603,57.61558784676354,16.387054161162485,25.997357992073976
02020206,02,02,02,06,18988,8998,13643,9990,3653,5345,100.0,47.387823888771855,71.85064251105962,52.61217611122815,19.238466399831474,28.149357488940385
02030301,02,03,03,01,8893,5614,5538,3279,2259,3355,100.0,63.1283031597886,62.273698414483306,36.871696840211406,25.4020015742719,37.726301585516694
02030302,02,03,03,02,13096,7151,8806,5945,2861,4290,100.0,54.60445937690898,67.24190592547342,45.395540623091016,21.846365302382406,32.758094074526575
02030401,02,03,04,01,15168,7473,10361,7695,2666,4807,100.0,49.26819620253164,68.3082805907173,50.73180379746836,17.576476793248947,31.691719409282697
02030402,02,03,04,02,11017,5650,7337,5367,1970,3680,100.0,51.28437868748298,66.59707724425887,48.71562131251702,17.881455931741854,33.40292275574113
02040501,02,04,05,01,5427,1619,4544,3808,736,883,100.0,29.832319882071122,83.72950064492353,70.16768011792888,13.561820526994655,16.27049935507647
02040502,02,04,05,02,7558,2458,5982,5100,882,1576,100.0,32.521831172267795,79.14792273088118,67.4781688277322,11.669753903148981,20.852077269118816
02040503,02,04,05,03,11351,3282,9199,8069,1130,2152,100.0,28.913752092326668,81.04131794555546,71.08624790767333,9.955070037882125,18.95868205444454
02040701,02,04,07,01,13406,5991,9465,7415,2050,3941,100.0,44.68894524839624,70.60271520214829,55.31105475160376,15.291660450544533,29.397284797851707
02040702,02,04,07,02,11314,3572,8774,7742,1032,2540,100.0,31.57150433091745,77.54993812975076,68.42849566908255,9.121442460668199,22.45006187024925
02040703,02,04,07,03,1160,804,454,356,98,706,100.0,69.3103448275862,39.13793103448276,30.689655172413794,8.448275862068966,60.862068965517246
02050601,02,05,06,01,9268,3128,7057,6140,917,2211,100.0,33.75053949072076,76.14372032801036,66.24946050927925,9.894259818731117,23.85627967198964
02050602,02,05,06,02,21899,7217,16861,14682,2179,5038,100.0,32.955842732544866,76.99438330517376,67.04415726745513,9.950226037718616,23.005616694826248
02050801,02,05,08,01,20636,7739,15062,12897,2165,5574,100.0,37.50242295018415,72.98895134716031,62.49757704981585,10.491374297344446,27.011048652839698
02050802,02,05,08,02,21625,7541,16099,14084,2015,5526,100.0,34.87167630057804,74.44624277456647,65.12832369942197,9.317919075144507,25.553757225433525
02050803,02,05,08,03,7719,2823,5702,4896,806,2017,100.0,36.57209483093665,73.86967223733645,63.42790516906335,10.441767068273093,26.13032776266356
02050804,02,05,08,04,4672,1042,4167,3630,537,505,100.0,22.30308219178082,89.19092465753424,77.69691780821918,11.494006849315069,10.809075342465754
03010101,03,01,01,01,4259,702,3803,3557,246,456,100.0,16.482742427799955,89.29326132895045,83.51725757220004,5.776003756750411,10.706738671049543
03010102,03,01,01,02,12606,2834,10419,9772,647,2187,100.0,22.481358083452324,82.65111851499286,77.51864191654767,5.132476598445185,17.34888148500714
03010104,03,01,01,04,229,45,202,184,18,27,100.0,19.65065502183406,88.20960698689956,80.34934497816593,7.860262008733625,11.790393013100436
03020203,03,02,02,03,2064,138,2002,1926,76,62,100.0,6.686046511627906,96.99612403100775,93.31395348837209,3.6821705426356592,3.003875968992248
03020209,03,02,02,09,15170,2631,13643,12539,1104,1527,100.0,17.343441001977588,89.9340804218853,82.6565589980224,7.277521423862887,10.0659195781147
03020210,03,02,02,10,11472,1807,10448,9665,783,1024,100.0,15.751394700139471,91.07391910739192,84.24860529986053,6.82531380753138,8.92608089260809
03020307,03,02,03,07,18259,2485,17211,15774,1437,1048,100.0,13.609726710115561,94.26036475162934,86.39027328988445,7.870091461744893,5.739635248370666
03030405,03,03,04,05,11444,2129,10213,9315,898,1231,100.0,18.603635092624955,89.24327158336246,81.39636490737504,7.846906675987417,10.75672841663754
03030406,03,03,04,06,8235,746,7913,7489,424,322,100.0,9.058894960534305,96.08986035215543,90.9411050394657,5.1487553126897385,3.910139647844566
03030711,03,03,07,11,6875,524,6674,6351,323,201,100.0,7.621818181818182,97.07636363636364,92.37818181818182,4.698181818181818,2.923636363636364
03030715,03,03,07,15,7869,1666,6690,6203,487,1179,100.0,21.171686364214004,85.01715592832635,78.828313635786,6.188842292540349,14.982844071673657
03030716,03,03,07,16,1120,33,1111,1087,24,9,100.0,2.946428571428571,99.19642857142857,97.05357142857143,2.142857142857143,0.8035714285714285
03040508,03,04,05,08,4551,946,4251,3605,646,300,100.0,20.786640298835422,93.40804218852999,79.21335970116458,14.194682487365414,6.591957811470007
03040512,03,04,05,12,10354,1908,9403,8446,957,951,100.0,18.427660807417425,90.81514390573692,81.57233919258258,9.242804713154335,9.184856094263088
03040513,03,04,05,13,3424,563,3153,2861,292,271,100.0,16.442757009345794,92.08528037383178,83.5572429906542,8.528037383177569,7.914719626168225
03040614,03,04,06,14,37024,6151,33629,30873,2756,3395,100.0,16.613547968885047,90.83027225583406,83.38645203111496,7.443820224719102,9.169727744165947
03040818,03,04,08,18,35345,6528,31211,28817,2394,4134,100.0,18.469373320130146,88.30386193238083,81.53062667986985,6.773235252510963,11.696138067619183
03050919,03,05,09,19,5140,692,4662,4448,214,478,100.0,13.463035019455253,90.70038910505836,86.53696498054475,4.163424124513618,9.299610894941635
03050920,03,05,09,20,7517,1216,6804,6301,503,713,100.0,16.17666622322735,90.51483304509777,83.82333377677264,6.6914992683251295,9.48516695490222
03050923,03,05,09,23,9762,2349,8200,7413,787,1562,100.0,24.062692071296865,83.99918049580005,75.93730792870313,8.061872567096906,16.00081950419996
03050924,03,05,09,24,6287,1523,5245,4764,481,1042,100.0,24.22459042468586,83.42611738508032,75.77540957531414,7.6507078097661845,16.573882614919675
03050925,03,05,09,25,9822,1941,8575,7881,694,1247,100.0,19.761759315821624,87.30401140297292,80.23824068417838,7.065770718794543,12.695988597027084
03051017,03,05,10,17,4249,975,3576,3274,302,673,100.0,22.94657566486232,84.16097905389503,77.05342433513768,7.1075547187573545,15.839020946104965
03051021,03,05,10,21,6591,871,6009,5720,289,582,100.0,13.214990138067062,91.16977696859354,86.78500986193293,4.384767106660598,8.830223031406463
03051022,03,05,10,22,4664,518,4349,4146,203,315,100.0,11.106346483704975,93.24614065180103,88.89365351629502,4.352487135506004,6.75385934819897
03061126,03,06,11,26,15939,4959,12590,10980,1610,3349,100.0,31.11236589497459,78.9886442060355,68.88763410502541,10.1010101010101,21.01135579396449
03061131,03,06,11,31,10597,3628,8066,6969,1097,2531,100.0,34.23610455789374,76.11588185335472,65.76389544210626,10.351986411248467,23.884118146645278
03061227,03,06,12,27,14641,3992,12018,10649,1369,2623,100.0,27.26589713817362,82.0845570657742,72.73410286182637,9.350454203947818,17.915442934225805
03061228,03,06,12,28,12803,3282,10607,9521,1086,2196,100.0,25.63461688666719,82.84777005389363,74.36538311333281,8.482386940560806,17.15222994610638
03061332,03,06,13,32,22757,7391,17826,15366,2460,4931,100.0,32.47791888210221,78.33194182009932,67.5220811178978,10.80986070220152,21.66805817990069
03061429,03,06,14,29,10002,1784,8938,8218,720,1064,100.0,17.83643271345731,89.3621275744851,82.16356728654269,7.198560287942411,10.637872425514896
03061430,03,06,14,30,4055,1737,2610,2318,292,1445,100.0,42.83600493218249,64.36498150431565,57.16399506781751,7.200986436498151,35.63501849568434
03061434,03,06,14,34,6491,1924,5130,4567,563,1361,100.0,29.641041441996613,79.03250654752735,70.3589585580034,8.673547989523957,20.967493452472656
03061435,03,06,14,35,4020,1202,3224,2818,406,796,100.0,29.900497512437813,80.19900497512438,70.09950248756219,10.099502487562189,19.800995024875622
03061441,03,06,14,41,2741,755,2340,1986,354,401,100.0,27.54469171835097,85.37030280919372,72.45530828164904,12.91499452754469,14.629697190806276
03071536,03,07,15,36,11281,4217,8447,7064,1383,2834,100.0,37.38143781579647,74.87811364240758,62.61856218420353,12.25955145820406,25.12188635759241
03071537,03,07,15,37,15902,5665,12002,10237,1765,3900,100.0,35.62444975474783,75.47478304615771,64.37555024525217,11.099232800905547,24.525216953842282
03071633,03,07,16,33,3196,1005,2528,2191,337,668,100.0,31.44555694618273,79.09887359198999,68.55444305381727,10.544430538172717,20.90112640801001
03071638,03,07,16,38,17710,5806,13865,11904,1961,3845,100.0,32.7837380011293,78.28910220214567,67.21626199887069,11.072840203274986,21.71089779785432
03071639,03,07,16,39,12868,3577,10643,9291,1352,2225,100.0,27.7976375505129,82.70904569474666,72.2023624494871,10.506683245259559,17.290954305253344
04010101,04,01,01,01,10801,5307,7713,5494,2219,3088,100.0,49.134339413017315,71.4100546245718,50.865660586982685,20.54439403758911,28.5899453754282
04010102,04,01,01,02,814,349,528,465,63,286,100.0,42.874692874692876,64.86486486486487,57.125307125307124,7.73955773955774,35.13513513513514
04010103,04,01,01,03,7964,4415,5745,3549,2196,2219,100.0,55.43696634856856,72.13711702661979,44.56303365143145,27.574083375188348,27.86288297338021
04020204,04,02,02,04,189,70,150,119,31,39,100.0,37.03703703703704,79.36507936507937,62.96296296296296,16.402116402116402,20.634920634920633
04020205,04,02,02,05,1296,324,1118,972,146,178,100.0,25.0,86.26543209876543,75.0,11.265432098765432,13.734567901234568
04020206,04,02,02,06,2896,871,2337,2025,312,559,100.0,30.075966850828728,80.6975138121547,69.92403314917127,10.773480662983426,19.302486187845304
04020207,04,02,02,07,2539,801,2056,1738,318,483,100.0,31.547853485624263,80.9767625049232,68.45214651437573,12.52461599054746,19.023237495076803
04020208,04,02,02,08,2978,811,2571,2167,404,407,100.0,27.23304231027535,86.33310946944258,72.76695768972465,13.56615177971793,13.66689053055742
04020209,04,02,02,09,3249,1300,2234,1949,285,1015,100.0,40.01231148045552,68.75961834410587,59.98768851954448,8.771929824561402,31.240381655894122
04020310,04,02,03,10,811,534,349,277,72,462,100.0,65.84463625154132,43.033292231812574,34.1553637484587,8.877928483353884,56.96670776818742
04020311,04,02,03,11,15119,5157,12018,9962,2056,3101,100.0,34.1093987697599,79.48938421853298,65.8906012302401,13.598782988292877,20.510615781467028
04020312,04,02,03,12,5547,1826,4437,3721,716,1110,100.0,32.91869478997656,79.98918334234722,67.08130521002343,12.907878132323777,20.010816657652786
04020313,04,02,03,13,7249,2766,5566,4483,1083,1683,100.0,38.15698717064422,76.78300455235205,61.84301282935577,14.939991722996277,23.21699544764795
04020314,04,02,03,14,9,9,0,0,0,9,100.0,100.0,0.0,0.0,0.0,100.0
04030415,04,03,04,15,3346,1879,1897,1467,430,1449,100.0,56.15660490137478,56.69456066945606,43.84339509862522,12.851165570830842,43.30543933054393
04030416,04,03,04,16,10593,5154,7747,5439,2308,2846,100.0,48.654772019258004,73.13320117058436,51.345227980742,21.78797318984235,26.86679882941565
04030417,04,03,04,17,10954,4286,8367,6668,1699,2587,100.0,39.127259448603255,76.38305641774694,60.87274055139675,15.510315866350192,23.616943582253057
04030518,04,03,05,18,9561,4428,6897,5133,1764,2664,100.0,46.31314716033887,72.13680577345465,53.68685283966113,18.449952933793536,27.86319422654534
04030519,04,03,05,19,5908,2753,4287,3155,1132,1621,100.0,46.59783344617468,72.56262694651319,53.402166553825325,19.16046039268788,27.437373053486798
04030620,04,03,06,20,8928,4068,6503,4860,1643,2425,100.0,45.564516129032256,72.83826164874552,54.43548387096774,18.40277777777778,27.161738351254485
04030621,04,03,06,21,3172,1858,1995,1314,681,1177,100.0,58.575031525851195,62.89407313997478,41.424968474148805,21.469104665825977,37.10592686002522
04030622,04,03,06,22,10910,5285,7805,5625,2180,3105,100.0,48.44179651695692,71.53987167736022,51.55820348304307,19.98166819431714,28.460128322639783
04030623,04,03,06,23,5071,2924,3398,2147,1251,1673,100.0,57.66121080654704,67.00847958982449,42.33878919345297,24.669690396371525,32.991520410175504
04030724,04,03,07,24,6576,2575,5014,4001,1013,1562,100.0,39.157542579075425,76.24695863746959,60.842457420924575,15.404501216545013,23.753041362530414
04030725,04,03,07,25,12431,5206,9092,7225,1867,3339,100.0,41.87917303515405,73.13973131686912,58.12082696484595,15.018904352023169,26.860268683130883
04030726,04,03,07,26,5735,2627,4100,3108,992,1635,100.0,45.806451612903224,71.49084568439406,54.19354838709678,17.2972972972973,28.50915431560593
04030827,04,03,08,27,12303,6780,7871,5523,2348,4432,100.0,55.10851011948306,63.97626595139398,44.89148988051695,19.084776070877023,36.02373404860603
04030828,04,03,08,28,9671,4532,6719,5139,1580,2952,100.0,46.861751628580286,69.47575224899182,53.13824837141971,16.337503877572125,30.524247751008172
04030929,04,03,09,29,6061,2677,4420,3384,1036,1641,100.0,44.16762910410823,72.92525985810923,55.83237089589177,17.092888962217458,27.07474014189078
04030930,04,03,09,30,5736,2679,4039,3057,982,1697,100.0,46.70502092050209,70.41492329149233,53.29497907949791,17.11994421199442,29.585076708507668
04030931,04,03,09,31,3725,2171,2237,1554,683,1488,100.0,58.28187919463087,60.053691275167786,41.71812080536913,18.335570469798657,39.946308724832214
04031032,04,03,10,32,15756,6935,11561,8821,2740,4195,100.0,44.014978420919014,73.37522213759837,55.985021579080986,17.390200558517392,26.62477786240163
04041133,04,04,11,33,106,75,34,31,3,72,100.0,70.75471698113208,32.075471698113205,29.245283018867923,2.8301886792452833,67.9245283018868
04041134,04,04,11,34,5323,2190,4134,3133,1001,1189,100.0,41.14221303776066,77.66297200826602,58.85778696223933,18.805185046026676,22.337027991733986
04041135,04,04,11,35,2811,1047,2237,1764,473,574,100.0,37.246531483457844,79.58022056207756,62.753468516542156,16.826752045535397,20.419779437922447
04041136,04,04,11,36,3130,1155,2500,1975,525,630,100.0,36.90095846645367,79.87220447284345,63.09904153354633,16.773162939297126,20.12779552715655
04041137,04,04,11,37,8338,3300,6531,5038,1493,1807,100.0,39.577836411609496,78.32813624370353,60.4221635883905,17.905972655313025,21.671863756296474
04041238,04,04,12,38,6114,2195,5064,3919,1145,1050,100.0,35.90121033693163,82.82630029440628,64.09878966306837,18.727510631337914,17.17369970559372
04041239,04,04,12,39,319,236,107,83,24,212,100.0,73.98119122257053,33.5423197492163,26.01880877742947,7.523510971786834,66.4576802507837
04041240,04,04,12,40,1544,428,1326,1116,210,218,100.0,27.72020725388601,85.88082901554405,72.279792746114,13.601036269430052,14.119170984455959
04041241,04,04,12,41,7042,1854,6009,5188,821,1033,100.0,26.327747798920758,85.33087191138881,73.67225220107923,11.658619710309571,14.669128088611192
04041342,04,04,13,42,4200,1486,3397,2714,683,803,100.0,35.38095238095238,80.88095238095238,64.61904761904762,16.26190476190476,19.11904761904762
04041343,04,04,13,43,3579,1155,2972,2424,548,607,100.0,32.27158424140821,83.03995529477508,67.72841575859178,15.311539536183291,16.960044705224924
04041344,04,04,13,44,10771,3094,8971,7677,1294,1800,100.0,28.725280846718036,83.28845975304057,71.27471915328196,12.013740599758611,16.711540246959427
04051445,04,05,14,45,6437,2907,4870,3530,1340,1567,100.0,45.16078918750971,75.656361659158,54.83921081249029,20.817150846667705,24.34363834084201
04051446,04,05,14,46,10980,4985,8062,5995,2067,2918,100.0,45.400728597449906,73.42440801457195,54.59927140255009,18.825136612021858,26.575591985428048
04051447,04,05,14,47,5348,2288,3996,3060,936,1352,100.0,42.78234854151084,74.71952131637995,57.21765145848915,17.5018698578908,25.280478683620046
04051448,04,05,14,48,9342,4477,6519,4865,1654,2823,100.0,47.92335688289446,69.78163134232499,52.07664311710555,17.704988225219438,30.218368657675015
04051549,04,05,15,49,4696,2109,3378,2587,791,1318,100.0,44.91056218057922,71.9335604770017,55.08943781942078,16.84412265758092,28.066439522998298
04051550,04,05,15,50,5690,2469,4189,3221,968,1501,100.0,43.391915641476274,73.62038664323374,56.608084358523726,17.012302284710017,26.379613356766257
04051551,04,05,15,51,4557,2018,3392,2539,853,1165,100.0,44.283519859556726,74.43493526442835,55.71648014044327,18.718455123985077,25.565064735571646
04051652,04,05,16,52,9945,4045,7432,5900,1532,2513,100.0,40.67370537958773,74.73102061337356,59.32629462041227,15.404725992961287,25.268979386626444
04051653,04,05,16,53,7037,3086,5162,3951,1211,1875,100.0,43.85391502060537,73.35512292169959,56.14608497939463,17.20903794230496,26.64487707830041
04051654,04,05,16,54,3081,1160,2397,1921,476,684,100.0,37.65011359948069,77.79941577409932,62.34988640051932,15.449529373580006,22.200584225900684
04051655,04,05,16,55,7497,3336,5533,4161,1372,1964,100.0,44.49779911964786,73.80285447512338,55.502200880352135,18.30065359477124,26.197145524876618
04051656,04,05,16,56,7739,2608,6215,5131,1084,1524,100.0,33.699444372657965,80.30753327303269,66.30055562734204,14.006977645690657,19.692466726967307
04061757,04,06,17,57,68,21,54,47,7,14,100.0,30.88235294117647,79.41176470588235,69.11764705882352,10.294117647058822,20.588235294117645
05010101,05,01,01,01,10658,3170,9117,7488,1629,1541,100.0,29.74291611934697,85.54137736911241,70.25708388065303,15.284293488459374,14.458622630887596
05010102,05,01,01,02,8438,3071,6504,5367,1137,1934,100.0,36.39488030338943,77.07987674804457,63.605119696610565,13.474757051433988,22.92012325195544
05010103,05,01,01,03,7630,1504,6928,6126,802,702,100.0,19.711664482306684,90.7994757536042,80.28833551769333,10.511140235910878,9.200524246395805
05010204,05,01,02,04,3584,1581,2700,2003,697,884,100.0,44.112723214285715,75.33482142857143,55.88727678571429,19.447544642857142,24.665178571428573
05010205,05,01,02,05,2283,635,2032,1648,384,251,100.0,27.81427945685502,89.00569426193606,72.18572054314498,16.819973718791065,10.99430573806395
05010206,05,01,02,06,10738,4552,8291,6186,2105,2447,100.0,42.39150679828646,77.21177127956788,57.60849320171354,19.60327807785435,22.78822872043211
05010207,05,01,02,07,11609,6013,8869,5596,3273,2740,100.0,51.79602032905505,76.39762253424067,48.20397967094496,28.19364286329572,23.602377465759325
05010208,05,01,02,08,7705,2785,6031,4920,1111,1674,100.0,36.14536015574302,78.2738481505516,63.85463984425698,14.419208306294614,21.72615184944841
05010209,05,01,02,09,6112,2007,5127,4105,1022,985,100.0,32.837041884816756,83.88416230366492,67.16295811518324,16.721204188481675,16.115837696335078
05010310,05,01,03,10,3953,1577,2989,2376,613,964,100.0,39.893751581077666,75.61345813306349,60.106248418922334,15.50720971414116,24.386541866936504
05010311,05,01,03,11,5633,2859,4252,2774,1478,1381,100.0,50.75448251375821,75.48375643529202,49.24551748624179,26.238238949050242,24.51624356470797
05010312,05,01,03,12,7463,4309,4344,3154,1190,3119,100.0,57.73817499665014,58.20715529947742,42.261825003349855,15.945330296127564,41.79284470052258
05010313,05,01,03,13,6834,2972,4953,3862,1091,1881,100.0,43.488440152180274,72.47585601404741,56.511559847819726,15.964296166227685,27.52414398595259
05010314,05,01,03,14,12366,4941,9563,7425,2138,2803,100.0,39.956331877729255,77.33300986576096,60.043668122270745,17.289341743490215,22.666990134239043
05010339,05,01,03,39,972,663,364,309,55,608,100.0,68.20987654320987,37.4485596707819,31.790123456790127,5.658436213991769,62.55144032921811
05020415,05,02,04,15,3835,816,3588,3019,569,247,100.0,21.277705345501953,93.55932203389831,78.72229465449804,14.837027379400261,6.440677966101695
05020416,05,02,04,16,1703,96,1679,1607,72,24,100.0,5.637110980622431,98.5907222548444,94.36288901937758,4.227833235466823,1.4092777451556078
05020417,05,02,04,17,5862,1800,5007,4062,945,855,100.0,30.706243602865918,85.41453428863869,69.29375639713409,16.120777891504606,14.585465711361309
05020418,05,02,04,18,4395,1198,3679,3197,482,716,100.0,27.258248009101248,83.70875995449374,72.74175199089875,10.967007963594995,16.291240045506257
05020419,05,02,04,19,7250,2288,6015,4962,1053,1235,100.0,31.55862068965517,82.9655172413793,68.44137931034483,14.524137931034483,17.03448275862069
05020420,05,02,04,20,1027,198,936,829,107,91,100.0,19.279454722492698,91.13924050632912,80.7205452775073,10.41869522882181,8.860759493670885
05020521,05,02,05,21,3260,908,2938,2352,586,322,100.0,27.85276073619632,90.12269938650307,72.14723926380368,17.975460122699385,9.877300613496933
05020522,05,02,05,22,7636,3715,5248,3921,1327,2388,100.0,48.65112624410686,68.72708224201153,51.348873755893145,17.37820848611839,31.272917757988477
05020523,05,02,05,23,12731,7631,8641,5100,3541,4090,100.0,59.940303196920894,67.87369413243265,40.0596968030791,27.813997329353548,32.12630586756735
05020524,05,02,05,24,6292,1439,5603,4853,750,689,100.0,22.870311506675144,89.0495867768595,77.12968849332485,11.919898283534646,10.950413223140496
05020625,05,02,06,25,7689,2959,5892,4730,1162,1797,100.0,38.483547925608015,76.62895044869293,61.51645207439199,15.11249837430095,23.371049551307063
05020626,05,02,06,26,18244,6581,14184,11663,2521,4060,100.0,36.07213330409998,77.74610830958123,63.92786669590003,13.81824161368121,22.25389169041877
05020627,05,02,06,27,4382,2022,3098,2360,738,1284,100.0,46.14331355545413,70.69831127339114,53.856686444545865,16.841624828845276,29.301688726608855
05020628,05,02,06,28,2022,525,1780,1497,283,242,100.0,25.96439169139466,88.03165182987142,74.03560830860533,13.996043521266074,11.968348170128586
05020629,05,02,06,29,4435,710,4101,3725,376,334,100.0,16.00901916572717,92.46899661781285,83.99098083427283,8.478015783540023,7.531003382187147
05030730,05,03,07,30,4064,2233,3289,1831,1458,775,100.0,54.94586614173228,80.93011811023622,45.05413385826771,35.875984251968504,19.069881889763778
05030731,05,03,07,31,11616,5062,9177,6554,2623,2439,100.0,43.577823691460054,79.00309917355372,56.42217630853994,22.580922865013775,20.99690082644628
05030832,05,03,08,32,12327,5849,8953,6478,2475,3374,100.0,47.448689867769936,72.62918796138558,52.551310132230064,20.077877829155515,27.370812038614424
05030833,05,03,08,33,504,236,387,268,119,117,100.0,46.82539682539682,76.78571428571429,53.17460317460318,23.61111111111111,23.214285714285715
05040934,05,04,09,34,3457,882,2963,2575,388,494,100.0,25.513450969048307,85.71015331212034,74.48654903095169,11.223604281168644,14.289846687879665
05040935,05,04,09,35,457,113,390,344,46,67,100.0,24.72647702407002,85.33916849015317,75.27352297592998,10.065645514223196,14.660831509846828
05040936,05,04,09,36,10142,1804,9561,8338,1223,581,100.0,17.787418655097614,94.27134687438375,82.21258134490239,12.058765529481365,5.728653125616249
05040937,05,04,09,37,2203,354,2077,1849,228,126,100.0,16.06899682251475,94.28052655469814,83.93100317748525,10.349523377212892,5.719473445301861
05040938,05,04,09,38,3686,527,3483,3159,324,203,100.0,14.297341291372762,94.49267498643516,85.70265870862724,8.790016277807922,5.50732501356484
06010101,06,01,01,01,6958,1860,6009,5098,911,949,100.0,26.73181948835872,86.36102328255247,73.26818051164128,13.092842770911181,13.638976717447543
06010102,06,01,01,02,8835,3209,7111,5626,1485,1724,100.0,36.32144878324844,80.48670062252405,63.67855121675156,16.808149405772497,19.51329937747595
06010103,06,01,01,03,6428,2077,5357,4351,1006,1071,100.0,32.311761045426266,83.33851897946484,67.68823895457375,15.650280024891103,16.66148102053516
06010204,06,01,02,04,6873,2414,5682,4459,1223,1191,100.0,35.122944856685585,82.67132256656483,64.87705514331442,17.7942674232504,17.328677433435182
06010205,06,01,02,05,9820,3212,8145,6608,1537,1675,100.0,32.70875763747454,82.94297352342159,67.29124236252547,15.651731160896128,17.05702647657841
06010206,06,01,02,06,7787,2347,6563,5440,1123,1224,100.0,30.139976884551174,84.28149479902402,69.86002311544883,14.42147168357519,15.718505200975985
06010207,06,01,02,07,8021,2755,6560,5266,1294,1461,100.0,34.34733823712754,81.7853135519262,65.65266176287246,16.132651789053735,18.214686448073806
06010208,06,01,02,08,6867,2144,5759,4723,1036,1108,100.0,31.221785350225716,83.8648609290811,68.77821464977428,15.086646279306828,16.13513907091889
06010209,06,01,02,09,9318,3287,7556,6031,1525,1762,100.0,35.27581025971239,81.09036273878515,64.72418974028761,16.366172998497532,18.909637261214854
06010210,06,01,02,10,4896,1387,4147,3509,638,749,100.0,28.329248366013072,84.70179738562092,71.67075163398692,13.031045751633988,15.298202614379086
06020301,06,02,03,01,5004,1205,4436,3799,637,568,100.0,24.080735411670666,88.64908073541167,75.91926458832934,12.729816147082335,11.35091926458833
06020302,06,02,03,02,6083,1871,4985,4212,773,1098,100.0,30.757849745191518,81.9496958737465,69.2421502548085,12.707545618938024,18.050304126253494
06020303,06,02,03,03,7364,2273,6170,5091,1079,1194,100.0,30.866376969038566,83.78598587724063,69.13362303096143,14.652362846279196,16.21401412275937
06020304,06,02,03,04,7261,2158,6172,5103,1069,1089,100.0,29.7204241839967,85.00206583115273,70.2795758160033,14.722490015149429,14.997934168847266
06020305,06,02,03,05,11461,3946,9360,7515,1845,2101,100.0,34.429805427100604,81.66826629438967,65.5701945728994,16.09807172149027,18.331733705610333
06020306,06,02,03,06,6393,1260,5836,5133,703,557,100.0,19.70905678085406,91.28734553417802,80.29094321914594,10.996402315032066,8.712654465821993
06020407,06,02,04,07,4662,2338,3448,2324,1124,1214,100.0,50.150150150150154,73.95967395967395,49.849849849849846,24.10982410982411,26.04032604032604
06020408,06,02,04,08,6971,2009,5891,4962,929,1080,100.0,28.81939463491608,84.5072442978052,71.18060536508392,13.326638932721274,15.492755702194808
06020409,06,02,04,09,8455,2227,7199,6228,971,1256,100.0,26.339444115907746,85.14488468361915,73.66055588409225,11.484328799526908,14.85511531638084
06020410,06,02,04,10,7097,1456,6254,5641,613,843,100.0,20.515710863745245,88.1217415809497,79.48428913625476,8.637452444694942,11.878258419050303
06020411,06,02,04,11,8636,2267,7562,6369,1193,1074,100.0,26.25057897174618,87.56368689207966,73.74942102825382,13.814265863825845,12.436313107920334
06030501,06,03,05,01,5760,1405,4898,4355,543,862,100.0,24.39236111111111,85.03472222222223,75.60763888888889,9.427083333333334,14.965277777777777
06030502,06,03,05,02,5633,1375,4903,4258,645,730,100.0,24.409728386295047,87.04065329309427,75.59027161370496,11.450381679389313,12.959346706905734
06030503,06,03,05,03,11807,3496,9990,8311,1679,1817,100.0,29.60955365461167,84.61082408740577,70.39044634538833,14.220377742017448,15.389175912594224
06030504,06,03,05,04,11133,2554,9858,8579,1279,1275,100.0,22.940806610976377,88.54756130423067,77.05919338902363,11.488367915207043,11.452438695769334
06030605,06,03,06,05,7133,1997,6051,5136,915,1082,100.0,27.99663535679237,84.83106687228376,72.00336464320762,12.827702229076124,15.16893312771625
06030606,06,03,06,06,5623,2193,4215,3430,785,1408,100.0,39.00053352303041,74.95998577271918,60.99946647696959,13.960519295749599,25.04001422728081
06030607,06,03,06,07,3148,1179,2308,1969,339,840,100.0,37.45235069885642,73.3163913595934,62.54764930114358,10.76874205844981,26.683608640406607
06030608,06,03,06,08,13784,3954,11908,9830,2078,1876,100.0,28.685432385374348,86.39001741149158,71.31456761462566,15.07544979686593,13.609982588508416
06030609,06,03,06,09,12206,3077,10540,9129,1411,1666,100.0,25.20891364902507,86.35097493036211,74.79108635097494,11.559888579387186,13.649025069637883
06030610,06,03,06,10,8491,2039,7414,6452,962,1077,100.0,24.013661523966555,87.3159816276057,75.98633847603344,11.329643151572252,12.684018372394302
06040701,06,04,07,01,10334,2377,8999,7957,1042,1335,100.0,23.001741823108187,87.08147861428294,76.99825817689181,10.083220437391136,12.91852138571705
06040702,06,04,07,02,5517,1332,4848,4185,663,669,100.0,24.143556280587276,87.87384448069602,75.85644371941272,12.017400761283307,12.12615551930397
06040703,06,04,07,03,11178,3295,8919,7883,1036,2259,100.0,29.47754517802827,79.79066022544283,70.52245482197172,9.268205403471104,20.209339774557165
06040804,06,04,08,04,7591,1424,6904,6167,737,687,100.0,18.759056777763142,90.94980898432354,81.24094322223687,9.708865762086681,9.05019101567646
06040805,06,04,08,05,5298,1192,4709,4106,603,589,100.0,22.49905624764062,88.88259720649302,77.50094375235939,11.381653454133636,11.117402793506983
06040806,06,04,08,06,7345,1246,6717,6099,618,628,100.0,16.963921034717494,91.4499659632403,83.0360789652825,8.413886997957794,8.5500340367597
06040807,06,04,08,07,5971,1468,5226,4503,723,745,100.0,24.58549656673924,87.52302796851448,75.41450343326076,12.108524535253725,12.476972031485513
06040808,06,04,08,08,4762,1782,4080,2980,1100,682,100.0,37.4212515749685,85.67828643427131,62.57874842503149,23.099538009239815,14.321713565728686
06040809,06,04,08,09,5007,1570,4055,3437,618,952,100.0,31.356101457958857,80.98661873377272,68.64389854204114,12.342720191731575,19.01338126622728
06040810,06,04,08,10,7160,2327,5885,4833,1052,1275,100.0,32.5,82.1927374301676,67.5,14.692737430167599,17.807262569832403
07010101,07,01,01,01,10138,5110,7011,5028,1983,3127,100.0,50.4044190175577,69.15565200236733,49.59558098244229,19.560071019925036,30.84434799763267
07010102,07,01,01,02,16550,9485,10680,7065,3615,5870,100.0,57.31117824773414,64.53172205438067,42.68882175226586,21.842900302114803,35.468277945619334
07010103,07,01,01,03,10542,4213,8012,6329,1683,2530,100.0,39.963953708973634,76.00075886928477,60.036046291026366,15.964712578258395,23.999241130715234
07010104,07,01,01,04,13685,7758,9079,5927,3152,4606,100.0,56.68980635732554,66.34271099744245,43.31019364267446,23.032517354767997,33.65728900255755
07020201,07,02,02,01,10620,3813,8551,6807,1744,2069,100.0,35.90395480225988,80.51789077212807,64.09604519774011,16.421845574387948,19.48210922787194
07020202,07,02,02,02,10488,4754,7590,5734,1856,2898,100.0,45.32799389778795,72.36842105263158,54.67200610221206,17.696414950419527,27.631578947368425
07020203,07,02,02,03,17904,7956,13241,9948,3293,4663,100.0,44.43699731903485,73.95554066130474,55.56300268096515,18.392537980339586,26.044459338695265
07020204,07,02,02,04,12137,4500,9520,7637,1883,2617,100.0,37.076707588366155,78.43783472027684,62.923292411633845,15.514542308642993,21.56216527972316
07030301,07,03,03,01,24771,7089,20849,17682,3167,3922,100.0,28.6181421823907,84.16696944007104,71.3818578176093,12.78511162246175,15.833030559928948
07030302,07,03,03,02,9409,3040,7802,6369,1433,1607,100.0,32.30949091295568,82.92060792857902,67.69050908704432,15.230098841534701,17.07939207142098
07030303,07,03,03,03,12248,5390,9490,6858,2632,2758,100.0,44.00718484650555,77.48203788373613,55.99281515349445,21.48922273024167,22.517962116263877
07040401,07,04,04,01,17602,6738,14315,10864,3451,3287,100.0,38.27974093852971,81.32598568344507,61.72025906147029,19.605726621974775,18.67401431655494
07040402,07,04,04,02,2312,498,2076,1814,262,236,100.0,21.53979238754325,89.79238754325259,78.46020761245674,11.332179930795848,10.207612456747404
07040403,07,04,04,03,24643,9544,19382,15099,4283,5261,100.0,38.72905084608205,78.65113825427099,61.270949153917954,17.380189100353043,21.34886174572901
07040404,07,04,04,04,5153,1404,4472,3749,723,681,100.0,27.24626431205123,86.78439743838541,72.75373568794878,14.030661750436638,13.215602561614592
07040405,07,04,04,05,11315,5166,8304,6149,2155,3011,100.0,45.65620857269112,73.38930623066724,54.34379142730889,19.045514803358373,26.610693769332745
07040406,07,04,04,06,4069,2328,2601,1741,860,1468,100.0,57.21307446547064,63.92233964118949,42.78692553452937,21.135414106660114,36.07766035881052
07050501,07,05,05,01,17118,7076,13381,10042,3339,3737,100.0,41.33660474354481,78.16917864236477,58.663395256455196,19.50578338590957,21.830821357635237
07050502,07,05,05,02,8225,3245,6350,4980,1370,1875,100.0,39.45288753799392,77.20364741641338,60.54711246200608,16.656534954407295,22.796352583586625
07050503,07,05,05,03,9165,3041,7689,6124,1565,1476,100.0,33.180578286961264,83.89525368248772,66.81942171303874,17.07583196944899,16.104746317512276
07050504,07,05,05,04,5693,1884,4838,3809,1029,855,100.0,33.0932724398384,84.98155629720709,66.9067275601616,18.074828737045497,15.018443702792903
07050505,07,05,05,05,10651,3151,9181,7500,1681,1470,100.0,29.584076612524647,86.19847901605483,70.41592338747536,15.782555628579475,13.80152098394517
07050506,07,05,05,06,2254,558,2028,1696,332,226,100.0,24.755989352262645,89.97338065661047,75.24401064773735,14.729370008873113,10.02661934338953
07060601,07,06,06,01,10194,4314,7770,5880,1890,2424,100.0,42.31901118304886,76.22130665097116,57.68098881695115,18.540317834020012,23.77869334902884
07060602,07,06,06,02,4792,1199,4256,3593,663,536,100.0,25.02086811352254,88.81469115191987,74.97913188647746,13.835559265442404,11.185308848080133
07060603,07,06,06,03,2845,1095,2361,1750,611,484,100.0,38.488576449912124,82.98769771528998,61.511423550087876,21.47627416520211,17.012302284710017
07060604,07,06,06,04,14506,5593,12270,8913,3357,2236,100.0,38.556459396111954,84.58568868054599,61.443540603888046,23.142148076657936,15.414311319454018
07070701,07,07,07,01,10540,2381,9456,8159,1297,1084,100.0,22.590132827324478,89.71537001897532,77.40986717267552,12.305502846299811,10.284629981024668
07070702,07,07,07,02,10925,2413,9981,8512,1469,944,100.0,22.086956521739133,91.35926773455377,77.91304347826087,13.446224256292908,8.640732265446225
07070703,07,07,07,03,8096,2297,7050,5799,1251,1046,100.0,28.372035573122528,87.0800395256917,71.62796442687747,15.45207509881423,12.9199604743083
07070704,07,07,07,04,8521,3392,6595,5129,1466,1926,100.0,39.807534326956926,77.3970191292102,60.192465673043074,17.204553456167115,22.602980870789814
07070705,07,07,07,05,7014,1332,6426,5682,744,588,100.0,18.99059024807528,91.61676646706587,81.00940975192472,10.607356715141146,8.383233532934131
07070706,07,07,07,06,3866,858,3362,3008,354,504,100.0,22.193481634764613,86.96326952922918,77.80651836523539,9.156751163993793,13.036730470770822
07070707,07,07,07,07,2993,551,2718,2442,276,275,100.0,18.40962245238891,90.81189442031406,81.5903775476111,9.221516872702974,9.188105579685933
08010115,08,01,01,15,891,389,642,502,140,249,100.0,43.65881032547699,72.05387205387206,56.34118967452301,15.712682379349047,27.946127946127948
08010116,08,01,01,16,3677,2155,2230,1522,708,1447,100.0,58.60756051128637,60.64726679358172,41.39243948871362,19.2548273048681,39.35273320641828
08010117,08,01,01,17,16014,8259,10519,7755,2764,5495,100.0,51.573623079805174,65.68627450980392,48.42637692019483,17.259897589609093,34.31372549019608
08010118,08,01,01,18,11833,7201,7415,4632,2783,4418,100.0,60.8552353587425,62.66373700667624,39.1447646412575,23.518972365418744,37.33626299332376
08010211,08,01,02,11,9873,5796,6048,4077,1971,3825,100.0,58.70556061987238,61.257976298997264,41.29443938012762,19.963536918869647,38.742023701002736
08010212,08,01,02,12,7385,5020,4864,2365,2499,2521,100.0,67.97562626946512,65.86323628977657,32.02437373053487,33.838862559241704,34.13676371022343
08010213,08,01,02,13,12288,6766,7996,5522,2474,4292,100.0,55.061848958333336,65.07161458333334,44.93815104166667,20.133463541666664,34.92838541666667
08010214,08,01,02,14,8439,4957,5126,3482,1644,3313,100.0,58.739187107477186,60.7417940514279,41.260812892522814,19.480981158905085,39.258205948572105
08010301,08,01,03,01,27602,13687,18845,13915,4930,8757,100.0,49.58698645025723,68.2740381131802,50.41301354974277,17.861024563437432,31.725961886819796
08010302,08,01,03,02,3880,1481,3013,2399,614,867,100.0,38.170103092783506,77.65463917525773,61.829896907216494,15.824742268041236,22.34536082474227
08010303,08,01,03,03,8389,5140,4984,3249,1735,3405,100.0,61.27071164620336,59.411133627369175,38.72928835379664,20.681845273572534,40.588866372630825
08010404,08,01,04,04,23433,12494,15384,10939,4445,8049,100.0,53.317970383646994,65.65100499295865,46.682029616353006,18.96897537660564,34.34899500704135
08010405,08,01,04,05,8945,4270,6184,4675,1509,2761,100.0,47.73616545556177,69.13359418669648,52.26383454443824,16.869759642258245,30.866405813303523
08010406,08,01,04,06,7148,4277,4335,2871,1464,2813,100.0,59.834918858421936,60.64633463905987,40.165081141578064,20.481253497481813,39.35366536094012
08010407,08,01,04,07,798,362,562,436,126,236,100.0,45.363408521303256,70.42606516290726,54.63659147869674,15.789473684210526,29.57393483709273
08010508,08,01,05,08,5785,4224,3710,1561,2149,2075,100.0,73.01642178046673,64.1313742437338,26.98357821953328,37.14779602420052,35.868625756266205
08010509,08,01,05,09,9299,6167,6597,3132,3465,2702,100.0,66.31895902785246,70.94311216259813,33.68104097214754,37.262071190450584,29.056887837401874
08010510,08,01,05,10,478,324,230,154,76,248,100.0,67.78242677824268,48.11715481171548,32.21757322175732,15.899581589958158,51.88284518828452
08020619,08,02,06,19,11607,6454,7741,5153,2588,3866,100.0,55.60437666925131,66.69251313862324,44.395623330748684,22.29688980787456,33.30748686137676
08020620,08,02,06,20,9269,4253,7177,5016,2161,2092,100.0,45.88412989535009,77.43014348904951,54.11587010464991,23.314273384399613,22.56985651095048
08020621,08,02,06,21,2342,615,2145,1727,418,197,100.0,26.259607173356102,91.58838599487618,73.7403928266439,17.84799316823228,8.411614005123825
08020622,08,02,06,22,14334,4170,12376,10164,2212,1958,100.0,29.09167015487652,86.34017022464072,70.90832984512349,15.431840379517231,13.659829775359286
08020623,08,02,06,23,1247,392,1076,855,221,171,100.0,31.43544506816359,86.28708901363272,68.56455493183641,17.72253408179631,13.712910986367282
08020624,08,02,06,24,1402,519,1232,883,349,170,100.0,37.01854493580599,87.87446504992867,62.981455064194016,24.893009985734665,12.125534950071327
08020625,08,02,06,25,3313,1050,2793,2263,530,520,100.0,31.69332930878358,84.30425596136433,68.30667069121642,15.997585270147901,15.695744038635679
08020726,08,02,07,26,8410,2278,7427,6132,1295,983,100.0,27.08680142687277,88.3115338882283,72.91319857312722,15.39833531510107,11.6884661117717
08020727,08,02,07,27,11898,3792,10107,8106,2001,1791,100.0,31.870902672718103,84.94704992435703,68.1290973272819,16.817952597075138,15.052950075642965
08020728,08,02,07,28,8837,4001,6837,4836,2001,2000,100.0,45.27554599977368,77.36788502885594,54.72445400022632,22.643431028629628,22.632114971144055
08030829,08,03,08,29,12546,6540,9862,6006,3856,2684,100.0,52.12816834050693,78.60672724374302,47.87183165949306,30.734895584249962,21.393272756256973
08030830,08,03,08,30,7258,3047,6064,4211,1853,1194,100.0,41.98126205566272,83.54918710388537,58.01873794433728,25.530449159548084,16.450812896114634
08030831,08,03,08,31,17703,9277,13900,8426,5474,3803,100.0,52.40354742134101,78.51776535050557,47.59645257865898,30.921312771846583,21.482234649494437
08040932,08,04,09,32,2826,947,2449,1879,570,377,100.0,33.510261854210896,86.65958952583156,66.4897381457891,20.169851380042463,13.340410474168435
08040933,08,04,09,33,4174,1405,3570,2769,801,604,100.0,33.66075706756109,85.5294681360805,66.3392429324389,19.190225203641592,14.470531863919502
08040934,08,04,09,34,2653,870,2290,1783,507,363,100.0,32.793064455333585,86.31737655484358,67.20693554466641,19.110441010177155,13.682623445156427
08041035,08,04,10,35,8324,2930,7044,5394,1650,1280,100.0,35.19942335415666,84.62277751081211,64.80057664584335,19.822200864968764,15.377222489187892
08041036,08,04,10,36,6814,1689,6114,5125,989,700,100.0,24.787202817728208,89.72703257998239,75.2127971822718,14.514235397710596,10.272967420017611
08041037,08,04,10,37,9937,2828,8641,7109,1532,1296,100.0,28.459293549360975,86.9578343564456,71.54070645063902,15.417127905806582,13.042165643554393
08041038,08,04,10,38,7067,1685,6530,5382,1148,537,100.0,23.843214942691382,92.4013018253856,76.15678505730862,16.244516768076977,7.598698174614404
08041039,08,04,10,39,3837,1162,3434,2675,759,403,100.0,30.284076101120665,89.49700286682304,69.71592389887932,19.781078967943706,10.502997133176962
08041040,08,04,10,40,7962,2046,7124,5916,1208,838,100.0,25.69706103993971,89.47500627982919,74.30293896006029,15.172067319768903,10.52499372017081
09010101,09,01,01,01,12810,4132,10313,8678,1635,2497,100.0,32.25604996096799,80.50741608118658,67.74395003903201,12.763466042154567,19.492583918813427
09010102,09,01,01,02,68,22,55,46,9,13,100.0,32.35294117647059,80.88235294117648,67.64705882352942,13.23529411764706,19.11764705882353
09010201,09,01,02,01,4378,796,3947,3582,365,431,100.0,18.181818181818183,90.15532206486981,81.81818181818183,8.337140246687985,9.844677935130196
09010202,09,01,02,02,6987,1302,6149,5685,464,838,100.0,18.634607127522543,88.00629740947474,81.36539287247746,6.64090453699728,11.993702590525261
09010301,09,01,03,01,15730,2673,14151,13057,1094,1579,100.0,16.993006993006993,89.96185632549269,83.006993006993,6.954863318499682,10.03814367450731
09010302,09,01,03,02,3112,929,2594,2183,411,518,100.0,29.85218508997429,83.3547557840617,70.1478149100257,13.206940874035988,16.645244215938305
09010401,09,01,04,01,8444,986,7881,7458,423,563,100.0,11.67693036475604,93.33254381809569,88.32306963524395,5.009474182851728,6.667456181904311
09010402,09,01,04,02,11409,1826,10516,9583,933,893,100.0,16.004908405644667,92.1728459987729,83.99509159435533,8.177754404417566,7.827154001227102
09020501,09,02,05,01,7575,2390,5770,5185,585,1805,100.0,31.551155115511552,76.17161716171617,68.44884488448845,7.7227722772277225,23.82838283828383
09020502,09,02,05,02,15925,3650,13432,12275,1157,2493,100.0,22.919937205651493,84.3453689167975,77.08006279434852,7.26530612244898,15.654631083202512
09020601,09,02,06,01,9268,2806,7106,6462,644,2162,100.0,30.27621924902892,76.67242123435477,69.72378075097109,6.948640483383686,23.32757876564523
09020602,09,02,06,02,3582,323,3407,3259,148,175,100.0,9.017308766052484,95.11446119486321,90.9826912339475,4.1317699609156895,4.885538805136795
09020701,09,02,07,01,2913,1200,2018,1713,305,895,100.0,41.1946446961895,69.27566083075867,58.8053553038105,10.470305526948163,30.724339169241333
09020702,09,02,07,02,17021,3221,14747,13800,947,2274,100.0,18.923682509840788,86.64003290053464,81.07631749015921,5.563715410375418,13.359967099465367
09020801,09,02,08,01,2957,295,2781,2662,119,176,100.0,9.976327358809604,94.04802164355766,90.0236726411904,4.024349002367264,5.95197835644234
09020802,09,02,08,02,8177,1752,6934,6425,509,1243,100.0,21.425950837715543,84.79882597529657,78.57404916228445,6.224776813012107,15.201174024703437
09030901,09,03,09,01,14125,2081,13224,12044,1180,901,100.0,14.732743362831858,93.6212389380531,85.26725663716815,8.353982300884956,6.378761061946903
09030902,09,03,09,02,5639,884,5138,4755,383,501,100.0,15.676538393332152,91.11544600106402,84.32346160666785,6.791984394396169,8.884553998935981
09030903,09,03,09,03,8161,1618,7416,6543,873,745,100.0,19.826001715476043,90.87121676265164,80.17399828452395,10.697218478127681,9.128783237348365
09031001,09,03,10,01,13103,1764,12032,11339,693,1071,100.0,13.462565824620315,91.82629932076624,86.53743417537967,5.288865145386553,8.173700679233763
09031101,09,03,11,01,6784,933,6218,5851,367,566,100.0,13.752948113207546,91.65683962264151,86.24705188679245,5.409787735849057,8.34316037735849
09031201,09,03,12,01,1852,199,1782,1653,129,70,100.0,10.745140388768897,96.22030237580994,89.2548596112311,6.9654427645788335,3.7796976241900646
09031202,09,03,12,02,2572,258,2444,2314,130,128,100.0,10.031104199066874,95.02332814930016,89.96889580093313,5.05443234836703,4.976671850699844
09041301,09,04,13,01,10107,662,9799,9445,354,308,100.0,6.549915899871377,96.95260710398733,93.45008410012863,3.5025230038587116,3.0473928960126644
09041302,09,04,13,02,1907,198,1818,1709,109,89,100.0,10.38280020975354,95.33298374410069,89.61719979024646,5.7157839538542214,4.667016255899319
09041401,09,04,14,01,5447,489,5229,4958,271,218,100.0,8.977418762621626,95.99779695245088,91.02258123737838,4.975215715072516,4.00220304754911
09041402,09,04,14,02,1558,236,1430,1322,108,128,100.0,15.14762516046213,91.78433889602053,84.85237483953787,6.93196405648267,8.21566110397946
09041403,09,04,14,03,4441,590,4046,3851,195,395,100.0,13.285296104480974,91.1056068453051,86.71470389551902,4.390902949786084,8.894393154694887
09041501,09,04,15,01,7294,1431,6379,5863,516,915,100.0,19.61886482040033,87.45544282972307,80.38113517959967,7.074307650123389,12.54455717027694
09041601,09,04,16,01,6798,541,6572,6257,315,226,100.0,7.958223006766696,96.67549279199764,92.0417769932333,4.633715798764342,3.3245072080023537
09051701,09,05,17,01,4094,439,3824,3655,169,270,100.0,10.723009281875916,93.40498290180751,89.27699071812408,4.127992183683439,6.595017098192477
09051702,09,05,17,02,15051,1304,14422,13747,675,629,100.0,8.663876154408346,95.82087568932297,91.33612384559166,4.484751843731313,4.1791243106770315
09051801,09,05,18,01,9523,936,9026,8587,439,497,100.0,9.828835451013337,94.78105638979312,90.17116454898667,4.609891840806469,5.218943610206868
09051901,09,05,19,01,11604,1668,10539,9936,603,1065,100.0,14.37435367114788,90.82213029989659,85.62564632885213,5.196483971044468,9.177869700103413
09052001,09,05,20,01,13273,1217,12618,12056,562,655,100.0,9.168989678294281,95.06516989376931,90.83101032170572,4.234159572063588,4.934830106230694
10010101,10,01,01,01,5687,1519,4855,4168,687,832,100.0,26.71004044311588,85.37014243010374,73.28995955688413,12.080182873219623,14.629857569896254
10010102,10,01,01,02,18471,4965,16004,13506,2498,2467,100.0,26.879974013318176,86.64392832006929,73.12002598668182,13.523902333387472,13.356071679930704
10010203,10,01,02,03,1308,838,527,470,57,781,100.0,64.06727828746178,40.29051987767584,35.932721712538225,4.3577981651376145,59.70948012232415
10010204,10,01,02,04,10616,2647,9340,7969,1371,1276,100.0,24.934061793519216,87.98040693293142,75.06593820648078,12.91446872645064,12.019593067068577
10010205,10,01,02,05,8165,1380,7382,6785,597,783,100.0,16.901408450704224,90.41028781383956,83.09859154929578,7.311696264543785,9.589712186160442
10010206,10,01,02,06,17293,4436,14673,12857,1816,2620,100.0,25.651997918232812,84.8493610131267,74.34800208176718,10.50135893135951,15.150638986873302
10010207,10,01,02,07,10626,2644,9408,7982,1426,1218,100.0,24.882364012798796,88.53754940711462,75.1176359872012,13.41991341991342,11.462450592885375
10010308,10,01,03,08,2214,615,1849,1599,250,365,100.0,27.77777777777778,83.51400180668473,72.22222222222221,11.29177958446251,16.485998193315265
10010309,10,01,03,09,14605,3518,13062,11087,1975,1543,100.0,24.087641218760698,89.43512495720644,75.91235878123929,13.522766175967135,10.564875042793565
10010310,10,01,03,10,18340,4363,16123,13977,2146,2217,100.0,23.789531079607414,87.91166848418757,76.21046892039259,11.701199563794983,12.088331515812433
10010311,10,01,03,11,3696,531,3513,3165,348,183,100.0,14.366883116883116,95.0487012987013,85.63311688311688,9.415584415584416,4.951298701298701
10020412,10,02,04,12,7230,2342,5904,4888,1016,1326,100.0,32.39280774550484,81.65975103734439,67.60719225449516,14.052558782849239,18.3402489626556
10020413,10,02,04,13,16007,3604,13584,12403,1181,2423,100.0,22.515149622040358,84.86287249328419,77.48485037795965,7.378022115324545,15.137127506715812
10020414,10,02,04,14,1728,815,1322,913,409,406,100.0,47.164351851851855,76.50462962962963,52.83564814814815,23.66898148148148,23.49537037037037
10020415,10,02,04,15,5854,1918,4358,3936,422,1496,100.0,32.7639221045439,74.4448240519303,67.2360778954561,7.208746156474205,25.555175948069696
10020416,10,02,04,16,5654,1652,4507,4002,505,1147,100.0,29.218252564556067,79.7134771842943,70.78174743544393,8.93172974885037,20.286522815705695
10020517,10,02,05,17,9486,1596,8468,7890,578,1018,100.0,16.824794433902593,89.26839553025512,83.1752055660974,6.093189964157706,10.731604469744887
10020518,10,02,05,18,5318,1192,4513,4126,387,805,100.0,22.414441519368182,84.86273034975554,77.58555848063182,7.27717186912373,15.137269650244454
10020519,10,02,05,19,6052,1918,4754,4134,620,1298,100.0,31.69200264375413,78.55254461335096,68.30799735624586,10.24454725710509,21.447455386649043
10020620,10,02,06,20,3379,626,3062,2753,309,317,100.0,18.526191180822728,90.61852619118082,81.47380881917728,9.144717372003552,9.381473808819177
10020621,10,02,06,21,6317,1389,5439,4928,511,878,100.0,21.988285578597434,86.10099730884913,78.01171442140257,8.089282887446572,13.899002691150864
10020622,10,02,06,22,8547,1197,7974,7350,624,573,100.0,14.004914004914005,93.2958932958933,85.995085995086,7.300807300807301,6.704106704106703
10020623,10,02,06,23,6537,886,6157,5651,506,380,100.0,13.553617867523329,94.18693590331956,86.44638213247667,7.740553770842894,5.813064096680434
10030724,10,03,07,24,7820,1420,6897,6400,497,923,100.0,18.15856777493606,88.19693094629156,81.84143222506394,6.3554987212276215,11.80306905370844
10030725,10,03,07,25,6671,1382,5913,5289,624,758,100.0,20.716534252735723,88.63738569929545,79.28346574726429,9.35391995203118,11.362614300704541
10030726,10,03,07,26,3494,524,3234,2970,264,260,100.0,14.997137950772753,92.55867200915856,85.00286204922725,7.55580995993131,7.441327990841443
10030727,10,03,07,27,10084,1147,9654,8937,717,430,100.0,11.374454581515272,95.73581911939706,88.62554541848473,7.1102737009123365,4.264180880602935
10040828,10,04,08,28,7800,723,7466,7077,389,334,100.0,9.26923076923077,95.71794871794872,90.73076923076923,4.987179487179487,4.282051282051282
10040829,10,04,08,29,3938,435,3667,3503,164,271,100.0,11.046216353478924,93.1183341797867,88.95378364652107,4.164550533265618,6.881665820213306
10040830,10,04,08,30,7670,541,7472,7129,343,198,100.0,7.053455019556715,97.41851368970012,92.94654498044329,4.471968709256845,2.5814863102998697
10040931,10,04,09,31,9753,852,9405,8901,504,348,100.0,8.735773608120578,96.4318671178099,91.26422639187942,5.167640725930482,3.5681328821900955
10040932,10,04,09,32,4295,421,4095,3874,221,200,100.0,9.80209545983702,95.34342258440046,90.19790454016298,5.145518044237486,4.656577415599535
10040933,10,04,09,33,15312,1181,14825,14131,694,487,100.0,7.7129049111807735,96.81948798328108,92.28709508881923,4.53239289446186,3.180512016718913
11010101,11,01,01,01,644,72,595,572,23,49,100.0,11.180124223602485,92.3913043478261,88.81987577639751,3.571428571428571,7.608695652173914
11010102,11,01,01,02,2620,174,2550,2446,104,70,100.0,6.641221374045801,97.32824427480917,93.3587786259542,3.969465648854962,2.6717557251908395
11010103,11,01,01,03,1870,533,1462,1337,125,408,100.0,28.502673796791445,78.18181818181819,71.49732620320856,6.684491978609626,21.818181818181817
11010204,11,01,02,04,8985,2826,7260,6159,1101,1725,100.0,31.452420701168617,80.80133555926544,68.54757929883138,12.253756260434056,19.198664440734557
11010205,11,01,02,05,7069,2320,5637,4749,888,1432,100.0,32.81935210072146,79.74253784127883,67.18064789927854,12.561889942000281,20.257462158721175
11010206,11,01,02,06,6127,1679,5027,4448,579,1100,100.0,27.40329688265056,82.04667863554758,72.59670311734943,9.449975518198139,17.953321364452425
11010207,11,01,02,07,7494,1984,6123,5510,613,1371,100.0,26.474512943688282,81.70536429143314,73.52548705631172,8.17987723512143,18.294635708566855
11010308,11,01,03,08,11760,3475,9752,8285,1467,2008,100.0,29.549319727891156,82.92517006802721,70.45068027210884,12.474489795918368,17.07482993197279
11010309,11,01,03,09,9675,2728,8019,6947,1072,1656,100.0,28.19638242894057,82.88372093023256,71.80361757105943,11.080103359173126,17.116279069767444
11010310,11,01,03,10,5727,1162,4960,4565,395,767,100.0,20.28985507246377,86.60729876025842,79.71014492753623,6.897153832722193,13.392701239741575
11020411,11,02,04,11,9618,2755,7621,6863,758,1997,100.0,28.644208775213144,79.23684757745893,71.35579122478686,7.881056352672074,20.76315242254107
11020412,11,02,04,12,6825,1520,5919,5305,614,906,100.0,22.271062271062274,86.72527472527473,77.72893772893774,8.996336996336996,13.274725274725274
11020513,11,02,05,13,3938,831,3308,3107,201,630,100.0,21.102082275266632,84.00203148806501,78.89791772473338,5.1041137633316405,15.997968511934992
11020514,11,02,05,14,9729,2396,7924,7333,591,1805,100.0,24.62740261075136,81.44721965258506,75.37259738924864,6.074622263336417,18.552780347414945
11020515,11,02,05,15,14760,4034,12330,10726,1604,2430,100.0,27.330623306233065,83.53658536585365,72.66937669376694,10.867208672086722,16.463414634146343
11020516,11,02,05,16,4109,770,3722,3339,383,387,100.0,18.739352640545146,90.58165003650524,81.26064735945485,9.321002677050377,9.418349963494768
11030617,11,03,06,17,6313,2317,4846,3996,850,1467,100.0,36.702043402502774,76.76223665452241,63.297956597497226,13.464280057025185,23.237763345477585
11030618,11,03,06,18,16629,4849,13589,11780,1809,3040,100.0,29.159901377112273,81.71868422635156,70.84009862288772,10.878585603463828,18.281315773648448
11030619,11,03,06,19,11132,3682,8939,7450,1489,2193,100.0,33.075817463169244,80.300035932447,66.92418253683076,13.375853395616241,19.699964067553
11030720,11,03,07,20,6406,3707,3105,2699,406,3301,100.0,57.867624102403994,48.470184202310335,42.132375897596006,6.33780830471433,51.52981579768967
11030721,11,03,07,21,25243,6925,20477,18318,2159,4766,100.0,27.433347858812347,81.11951828229607,72.56665214118766,8.552866141108426,18.88048171770392
11030824,11,03,08,24,10109,3743,7780,6366,1414,2329,100.0,37.026412108022555,76.96112375111286,62.973587891977445,13.987535859135425,23.03887624888713
11040925,11,04,09,25,4231,1048,3551,3183,368,680,100.0,24.769558024107777,83.92814937367052,75.23044197589222,8.697707397778302,16.07185062632947
11040926,11,04,09,26,29596,6963,24908,22633,2275,4688,100.0,23.526827949722936,84.16002162454386,76.47317205027706,7.686849574266792,15.839978375456143
11041022,11,04,10,22,5457,1949,4064,3508,556,1393,100.0,35.71559464907458,74.4731537474803,64.28440535092543,10.188748396554884,25.526846252519697
11041023,11,04,10,23,6739,2386,5343,4353,990,1396,100.0,35.40584656477222,79.28476035020033,64.59415343522778,14.690606914972548,20.715239649799674
11041027,11,04,10,27,3181,952,2541,2229,312,640,100.0,29.927695693178247,79.88054071046841,70.07230430682175,9.808236403646651,20.119459289531594
11041128,11,04,11,28,25967,6738,21893,19229,2664,4074,100.0,25.948319020294992,84.31085608657142,74.05168097970501,10.259175106866406,15.689143913428582
11051229,11,05,12,29,4254,900,3723,3354,369,531,100.0,21.156558533145276,87.51763046544428,78.84344146685473,8.674188998589564,12.482369534555712
11051330,11,05,13,30,10218,2165,8698,8053,645,1520,100.0,21.18809943237424,85.12429046780193,78.81190056762576,6.31238990017616,14.875709532198082
11051331,11,05,13,31,10623,1362,9939,9261,678,684,100.0,12.821236938717876,93.56114092064388,87.17876306128213,6.382377859361762,6.4388590793561145
11051332,11,05,13,32,7153,1027,6636,6126,510,517,100.0,14.35761219068922,92.77226338599189,85.64238780931078,7.129875576681114,7.2277366140081085
12103115,12,10,31,15,7755,3408,5803,4347,1456,1952,100.0,43.9458413926499,74.82914248871695,56.054158607350104,18.77498388136686,25.170857511283046
12103116,12,10,31,16,10059,4966,7013,5093,1920,3046,100.0,49.36872452530073,69.71865990655135,50.63127547469928,19.087384431852072,30.281340093448655
12103117,12,10,31,17,10983,5958,7378,5025,2353,3605,100.0,54.247473367932265,67.17654557042702,45.75252663206774,21.424018938359282,32.823454429572976
12103218,12,10,32,18,14069,6372,10420,7697,2723,3649,100.0,45.29106546307485,74.06354396190206,54.708934536925156,19.3546094249769,25.936456038097944
12103219,12,10,32,19,8901,4078,6605,4823,1782,2296,100.0,45.8150769576452,74.20514548927088,54.1849230423548,20.020222446916076,25.79485451072913
12103220,12,10,32,20,4624,1428,3870,3196,674,754,100.0,30.88235294117647,83.69377162629758,69.11764705882352,14.57612456747405,16.30622837370242
12214125,12,21,41,25,7833,2575,6439,5258,1181,1394,100.0,32.87373930805566,82.20349802119239,67.12626069194434,15.077237329248053,17.79650197880761
12214126,12,21,41,26,8132,3252,6403,4880,1523,1729,100.0,39.99016232169208,78.73831775700934,60.00983767830792,18.728480078701427,21.261682242990652
12214421,12,21,44,21,2753,1073,2103,1680,423,650,100.0,38.975662913185616,76.38939338903015,61.024337086814384,15.365056302215766,23.61060661096985
12214422,12,21,44,22,8304,4946,5392,3358,2034,2912,100.0,59.5616570327553,64.9325626204239,40.4383429672447,24.49421965317919,35.067437379576106
12214423,12,21,44,23,5669,2400,4400,3269,1131,1269,100.0,42.335508908096664,77.6150996648439,57.664491091903336,19.950608572940553,22.384900335156114
12214424,12,21,44,24,10792,5586,7377,5206,2171,3415,100.0,51.76056338028169,68.35618977020015,48.23943661971831,20.116753150481838,31.64381022979985
12214527,12,21,45,27,11006,2613,9489,8393,1096,1517,100.0,23.741595493367253,86.21660912229693,76.25840450663274,9.958204615664183,13.783390877703072
12214528,12,21,45,28,269,116,200,153,47,69,100.0,43.12267657992565,74.34944237918215,56.877323420074354,17.472118959107807,25.650557620817843
12224229,12,22,42,29,6004,839,5667,5165,502,337,100.0,13.974017321785476,94.38707528314457,86.02598267821452,8.361092604930047,5.61292471685543
12224230,12,22,42,30,18100,2504,17095,15596,1499,1005,100.0,13.83425414364641,94.4475138121547,86.1657458563536,8.281767955801104,5.552486187845304
12231101,12,23,11,01,16607,2448,15452,14159,1293,1155,100.0,14.740771963629795,93.04510146323838,85.2592280363702,7.785873426868188,6.954898536761607
12231102,12,23,11,02,16814,2293,15882,14521,1361,932,100.0,13.637444986320924,94.4570001189485,86.36255501367907,8.094445105269418,5.542999881051505
12301203,12,30,12,03,14999,4620,12141,10379,1762,2858,100.0,30.80205347023135,80.94539635975731,69.19794652976864,11.747449829988666,19.054603640242682
12301204,12,30,12,04,6387,1485,5680,4902,778,707,100.0,23.25035227806482,88.93064036323783,76.74964772193518,12.180992641302646,11.069359636762172
12301205,12,30,12,05,4990,949,4576,4041,535,414,100.0,19.01803607214429,91.70340681362725,80.98196392785572,10.721442885771543,8.296593186372746
12301206,12,30,12,06,5203,885,4883,4318,565,320,100.0,17.009417643667117,93.84970209494521,82.9905823563329,10.859119738612339,6.150297905054776
12302107,12,30,21,07,3080,1315,2503,1765,738,577,100.0,42.6948051948052,81.26623376623377,57.3051948051948,23.96103896103896,18.733766233766232
12302108,12,30,21,08,14877,6648,11590,8229,3361,3287,100.0,44.68642871546683,77.90549169859514,55.31357128453317,22.591920414061974,22.094508301404854
12302109,12,30,21,09,11714,6135,8636,5579,3057,3078,100.0,52.37322861533208,73.72374935974048,47.62677138466792,26.096977975072562,26.27625064025952
12302110,12,30,21,10,10708,6063,7521,4645,2876,3187,100.0,56.621217781098245,70.23720582741875,43.378782218901755,26.858423608516997,29.76279417258125
12302211,12,30,22,11,3291,948,2885,2343,542,406,100.0,28.80583409298086,87.66332421756306,71.19416590701914,16.469158310543907,12.33667578243695
12302212,12,30,22,12,5983,2947,4119,3036,1083,1864,100.0,49.256225973591846,68.8450610061842,50.74377402640816,18.10128697977603,31.15493899381581
12304313,12,30,43,13,6756,1796,5582,4960,622,1174,100.0,26.583777383066902,82.62285375962108,73.4162226169331,9.20663114268798,17.37714624037892
12304314,12,30,43,14,9746,1517,9004,8229,775,742,100.0,15.565360147752925,92.38662015185717,84.43463985224707,7.951980299610097,7.613379848142827
