id,district_id,forecast_area_id,district_region_id,planning_area_id,inhabitants,inhabitants_with_migration_background,inhabitants_germans,inhabitants_germans_without_migration_background,inhabitants_germans_with_migration_background,inhabitants_foreigners,inhabitants_percentage,inhabitants_with_migration_background_percentage,inhabitants_germans_percentage,inhabitants_germans_without_migration_background_percentage,inhabitants_germans_with_migration_background_percentage,inhabitants_foreigners_percentage
01011101,01,01,11,01,3269,1955,1931,1314,617,1338,100.0,59.80422147445702,59.070052003670845,40.19577852554298,18.87427347812787,40.929947996329155
01011102,01,01,11,02,185,71,124,114,10,61,100.0,38.37837837837838,67.02702702702703,61.62162162162163,5.405405405405405,32.972972972972975
01011103,01,01,11,03,5073,2901,3286,2172,1114,1787,100.0,57.18509757539917,64.77429528878376,42.814902424600824,21.95939286418293,35.225704711216245
01011104,01,01,11,04,4781,3124,2872,1657,1215,1909,100.0,65.34197866555114,60.07111482953357,34.658021334448854,25.41309349508471,39.92888517046643
01011105,01,01,11,05,1322,829,717,493,224,605,100.0,62.70801815431165,54.236006051437215,37.29198184568835,16.944024205748864,45.76399394856278
01011201,01,01,12,01,2387,1413,1423,974,449,964,100.0,59.195643066610806,59.61457896941768,40.804356933389194,18.810222036028488,40.38542103058232
01011202,01,01,12,02,635,306,397,329,68,238,100.0,48.188976377952756,62.519685039370074,51.811023622047244,10.708661417322835,37.480314960629926
01011203,01,01,12,03,1086,578,682,508,174,404,100.0,53.22283609576427,62.79926335174954,46.77716390423573,16.022099447513813,37.20073664825046
01011204,01,01,12,04,8117,3967,5490,4150,1340,2627,100.0,48.87273623259825,67.63582604410496,51.12726376740176,16.508562276703216,32.36417395589504
01011301,01,01,13,01,6841,2929,4764,3912,852,2077,100.0,42.81537786873264,69.63894167519369,57.18462213126736,12.454319543926326,30.36105832480632
01011302,01,01,13,02,12640,4980,9234,7660,1574,3406,100.0,39.39873417721519,73.05379746835443,60.60126582278481,12.45253164556962,26.946202531645568
01011303,01,01,13,03,9923,4627,6536,5296,1240,3387,100.0,46.62904363599718,65.86717726494004,53.37095636400282,12.496220900937216,34.13282273505997
01011304,01,01,13,04,8765,3575,6532,5190,1342,2233,100.0,40.787221905305195,74.52367370222476,59.212778094694805,15.310895607529948,25.47632629777524
01011305,01,01,13,05,8007,3063,6002,4944,1058,2005,100.0,38.254027725739974,74.95941051579868,61.74597227426002,13.213438241538652,25.040589484201327
01011306,01,01,13,06,10416,4467,7372,5949,1423,3044,100.0,42.88594470046083,70.7757296466974,57.11405529953917,13.661674347158218,29.22427035330261
01011401,01,01,14,01,17588,7424,12193,10164,2029,5395,100.0,42.210598135092106,69.32567659768024,57.789401864907894,11.536274732772345,30.674323402319764
01011402,01,01,14,02,13593,5293,9968,8300,1668,3625,100.0,38.93915986169352,73.33186198778783,61.06084013830648,12.27102184948135,26.668138012212168
01022101,01,02,21,01,3566,1910,2230,1656,574,1336,100.0,53.5614133482894,62.5350532809871,46.4385866517106,16.096466629276502,37.4649467190129
01022102,01,02,21,02,6658,4053,3842,2605,1237,2816,100.0,60.874136377290476,57.70501652147792,39.125863622709524,18.5791528987684,42.29498347852208
01022103,01,02,21,03,266,209,120,57,63,146,100.0,78.57142857142857,45.11278195488722,21.428571428571427,23.684210526315788,54.88721804511278
01022104,01,02,21,04,18736,9343,12697,9393,3304,6039,100.0,49.86656703672075,67.76793339026473,50.13343296327925,17.634500426985483,32.23206660973527
01022105,01,02,21,05,5318,3126,3323,2192,1131,1995,100.0,58.781496803309516,62.48589695374201,41.218503196690484,21.267393757051522,37.51410304625799
01022106,01,02,21,06,11512,4046,9177,7466,1711,2335,100.0,35.14593467685893,79.7168172341904,64.85406532314107,14.86275191104934,20.283182765809592
01022201,01,02,22,01,10990,5438,7638,5552,2086,3352,100.0,49.48134667879891,69.49954504094632,50.51865332120109,18.980891719745223,30.500454959053684
01022202,01,02,22,02,2058,1288,1401,770,631,657,100.0,62.585034013605444,68.07580174927114,37.41496598639456,30.66083576287658,31.924198250728864
01022203,01,02,22,03,7021,4164,4662,2857,1805,2359,100.0,59.307790912975356,66.40079760717846,40.69220908702464,25.708588520153825,33.59920239282154
01022204,01,02,22,04,6008,2544,4446,3464,982,1562,100.0,42.34354194407457,74.00133155792277,57.65645805592543,16.344873501997338,25.998668442077232
01022205,01,02,22,05,3310,2050,2232,1260,972,1078,100.0,61.933534743202415,67.43202416918429,38.066465256797585,29.365558912386707,32.56797583081571
01022206,01,02,22,06,3048,1237,2369,1811,558,679,100.0,40.58398950131233,77.7230971128609,59.41601049868767,18.30708661417323,22.27690288713911
01022207,01,02,22,07,5730,2625,3855,3105,750,1875,100.0,45.811518324607334,67.27748691099477,54.18848167539267,13.089005235602095,32.72251308900523
01033101,01,03,31,01,26876,16880,15768,9996,5772,11108,100.0,62.80696532222056,58.66944485786575,37.19303467777943,21.476410180086322,41.330555142134244
01033102,01,03,31,02,12119,7463,7402,4656,2746,4717,100.0,61.5809885304068,61.077646670517375,38.4190114695932,22.658635200924166,38.922353329482625
01033201,01,03,32,01,13826,9243,9565,4583,4982,4261,100.0,66.85230724721539,69.1812527122812,33.14769275278461,36.0335599594966,30.81874728771879
01033202,01,03,32,02,9735,5509,7114,4226,2888,2621,100.0,56.58962506420133,73.07652799178223,43.410374935798664,29.666153055983564,26.923472008217768
01033203,01,03,32,03,14513,9323,8627,5190,3437,5886,100.0,64.23895817542893,59.44325776889685,35.76104182457107,23.682215944325776,40.55674223110315
01044101,01,04,41,01,20775,10046,14376,10729,3647,6399,100.0,48.356197352587245,69.1985559566787,51.64380264741275,17.554753309265944,30.801444043321304
01044102,01,04,41,02,16564,6643,12608,9921,2687,3956,100.0,40.10504709007486,76.11687998068099,59.89495290992514,16.221927070755857,23.883120019319005
01044103,01,04,41,03,8715,4615,5505,4100,1405,3210,100.0,52.95467584624212,63.16695352839932,47.04532415375789,16.121629374641422,36.83304647160069
01044201,01,04,42,01,24168,16510,13542,7658,5884,10626,100.0,68.31347236014564,56.03277060575969,31.68652763985435,24.34624296590533,43.96722939424032
01044202,01,04,42,02,16972,9897,10058,7075,2983,6914,100.0,58.31369314164506,59.262314400188544,41.68630685835494,17.576007541833608,40.73768559981145
01044203,01,04,42,03,16498,9810,9937,6688,3249,6561,100.0,59.46175293975027,60.231543217359686,40.538247060249724,19.693296157109952,39.76845678264032
02010101,02,01,01,01,6628,4702,3787,1926,1861,2841,100.0,70.94146047073023,57.136391068195536,29.058539529269765,28.07785153892577,42.863608931804464
02010102,02,01,01,02,13473,9189,8965,4284,4681,4508,100.0,68.20307281229125,66.54048838417576,31.79692718770875,34.74356119646701,33.45951161582424
02010103,02,01,01,03,15349,10797,9896,4552,5344,5453,100.0,70.34334484331227,64.47325558668318,29.656655156687734,34.81660042999544,35.52674441331683
02010104,02,01,01,04,5000,3245,3367,1755,1612,1633,100.0,64.9,67.34,35.099999999999994,32.24,32.66
02020201,02,02,02,01,1306,571,978,735,243,328,100.0,43.72128637059725,74.88514548238896,56.27871362940275,18.60643185298622,25.114854517611025
02020202,02,02,02,02,6003,2616,4316,3387,929,1687,100.0,43.57821089455272,71.89738464101283,56.421789105447274,15.475595535565551,28.102615358987173
02020203,02,02,02,03,10999,4317,8349,6682,1667,2650,100.0,39.24902263842168,75.90690062732975,60.75097736157833,15.155923265751431,24.093099372670242
02020204,02,02,02,04,12753,5443,9298,7310,1988,3455,100.0,42.680153689328,72.90833529365639,57.319846310672,15.588488982984398,27.091664706343604
02020205,02,02,02,05,14843,5961,11271,8882,2389,3572,100.0,40.160344943744526,75.93478407330055,59.83965505625547,16.09512901704507,24.065215926699455
02020206,02,02,02,06,19024,8738,13806,10286,3520,5218,100.0,45.93145500420521,72.57148864592095,54.06854499579479,18.502943650126156,27.42851135407906
02030301,02,03,03,01,9043,5717,5608,3326,2282,3435,100.0,63.22017029746766,62.014818091341375,36.779829702532346,25.234988388809022,37.98518190865863
02030302,02,03,03,02,13115,7123,8832,5992,2840,4283,100.0,54.311856652687766,67.34273732367518,45.688143347312234,21.654593976362943,32.65726267632482
02030401,02,03,04,01,15362,7527,10458,7835,2623,4904,100.0,48.997526363754716,68.07707329774769,51.002473636245284,17.07459966150241,31.92292670225231
02030402,02,03,04,02,11112,5603,7448,5509,1939,3664,100.0,50.422966162706985,67.02663786897048,49.577033837293015,17.449604031677467,32.97336213102952
02040501,02,04,05,01,5350,1482,4536,3868,668,814,100.0,27.700934579439252,84.78504672897196,72.29906542056075,12.485981308411215,15.214953271028037
02040502,02,04,05,02,7333,2155,5983,5178,805,1350,100.0,29.387699440883676,81.59007227601255,70.61230055911632,10.977771716896223,18.409927723987455
02040503,02,04,05,03,11161,2932,9270,8229,1041,1891,100.0,26.270047486784335,83.05707373891228,73.72995251321566,9.327121225696622,16.942926261087717
02040701,02,04,07,01,12662,5096,9427,7566,1861,3235,100.0,40.24640657084189,74.45111356815669,59.753593429158116,14.697520138998579,25.54888643184331
02040702,02,04,07,02,10842,2898,8897,7944,953,1945,100.0,26.72938572219148,82.0605054418004,73.27061427780852,8.789891163991884,17.939494558199595
02040703,02,04,07,03,1164,797,468,367,101,696,100.0,68.47079037800687,40.20618556701031,31.529209621993125,8.676975945017182,59.79381443298969
02050601,02,05,06,01,9065,2791,7098,6274,824,1967,100.0,30.788747931605077,78.3011583011583,69.21125206839493,9.089906232763376,21.698841698841697
02050602,02,05,06,02,21634,6508,17080,15126,1954,4554,100.0,30.082277895904596,78.9498012387908,69.9177221040954,9.032079134695387,21.050198761209206
02050801,02,05,08,01,19532,6596,14754,12936,1818,4778,100.0,33.77022322342822,75.53757935695269,66.22977677657178,9.307802580380914,24.462420643047306
02050802,02,05,08,02,21150,6617,16303,14533,1770,4847,100.0,31.286052009456267,77.08274231678487,68.71394799054373,8.368794326241135,22.91725768321513
02050803,02,05,08,03,7468,2457,5746,5011,735,1722,100.0,32.90037493304767,76.94161756829138,67.09962506695233,9.841992501339046,23.058382431708623
02050804,02,05,08,04,4592,1070,4006,3522,484,586,100.0,23.301393728222997,87.23867595818815,76.69860627177701,10.54006968641115,12.761324041811847
03010101,03,01,01,01,4063,557,3705,3506,199,358,100.0,13.709081959143491,91.1887767659365,86.29091804085651,4.89785872507999,8.811223234063501
03010102,03,01,01,02,12313,2359,10535,9954,581,1778,100.0,19.15861284820921,85.55997725980671,80.84138715179078,4.718590108015918,14.440022740193292
03010104,03,01,01,04,222,47,196,175,21,26,100.0,21.17117117117117,88.28828828828829,78.82882882882883,9.45945945945946,11.711711711711711
03020203,03,02,02,03,2315,377,2023,1938,85,292,100.0,16.285097192224622,87.38660907127431,83.71490280777539,3.6717062634989204,12.613390928725702
03020209,03,02,02,09,14956,2374,13578,12582,996,1378,100.0,15.873228135865206,90.78630649906391,84.1267718641348,6.659534634929125,9.21369350093608
03020210,03,02,02,10,11372,1632,10462,9740,722,910,100.0,14.351037636299683,91.99788955328879,85.64896236370032,6.348927189588463,8.002110446711221
03020307,03,02,03,07,18242,2357,17312,15885,1427,930,100.0,12.920732375835984,94.90187479443043,87.07926762416402,7.822607170266418,5.0981252055695645
03030405,03,03,04,05,11462,1907,10380,9555,825,1082,100.0,16.63758506368871,90.56011167335544,83.3624149363113,7.197696737044145,9.439888326644565
03030406,03,03,04,06,8143,692,7876,7451,425,267,100.0,8.498096524622376,96.72111015596218,91.50190347537762,5.219206680584551,3.2788898440378236
03030711,03,03,07,11,6845,474,6661,6371,290,184,100.0,6.924762600438276,97.31190650109569,93.07523739956173,4.236669101533966,2.6880934989043097
03030715,03,03,07,15,7661,1450,6644,6211,433,1017,100.0,18.927033024409347,86.72497063046599,81.07296697559066,5.652003654875343,13.275029369534003
03030716,03,03,07,16,1138,41,1114,1097,17,24,100.0,3.6028119507908607,97.89103690685414,96.39718804920913,1.493848857644991,2.10896309314587
03040508,03,04,05,08,4615,936,4329,3679,650,286,100.0,20.281690140845072,93.80281690140845,79.71830985915493,14.084507042253522,6.197183098591549
03040512,03,04,05,12,9951,1539,9247,8412,835,704,100.0,15.465782333433825,92.92533413727263,84.53421766656616,8.39111647070646,7.074665862727364
03040513,03,04,05,13,3375,491,3145,2884,261,230,100.0,14.54814814814815,93.18518518518518,85.45185185185186,7.733333333333333,6.814814814814815
03040614,03,04,06,14,36065,5298,33237,30767,2470,2828,100.0,14.690142797726327,92.15860252322196,85.30985720227368,6.848745320948288,7.841397476778039
03040818,03,04,08,18,34701,5718,31102,28983,2119,3599,100.0,16.477911299386186,89.62854096423735,83.52208870061382,6.1064522636235266,10.371459035762658
03050919,03,05,09,19,5559,1061,4747,4498,249,812,100.0,19.086166576722434,85.39305630509084,80.91383342327757,4.479222881813276,14.606943694909155
03050920,03,05,09,20,7402,1076,6797,6326,471,605,100.0,14.53661172656039,91.82653336935964,85.4633882734396,6.3631450959200215,8.173466630640368
03050923,03,05,09,23,9475,1995,8159,7480,679,1316,100.0,21.055408970976252,86.1108179419525,78.94459102902374,7.166226912928759,13.889182058047494
03050924,03,05,09,24,6128,1417,5120,4711,409,1008,100.0,23.123368146214098,83.5509138381201,76.87663185378591,6.674281984334203,16.449086161879894
03050925,03,05,09,25,9714,1748,8588,7966,622,1126,100.0,17.99464690137945,88.40848260242949,82.00535309862055,6.403129503808936,11.591517397570517
03051017,03,05,10,17,4256,890,3625,3366,259,631,100.0,20.911654135338345,85.17387218045113,79.08834586466166,6.0855263157894735,14.826127819548873
03051021,03,05,10,21,6485,748,5988,5737,251,497,100.0,11.5343099460293,92.33616037008481,88.4656900539707,3.870470316114109,7.66383962991519
03051022,03,05,10,22,4595,371,4403,4224,179,192,100.0,8.073993471164309,95.82154515778019,91.92600652883569,3.8955386289445046,4.178454842219804
03061126,03,06,11,26,15365,4316,12421,11049,1372,2944,100.0,28.08981451350472,80.83957045232671,71.91018548649528,8.929384965831435,19.16042954767328
03061131,03,06,11,31,10743,3549,8248,7194,1054,2495,100.0,33.03546495392348,76.77557479288839,66.9645350460765,9.811039746811879,23.224425207111608
03061227,03,06,12,27,14600,3737,12170,10863,1307,2430,100.0,25.595890410958905,83.35616438356165,74.4041095890411,8.952054794520548,16.643835616438356
03061228,03,06,12,28,12711,2985,10699,9726,973,2012,100.0,23.483596884588152,84.17119030760757,76.51640311541185,7.6547871921957364,15.828809692392415
03061332,03,06,13,32,22788,7044,18159,15744,2415,4629,100.0,30.911005792522378,79.68667719852553,69.08899420747761,10.59768299104792,20.31332280147446
03061429,03,06,14,29,10041,1599,9121,8442,679,920,100.0,15.924708694353152,90.83756597948411,84.07529130564684,6.7622746738372665,9.162434020515885
03061430,03,06,14,30,4021,1609,2683,2412,271,1338,100.0,40.014921661278294,66.72469534941557,59.985078338721706,6.739617010693857,33.27530465058443
03061434,03,06,14,34,6394,1651,5235,4743,492,1159,100.0,25.821082264623087,81.87363152955896,74.17891773537691,7.694713794182046,18.126368470441037
03061435,03,06,14,35,3899,1090,3161,2809,352,738,100.0,27.955886124647343,81.07206976147731,72.04411387535265,9.027955886124648,18.9279302385227
03061441,03,06,14,41,2578,686,2231,1892,339,347,100.0,26.60977501939488,86.5399534522886,73.39022498060513,13.149728471683474,13.460046547711405
03071536,03,07,15,36,11024,3933,8341,7091,1250,2683,100.0,35.676705370101594,75.6621915820029,64.32329462989841,11.338896952104498,24.3378084179971
03071537,03,07,15,37,15844,5435,12074,10409,1665,3770,100.0,34.30320626104519,76.20550366069175,65.69679373895481,10.508709921736935,23.794496339308253
03071633,03,07,16,33,3201,958,2583,2243,340,618,100.0,29.92814745392065,80.69353327085285,70.07185254607936,10.621680724773508,19.306466729147143
03071638,03,07,16,38,17686,5535,14028,12151,1877,3658,100.0,31.295940291756192,79.31697387764333,68.7040597082438,10.612914169399525,20.683026122356665
03071639,03,07,16,39,12586,3288,10512,9298,1214,2074,100.0,26.12426505641189,83.52137295407596,73.87573494358811,9.645638010487843,16.478627045924043
04010101,04,01,01,01,10765,5038,7897,5727,2170,2868,100.0,46.799814212726425,73.35810496980957,53.20018578727357,20.157919182535995,26.641895030190433
04010102,04,01,01,02,839,350,553,489,64,286,100.0,41.716328963051254,65.91179976162098,58.283671036948746,7.628128724672228,34.088200238379024
04010103,04,01,01,03,7882,4195,5819,3687,2132,2063,100.0,53.222532352194875,73.82643998985029,46.777467647805125,27.048972342045168,26.17356001014971
04020204,04,02,02,04,187,71,151,116,35,36,100.0,37.967914438502675,80.74866310160428,62.03208556149733,18.71657754010695,19.25133689839572
04020205,04,02,02,05,1323,339,1118,984,134,205,100.0,25.623582766439913,84.50491307634165,74.37641723356009,10.128495842781557,15.495086923658352
04020206,04,02,02,06,2797,724,2376,2073,303,421,100.0,25.88487665355738,84.94815874150876,74.11512334644262,10.833035395066142,15.051841258491242
04020207,04,02,02,07,2551,758,2110,1793,317,441,100.0,29.713837710701686,82.71266170129361,70.28616228929832,12.426499411995295,17.287338298706388
04020208,04,02,02,08,2898,767,2490,2131,359,408,100.0,26.466528640441684,85.92132505175984,73.5334713595583,12.387853692201519,14.078674948240167
04020209,04,02,02,09,3207,1227,2285,1980,305,922,100.0,38.2600561272217,71.25038977237294,61.739943872778305,9.510445899594638,28.749610227627066
04020310,04,02,03,10,620,337,348,283,65,272,100.0,54.35483870967742,56.12903225806451,45.645161290322584,10.483870967741936,43.87096774193549
04020311,04,02,03,11,15035,4970,12032,10065,1967,3003,100.0,33.056202194878615,80.02660458929165,66.94379780512139,13.08280678417027,19.973395410708346
04020312,04,02,03,12,5487,1737,4409,3750,659,1078,100.0,31.656642974302894,80.35356296701293,68.3433570256971,12.010205941315839,19.64643703298706
04020313,04,02,03,13,7460,2863,5699,4597,1102,1761,100.0,38.37801608579088,76.3941018766756,61.62198391420911,14.772117962466488,23.605898123324398
04020314,04,02,03,14,9,9,0,0,0,9,100.0,100.0,0.0,0.0,0.0,100.0
04030415,04,03,04,15,2965,1546,1818,1419,399,1147,100.0,52.14165261382799,61.31534569983137,47.85834738617201,13.45699831365936,38.68465430016864
04030416,04,03,04,16,10587,5138,7738,5449,2289,2849,100.0,48.531217530934164,73.08963823557193,51.46878246906583,21.620855766506093,26.91036176442807
04030417,04,03,04,17,10899,4207,8399,6692,1707,2500,100.0,38.59987154784842,77.06211579043949,61.40012845215157,15.661987338287917,22.93788420956051
04030518,04,03,05,18,9486,4261,6974,5225,1749,2512,100.0,44.918827746152225,73.51886991355681,55.081172253847775,18.437697659709045,26.481130086443176
04030519,04,03,05,19,5851,2649,4255,3202,1053,1596,100.0,45.274312083404546,72.7226115193984,54.725687916595454,17.996923602802937,27.277388480601605
04030620,04,03,06,20,8805,3903,6532,4902,1630,2273,100.0,44.32708688245315,74.18512208972174,55.672913117546855,18.5122089721749,25.81487791027825
04030621,04,03,06,21,3006,1699,1954,1307,647,1052,100.0,56.52029274783765,65.00332667997338,43.47970725216234,21.523619427811045,34.99667332002661
04030622,04,03,06,22,10731,5056,7789,5675,2114,2942,100.0,47.11583263442363,72.5841021340043,52.88416736557636,19.69993476842792,27.415897865995714
04030623,04,03,06,23,5076,2839,3434,2237,1197,1642,100.0,55.92986603624901,67.65169424743893,44.07013396375098,23.581560283687946,32.348305752561075
04030724,04,03,07,24,6580,2484,5085,4096,989,1495,100.0,37.75075987841945,77.27963525835865,62.24924012158055,15.030395136778116,22.720364741641337
04030725,04,03,07,25,12345,5027,9072,7318,1754,3273,100.0,40.720939651680844,73.48724179829891,59.279060348319156,14.208181449979747,26.512758201701093
04030726,04,03,07,26,5687,2551,4095,3136,959,1592,100.0,44.85669069808335,72.00633022683313,55.14330930191665,16.863020924916476,27.993669773166875
04030827,04,03,08,27,12091,6421,7974,5670,2304,4117,100.0,53.10561574725002,65.94988007608966,46.89438425274998,19.055495823339676,34.05011992391035
04030828,04,03,08,28,9622,4344,6846,5278,1568,2776,100.0,45.146539181043444,71.14944917896487,54.853460818956556,16.295988360008316,28.850550821035124
04030929,04,03,09,29,6062,2655,4415,3407,1008,1647,100.0,43.79742659188386,72.83074892774661,56.20257340811613,16.628175519630485,27.16925107225338
04030930,04,03,09,30,5509,2456,3976,3053,923,1533,100.0,44.581593755672536,72.1728081321474,55.418406244327464,16.75440188781993,27.82719186785261
04030931,04,03,09,31,3728,2125,2279,1603,676,1449,100.0,57.00107296137339,61.13197424892704,42.99892703862661,18.13304721030043,38.86802575107296
04031032,04,03,10,32,15456,6501,11591,8955,2636,3865,100.0,42.06133540372671,74.99353002070393,57.93866459627329,17.054865424430645,25.006469979296064
04041133,04,04,11,33,52,26,29,26,3,23,100.0,50.0,55.769230769230774,50.0,5.769230769230769,44.230769230769226
04041134,04,04,11,34,5277,2127,4106,3150,956,1171,100.0,40.30699260943718,77.80936137957173,59.693007390562826,18.116353989008907,22.190638620428274
04041135,04,04,11,35,2792,994,2260,1798,462,532,100.0,35.60171919770774,80.94555873925502,64.39828080229226,16.54727793696275,19.054441260744987
04041136,04,04,11,36,3068,1069,2482,1999,483,586,100.0,34.84354628422425,80.89960886571056,65.15645371577575,15.743155149934813,19.100391134289442
04041137,04,04,11,37,8184,3096,6489,5088,1401,1695,100.0,37.82991202346041,79.28885630498533,62.17008797653959,17.118768328445746,20.711143695014663
04041238,04,04,12,38,6046,2094,5027,3952,1075,1019,100.0,34.63446907045981,83.14588157459477,65.3655309295402,17.780350645054583,16.854118425405225
04041239,04,04,12,39,202,118,114,84,30,88,100.0,58.415841584158414,56.43564356435643,41.584158415841586,14.85148514851485,43.56435643564357
04041240,04,04,12,40,1514,418,1298,1096,202,216,100.0,27.60898282694848,85.7331571994716,72.39101717305152,13.34214002642008,14.266842800528401
04041241,04,04,12,41,6934,1653,6060,5281,779,874,100.0,23.83905393712143,87.39544274588982,76.16094606287857,11.234496683011248,12.604557254110183
04041342,04,04,13,42,4111,1360,3383,2751,632,728,100.0,33.08197518851861,82.29141328144004,66.91802481148139,15.373388469958648,17.70858671855996
04041343,04,04,13,43,3547,1099,2995,2448,547,552,100.0,30.98393008175923,84.43755286157317,69.01606991824076,15.421482943332393,15.56244713842684
04041344,04,04,13,44,10650,2893,8945,7757,1188,1705,100.0,27.164319248826292,83.9906103286385,72.8356807511737,11.15492957746479,16.0093896713615
04051445,04,05,14,45,6283,2686,4840,3597,1243,1443,100.0,42.750278529364955,77.03326436415725,57.24972147063505,19.783542893522203,22.96673563584275
04051446,04,05,14,46,10741,4624,8081,6117,1964,2660,100.0,43.04999534493995,75.23508053253887,56.95000465506005,18.28507587747882,24.76491946746113
04051447,04,05,14,47,5259,2164,3972,3095,877,1287,100.0,41.148507320783416,75.5276668568169,58.85149267921658,16.676174177600302,24.472333143183114
04051448,04,05,14,48,9262,4377,6517,4885,1632,2745,100.0,47.25761174692291,70.36277261930468,52.74238825307709,17.620384366227597,29.637227380695315
04051549,04,05,15,49,4636,2013,3354,2623,731,1282,100.0,43.42105263157895,72.34685073339085,56.57894736842105,15.7679033649698,27.653149266609145
04051550,04,05,15,50,5606,2315,4222,3291,931,1384,100.0,41.29504102747057,75.31216553692472,58.70495897252943,16.60720656439529,24.687834463075276
04051551,04,05,15,51,4459,1885,3375,2574,801,1084,100.0,42.27405247813411,75.68961650594304,57.7259475218659,17.963668984077145,24.310383494056964
04051652,04,05,16,52,9824,3893,7418,5931,1487,2406,100.0,39.62744299674267,75.50895765472313,60.372557003257334,15.136400651465799,24.491042345276874
04051653,04,05,16,53,6969,2938,5219,4031,1188,1750,100.0,42.158128856363895,74.8887932271488,57.841871143636105,17.0469220835127,25.111206772851197
04051654,04,05,16,54,3052,1099,2395,1953,442,657,100.0,36.00917431192661,78.47313237221493,63.99082568807339,14.482306684141546,21.52686762778506
04051655,04,05,16,55,7132,3041,5353,4091,1262,1779,100.0,42.63881099270892,75.05608524957937,57.36118900729108,17.694896242288277,24.94391475042064
04051656,04,05,16,56,7705,2479,6246,5226,1020,1459,100.0,32.17391304347826,81.06424399740429,67.82608695652173,13.238157040882545,18.935756002595717
04061757,04,06,17,57,72,16,59,56,3,13,100.0,22.22222222222222,81.94444444444444,77.77777777777779,4.166666666666666,18.055555555555554
05010101,05,01,01,01,10262,2819,8893,7443,1450,1369,100.0,27.470278698109528,86.65952056129409,72.52972130189048,14.129799259403624,13.340479438705904
05010102,05,01,01,02,6230,1638,5234,4592,642,996,100.0,26.29213483146067,84.01284109149277,73.70786516853933,10.304975922953451,15.987158908507224
05010103,05,01,01,03,7771,1441,7095,6330,765,676,100.0,18.543302020332003,91.30099086346674,81.456697979668,9.844292883798738,8.699009136533265
05010204,05,01,02,04,3627,1564,2745,2063,682,882,100.0,43.121036669423766,75.68238213399503,56.87896333057624,18.803418803418804,24.317617866004962
05010205,05,01,02,05,1919,569,1707,1350,357,212,100.0,29.650859822824387,88.95257946847316,70.34914017717561,18.60343929129755,11.047420531526837
05010206,05,01,02,06,10550,4102,8469,6448,2021,2081,100.0,38.88151658767772,80.27488151658768,61.11848341232228,19.156398104265403,19.72511848341232
05010207,05,01,02,07,11553,5808,9007,5745,3262,2546,100.0,50.27265645286938,77.96243399982689,49.727343547130616,28.23509045269627,22.037566000173115
05010208,05,01,02,08,7698,2641,6170,5057,1113,1528,100.0,34.30761236684853,80.15068849051701,65.69238763315147,14.45830085736555,19.849311509482984
05010209,05,01,02,09,6088,1866,5234,4222,1012,854,100.0,30.650459921156376,85.97240473061761,69.34954007884363,16.62286465177398,14.027595269382392
05010310,05,01,03,10,3938,1417,3092,2521,571,846,100.0,35.98273235144743,78.51701371254444,64.01726764855256,14.499746063991875,21.48298628745556
05010311,05,01,03,11,5658,2807,4320,2851,1469,1338,100.0,49.61117002474373,76.35206786850478,50.38882997525628,25.963237893248497,23.647932131495228
05010312,05,01,03,12,7338,4038,4421,3300,1121,2917,100.0,55.02861815208504,60.24802398473699,44.97138184791496,15.276642136822021,39.75197601526301
05010313,05,01,03,13,6883,2828,5142,4055,1087,1741,100.0,41.08673543513003,74.7057968908906,58.91326456486997,15.79253232602063,25.294203109109397
05010314,05,01,03,14,12402,4942,9563,7460,2103,2839,100.0,39.84841154652475,77.10853088211579,60.15158845347525,16.95694242864054,22.89146911788421
05010339,05,01,03,39,1030,705,378,325,53,652,100.0,68.44660194174757,36.699029126213595,31.55339805825243,5.145631067961165,63.30097087378641
05020415,05,02,04,15,3862,769,3662,3093,569,200,100.0,19.911962713619886,94.8213360952874,80.08803728638011,14.733298808907303,5.178663904712584
05020416,05,02,04,16,1700,93,1667,1607,60,33,100.0,5.470588235294118,98.05882352941177,94.52941176470588,3.5294117647058822,1.9411764705882355
05020417,05,02,04,17,5936,1828,5026,4108,918,910,100.0,30.79514824797844,84.66981132075472,69.20485175202157,15.464959568733153,15.330188679245282
05020418,05,02,04,18,4427,1157,3711,3270,441,716,100.0,26.13508018974475,83.82651908741812,73.86491981025524,9.961599277162863,16.173480912581883
05020419,05,02,04,19,7077,1918,6123,5159,964,954,100.0,27.101879327398613,86.51971174226367,72.89812067260138,13.621591069662287,13.480288257736328
05020420,05,02,04,20,955,185,868,770,98,87,100.0,19.3717277486911,90.89005235602095,80.6282722513089,10.261780104712042,9.109947643979059
05020521,05,02,05,21,3187,823,2915,2364,551,272,100.0,25.823658613115786,91.4653278945717,74.17634138688422,17.288986507687483,8.534672105428303
05020522,05,02,05,22,7472,3504,5224,3968,1256,2248,100.0,46.895074946466806,69.91434689507494,53.104925053533194,16.809421841541756,30.085653104925054
05020523,05,02,05,23,12746,7256,9043,5490,3553,3703,100.0,56.92766358073121,70.9477483131963,43.072336419268794,27.875411893927506,29.052251686803704
05020524,05,02,05,24,6266,1272,5703,4994,709,563,100.0,20.30003191828918,91.01500159591446,79.69996808171082,11.31503351420364,8.984998404085541
05020625,05,02,06,25,7655,2707,6095,4948,1147,1560,100.0,35.3625081645983,79.62116263879817,64.63749183540169,14.983670803396473,20.37883736120183
05020626,05,02,06,26,18698,6547,14599,12151,2448,4099,100.0,35.01444004706386,78.07786929083325,64.98555995293614,13.0923093378971,21.92213070916676
05020627,05,02,06,27,4413,1952,3196,2461,735,1217,100.0,44.23294810786313,72.42238839791526,55.76705189213686,16.655336505778383,27.57761160208475
05020628,05,02,06,28,2022,486,1795,1536,259,227,100.0,24.03560830860534,88.77349159248269,75.96439169139467,12.80909990108803,11.22650840751731
05020629,05,02,06,29,4456,707,4111,3749,362,345,100.0,15.86624775583483,92.2576301615799,84.13375224416517,8.123877917414722,7.742369838420108
05030730,05,03,07,30,4004,2153,3276,1851,1425,728,100.0,53.77122877122878,81.81818181818183,46.22877122877122,35.58941058941059,18.181818181818183
05030731,05,03,07,31,11709,4883,9425,6826,2599,2284,100.0,41.70296353232556,80.49363737296098,58.29703646767443,22.19660090528653,19.50636262703903
05030832,05,03,08,32,11976,5384,8997,6592,2405,2979,100.0,44.956579826319306,75.125250501002,55.04342017368069,20.08183032732131,24.874749498997996
05030833,05,03,08,33,500,221,396,279,117,104,100.0,44.2,79.2,55.800000000000004,23.400000000000002,20.8
05040934,05,04,09,34,3613,953,3019,2660,359,594,100.0,26.37697204539164,83.55936894547467,73.62302795460836,9.936340990866317,16.440631054525326
05040935,05,04,09,35,443,105,370,338,32,73,100.0,23.702031602708804,83.52144469525959,76.2979683972912,7.223476297968396,16.478555304740404
05040936,05,04,09,36,9978,1670,9430,8308,1122,548,100.0,16.73682100621367,94.5079174183203,83.26317899378634,11.244738424533974,5.492082581679695
05040937,05,04,09,37,2194,320,2085,1874,211,109,100.0,14.585232452142204,95.03190519598907,85.41476754785779,9.617137648131267,4.968094804010939
05040938,05,04,09,38,3669,517,3481,3152,329,188,100.0,14.091032979013354,94.8759880076315,85.90896702098665,8.967020986644862,5.124011992368493
06010101,06,01,01,01,6933,1759,6017,5174,843,916,100.0,25.371412087119573,86.7878263378047,74.62858791288043,12.159238424924276,13.212173662195298
06010102,06,01,01,02,8836,3136,7146,5700,1446,1690,100.0,35.49117247623359,80.87369850611135,64.50882752376641,16.364870982344954,19.126301493888636
06010103,06,01,01,03,6402,1987,5393,4415,978,1009,100.0,31.037175882536705,84.23930021868166,68.9628241174633,15.27647610121837,15.760699781318339
06010204,06,01,02,04,6922,2297,5801,4625,1176,1121,100.0,33.184050852354815,83.80525859578157,66.8159491476452,16.989309448136378,16.194741404218433
06010205,06,01,02,05,9785,2990,8255,6795,1460,1530,100.0,30.556974961676037,84.36382217680122,69.44302503832397,14.92079713847726,15.636177823198775
06010206,06,01,02,06,7754,2188,6613,5566,1047,1141,100.0,28.217694093371165,85.28501418622646,71.78230590662884,13.502708279597627,14.714985813773538
06010207,06,01,02,07,7829,2528,6531,5301,1230,1298,100.0,32.29020309107165,83.42061565972666,67.70979690892834,15.710818750798314,16.579384340273343
06010208,06,01,02,08,6720,1984,5696,4736,960,1024,100.0,29.523809523809526,84.76190476190476,70.47619047619048,14.285714285714285,15.238095238095239
06010209,06,01,02,09,9176,3003,7607,6173,1434,1569,100.0,32.726678291194425,82.90104620749781,67.27332170880558,15.627724498692242,17.09895379250218
06010210,06,01,02,10,4921,1347,4204,3574,630,717,100.0,27.372485267222107,85.42979069294859,72.62751473277788,12.802275960170698,14.570209307051412
06020301,06,02,03,01,5024,1107,4505,3917,588,519,100.0,22.034235668789808,89.66958598726114,77.96576433121018,11.703821656050955,10.330414012738853
06020302,06,02,03,02,5595,1361,4960,4234,726,635,100.0,24.325290437890974,88.65058087578194,75.67470956210902,12.97587131367292,11.349419124218052
06020303,06,02,03,03,7393,2165,6270,5228,1042,1123,100.0,29.284458271337755,84.80995536318139,70.71554172866225,14.09441363451914,15.190044636818612
06020304,06,02,03,04,6999,1966,6000,5033,967,999,100.0,28.08972710387198,85.72653236176596,71.91027289612802,13.816259465637948,14.273467638234033
06020305,06,02,03,05,11444,3781,9513,7663,1850,1931,100.0,33.03914715134568,83.12652918559944,66.96085284865431,16.165676336945122,16.87347081440056
06020306,06,02,03,06,6422,1206,5911,5216,695,511,100.0,18.779196511990033,92.04297726564933,81.22080348800996,10.822173777639364,7.95702273435067
06020407,06,02,04,07,4654,2284,3512,2370,1142,1142,100.0,49.076063601203266,75.46196819939837,50.923936398796734,24.538031800601633,24.538031800601633
06020408,06,02,04,08,6888,1875,5862,5013,849,1026,100.0,27.2212543554007,85.10452961672473,72.77874564459931,12.325783972125436,14.895470383275262
06020409,06,02,04,09,8310,2044,7206,6266,940,1104,100.0,24.596871239470516,86.71480144404332,75.40312876052948,11.311672683513839,13.28519855595668
06020410,06,02,04,10,7135,1358,6350,5777,573,785,100.0,19.032936229852837,88.9978976874562,80.96706377014716,8.030833917309039,11.002102312543798
06020411,06,02,04,11,8548,2051,7618,6497,1121,930,100.0,23.993916705662144,89.12026204960225,76.00608329433786,13.114178755264389,10.879737950397754
06030501,06,03,05,01,5775,1313,4964,4462,502,811,100.0,22.735930735930737,85.95670995670996,77.26406926406926,8.692640692640692,14.043290043290044
06030502,06,03,05,02,5613,1308,4937,4305,632,676,100.0,23.30304649919829,87.95652948512382,76.69695350080171,11.25957598432211,12.04347051487618
06030503,06,03,05,03,11850,3301,10143,8549,1594,1707,100.0,27.856540084388186,85.59493670886076,72.14345991561181,13.451476793248945,14.405063291139243
06030504,06,03,05,04,11083,2406,9883,8677,1206,1200,100.0,21.70892357664892,89.1726066949382,78.29107642335109,10.881530271587115,10.827393305061808
06030605,06,03,06,05,7022,1947,5947,5075,872,1075,100.0,27.727143264027344,84.69097123326688,72.27285673597265,12.418114497294217,15.309028766733125
06030606,06,03,06,06,5300,1724,4324,3576,748,976,100.0,32.528301886792455,81.58490566037736,67.47169811320755,14.113207547169813,18.41509433962264
06030607,06,03,06,07,3002,1045,2282,1957,325,720,100.0,34.810126582278485,76.0159893404397,65.18987341772153,10.826115922718188,23.984010659560294
06030608,06,03,06,08,13649,3772,11808,9877,1931,1841,100.0,27.635724228881237,86.51183236867169,72.36427577111876,14.147556597552935,13.488167631328302
06030609,06,03,06,09,12113,2958,10521,9155,1366,1592,100.0,24.420044580203086,86.85709568232477,75.5799554197969,11.277140262527862,13.142904317675224
06030610,06,03,06,10,8444,1918,7415,6526,889,1029,100.0,22.71435338702037,87.81383230696352,77.28564661297963,10.528185693983893,12.186167693036476
06040701,06,04,07,01,10192,2186,9010,8006,1004,1182,100.0,21.448194662480375,88.40266875981162,78.55180533751962,9.850863422291994,11.597331240188383
06040702,06,04,07,02,5478,1273,4829,4205,624,649,100.0,23.238408178167212,88.15261044176707,76.76159182183278,11.391018619934282,11.847389558232932
06040703,06,04,07,03,11124,3156,8947,7968,979,2177,100.0,28.37108953613808,80.4297015462064,71.62891046386191,8.80079108234448,19.5702984537936
06040804,06,04,08,04,7567,1361,6892,6206,686,675,100.0,17.985991806528347,91.07968811946611,82.01400819347165,9.065679925994448,8.920311880533898
06040805,06,04,08,05,5361,1168,4770,4193,577,591,100.0,21.786980041037122,88.97593732512591,78.21301995896289,10.762917366163029,11.024062674874092
06040806,06,04,08,06,7299,1140,6711,6159,552,588,100.0,15.618577887381832,91.94410193177147,84.38142211261817,7.562679819153309,8.055898068228524
06040807,06,04,08,07,5868,1338,5161,4530,631,707,100.0,22.801635991820042,87.95160190865712,77.19836400817995,10.753237900477163,12.048398091342877
06040808,06,04,08,08,4645,1728,3973,2917,1056,672,100.0,37.20129171151776,85.53283100107643,62.79870828848224,22.73412271259419,14.467168998923574
06040809,06,04,08,09,4983,1488,4072,3495,577,911,100.0,29.86152919927754,81.717840658238,70.13847080072246,11.579369857515553,18.282159341761993
06040810,06,04,08,10,7030,2114,5899,4916,983,1131,100.0,30.071123755334284,83.9118065433855,69.92887624466572,13.982930298719772,16.08819345661451
07010101,07,01,01,01,9860,4811,6955,5049,1906,2905,100.0,48.79310344827586,70.53752535496957,51.206896551724135,19.330628803245435,29.46247464503043
07010102,07,01,01,02,16503,9377,10685,7126,3559,5818,100.0,56.81997212628007,64.7458037932497,43.18002787371993,21.565775919529784,35.25419620675029
07010103,07,01,01,03,10545,4068,8079,6477,1602,2466,100.0,38.57752489331437,76.61450924608819,61.42247510668564,15.19203413940256,23.385490753911807
07010104,07,01,01,04,13648,7809,8932,5839,3093,4716,100.0,57.21717467760844,65.44548651817117,42.78282532239156,22.662661195779602,34.55451348182884
07020201,07,02,02,01,10723,3797,8670,6926,1744,2053,100.0,35.409866641798004,80.85423855264385,64.590133358202,16.264105194441854,19.14576144735615
07020202,07,02,02,02,10248,4386,7653,5862,1791,2595,100.0,42.79859484777517,74.67798594847775,57.20140515222483,17.47658079625293,25.322014051522245
07020203,07,02,02,03,17952,7936,13282,10016,3266,4670,100.0,44.20677361853833,73.9861853832442,55.79322638146168,18.19295900178253,26.01381461675579
07020204,07,02,02,04,12067,4407,9476,7660,1816,2591,100.0,36.521090577608355,78.52821745255656,63.47890942239165,15.049308030164912,21.47178254744344
07030301,07,03,03,01,24680,6640,21095,18040,3055,3585,100.0,26.904376012965965,85.4740680713128,73.09562398703403,12.378444084278769,14.525931928687196
07030302,07,03,03,02,9446,2982,7896,6464,1432,1550,100.0,31.568918060554736,83.590937963159,68.43108193944528,15.159856023713742,16.40906203684099
07030303,07,03,03,03,12387,5333,9666,7054,2612,2721,100.0,43.05320093646565,78.03342213611045,56.94679906353435,21.08662307257609,21.96657786388956
07040401,07,04,04,01,18681,7620,14450,11061,3389,4231,100.0,40.79010759595311,77.3513195225095,59.20989240404689,18.14142711846261,22.648680477490498
07040402,07,04,04,02,2362,505,2149,1857,292,213,100.0,21.380186282811177,90.9822184589331,78.61981371718882,12.362404741744285,9.017781541066892
07040403,07,04,04,03,24131,8951,19236,15180,4056,4895,100.0,37.09336538063072,79.71488956114541,62.90663461936927,16.808254941776138,20.285110438854588
07040404,07,04,04,04,5127,1293,4513,3834,679,614,100.0,25.21942656524283,88.02418568363566,74.78057343475717,13.243612248878486,11.975814316364346
07040405,07,04,04,05,10985,4634,8448,6351,2097,2537,100.0,42.18479745106964,76.90487027765134,57.81520254893036,19.089667728720983,23.095129722348656
07040406,07,04,04,06,4083,2307,2652,1776,876,1431,100.0,56.502571638501095,64.95224099926524,43.4974283614989,21.45481263776635,35.04775900073475
07050501,07,05,05,01,16435,6446,13118,9989,3129,3317,100.0,39.22117432309096,79.81746273197444,60.77882567690903,19.03863705506541,20.182537268025555
07050502,07,05,05,02,8064,2955,6449,5109,1340,1615,100.0,36.64434523809524,79.97271825396825,63.355654761904766,16.61706349206349,20.027281746031747
07050503,07,05,05,03,9208,2961,7782,6247,1535,1426,100.0,32.15682015638575,84.51346655082537,67.84317984361424,16.670286707211122,15.48653344917463
07050504,07,05,05,04,5630,1791,4834,3839,995,796,100.0,31.81172291296625,85.8614564831261,68.18827708703374,17.67317939609236,14.138543516873888
07050505,07,05,05,05,10633,2988,9259,7645,1614,1374,100.0,28.101194394808616,87.0779648264836,71.89880560519138,15.179159221292204,12.922035173516411
07050506,07,05,05,06,2284,564,2034,1720,314,250,100.0,24.69352014010508,89.05429071803853,75.30647985989492,13.747810858143609,10.945709281961472
07060601,07,06,06,01,10215,4163,7923,6052,1871,2292,100.0,40.75379344101811,77.56240822320117,59.24620655898188,18.316201664219285,22.437591776798826
07060602,07,06,06,02,4714,1091,4260,3623,637,454,100.0,23.143826898599915,90.36911327959271,76.85617310140009,13.512940178192617,9.630886720407297
07060603,07,06,06,03,2856,1070,2372,1786,586,484,100.0,37.46498599439776,83.05322128851542,62.53501400560224,20.518207282913163,16.946778711484594
07060604,07,06,06,04,14518,5364,12463,9154,3309,2055,100.0,36.94723791155807,85.84515773522524,63.05276208844194,22.792395646783305,14.15484226477476
07070701,07,07,07,01,10519,2224,9532,8295,1237,987,100.0,21.142694172449854,90.6169788002662,78.85730582755015,11.759672972716038,9.383021199733815
07070702,07,07,07,02,10870,2172,10030,8698,1332,840,100.0,19.981600735970563,92.27230910763569,80.01839926402944,12.253909843606255,7.727690892364306
07070703,07,07,07,03,7383,1833,6553,5550,1003,830,100.0,24.827305973181634,88.7579574698632,75.17269402681836,13.585263443044832,11.2420425301368
07070704,07,07,07,04,8578,3329,6728,5249,1479,1850,100.0,38.808580088598745,78.43320121240383,61.191419911401255,17.241781301002565,21.566798787596177
07070705,07,07,07,05,7000,1221,6485,5779,706,515,100.0,17.442857142857143,92.64285714285714,82.55714285714286,10.085714285714285,7.357142857142857
07070706,07,07,07,06,3948,853,3429,3095,334,519,100.0,21.605876393110435,86.85410334346506,78.39412360688956,8.45997973657548,13.145896656534955
07070707,07,07,07,07,2982,488,2746,2494,252,236,100.0,16.36485580147552,92.0858484238766,83.63514419852449,8.450704225352112,7.914151576123407
08010115,08,01,01,15,856,375,621,481,140,235,100.0,43.80841121495327,72.54672897196261,56.19158878504673,16.355140186915886,27.453271028037385
08010116,08,01,01,16,3585,2033,2245,1552,693,1340,100.0,56.70850767085077,62.62203626220363,43.291492329149236,19.330543933054393,37.37796373779637
08010117,08,01,01,17,16100,8148,10651,7952,2699,5449,100.0,50.60869565217392,66.15527950310559,49.391304347826086,16.763975155279503,33.84472049689441
08010118,08,01,01,18,11888,7225,7444,4663,2781,4444,100.0,60.77557200538358,62.61776581426649,39.22442799461642,23.393337819650068,37.382234185733516
08010211,08,01,02,11,9998,5834,6072,4164,1908,3926,100.0,58.35167033406682,60.73214642928586,41.64832966593319,19.083816763352672,39.267853570714145
08010212,08,01,02,12,7518,5050,4948,2468,2480,2570,100.0,67.17212024474594,65.81537642990158,32.82787975525406,32.98749667464752,34.18462357009843
08010213,08,01,02,13,12547,6805,8173,5742,2431,4374,100.0,54.2360723678967,65.13907707021599,45.76392763210329,19.375149438112697,34.86092292978401
08010214,08,01,02,14,8075,4588,5158,3487,1671,2917,100.0,56.81733746130031,63.87616099071207,43.18266253869969,20.693498452012385,36.12383900928793
08010301,08,01,03,01,27755,13472,19077,14283,4794,8678,100.0,48.539001981624935,68.73356152044676,51.46099801837507,17.2725635020717,31.266438479553234
08010302,08,01,03,02,3671,1351,2884,2320,564,787,100.0,36.80196131844184,78.56169980931627,63.19803868155815,15.363661127758105,21.438300190683737
08010303,08,01,03,03,8500,5201,5058,3299,1759,3442,100.0,61.188235294117646,59.50588235294118,38.811764705882354,20.694117647058825,40.49411764705882
08010404,08,01,04,04,23726,12443,15624,11283,4341,8102,100.0,52.444575571103435,65.85180814296552,47.55542442889657,18.296383714068952,34.148191857034476
08010405,08,01,04,05,9004,4182,6246,4822,1424,2758,100.0,46.44602398933807,69.3691692581075,53.55397601066193,15.815193247445581,30.63083074189249
08010406,08,01,04,06,7134,4207,4362,2927,1435,2772,100.0,58.97112419400056,61.143818334735066,41.02887580599944,20.114942528735632,38.85618166526493
08010407,08,01,04,07,810,358,567,452,115,243,100.0,44.19753086419753,70.0,55.80246913580247,14.19753086419753,30.0
08010508,08,01,05,08,5660,4016,3766,1644,2122,1894,100.0,70.95406360424028,66.53710247349824,29.045936395759718,37.49116607773851,33.46289752650177
08010509,08,01,05,09,9412,6168,6656,3244,3412,2756,100.0,65.53336166595835,70.71823204419888,34.46663833404165,36.25159371015725,29.2817679558011
08010510,08,01,05,10,475,322,226,153,73,249,100.0,67.78947368421052,47.578947368421055,32.21052631578947,15.368421052631579,52.421052631578945
08020619,08,02,06,19,11552,6420,7575,5132,2443,3977,100.0,55.57479224376731,65.57306094182826,44.42520775623269,21.147853185595565,34.42693905817175
08020620,08,02,06,20,9328,4140,7322,5188,2134,2006,100.0,44.38250428816467,78.49485420240137,55.61749571183533,22.87735849056604,21.505145797598626
08020621,08,02,06,21,2322,585,2143,1737,406,179,100.0,25.1937984496124,92.29112833763996,74.8062015503876,17.48492678725237,7.708871662360034
08020622,08,02,06,22,14157,3977,12285,10180,2105,1872,100.0,28.09210991029173,86.77685950413223,71.90789008970827,14.86896941442396,13.223140495867769
08020623,08,02,06,23,1287,392,1114,895,219,173,100.0,30.458430458430456,86.55788655788655,69.54156954156954,17.016317016317018,13.442113442113444
08020624,08,02,06,24,1394,499,1226,895,331,168,100.0,35.79626972740316,87.94835007173602,64.20373027259684,23.74461979913917,12.051649928263988
08020625,08,02,06,25,3336,995,2797,2341,456,539,100.0,29.826139088729015,83.84292565947243,70.17386091127098,13.66906474820144,16.15707434052758
08020726,08,02,07,26,8413,2108,7501,6305,1196,912,100.0,25.0564602401046,89.15963389991678,74.9435397598954,14.216094140021395,10.840366100083203
08020727,08,02,07,27,11992,3625,10282,8367,1915,1710,100.0,30.228485657104738,85.74049366244164,69.77151434289527,15.968979319546364,14.259506337558372
08020728,08,02,07,28,8669,3622,6801,5047,1754,1868,100.0,41.78105894566848,78.45195524281924,58.21894105433153,20.233014188487715,21.548044757180758
08030829,08,03,08,29,12510,6315,9955,6195,3760,2555,100.0,50.47961630695443,79.57633892885691,49.52038369304556,30.05595523581135,20.423661071143083
08030830,08,03,08,30,7398,2958,6243,4440,1803,1155,100.0,39.98377939983779,84.38767234387672,60.01622060016221,24.371451743714516,15.612327656123275
08030831,08,03,08,31,17462,8756,13938,8706,5232,3524,100.0,50.143168021990604,79.81903562020388,49.85683197800939,29.962203642194478,20.18096437979613
08040932,08,04,09,32,2859,924,2480,1935,545,379,100.0,32.3189926547744,86.74361664917804,67.68100734522561,19.06260930395243,13.256383350821965
08040933,08,04,09,33,4194,1330,3619,2864,755,575,100.0,31.711969480209824,86.28993800667621,68.28803051979018,18.00190748688603,13.710061993323796
08040934,08,04,09,34,2688,814,2352,1874,478,336,100.0,30.282738095238095,87.5,69.71726190476191,17.782738095238095,12.5
08041035,08,04,10,35,8182,2670,7051,5512,1539,1131,100.0,32.63260816426302,86.17697384502566,67.36739183573698,18.809582009288683,13.823026154974333
08041036,08,04,10,36,6886,1621,6216,5265,951,670,100.0,23.540516990996224,90.27011327330816,76.45948300900378,13.810630264304386,9.729886726691838
08041037,08,04,10,37,9670,2432,8548,7238,1310,1122,100.0,25.149948293691832,88.3971044467425,74.85005170630818,13.547052740434331,11.602895553257497
08041038,08,04,10,38,6980,1591,6454,5389,1065,526,100.0,22.793696275071635,92.46418338108883,77.20630372492838,15.257879656160458,7.535816618911174
08041039,08,04,10,39,3853,1125,3485,2728,757,368,100.0,29.198027511030368,90.44900077861406,70.80197248896964,19.64702828964443,9.550999221385933
08041040,08,04,10,40,7921,1835,7212,6086,1126,709,100.0,23.166266885494256,91.04910996086353,76.83373311450575,14.215376846357783,8.950890039136471
09010101,09,01,01,01,12359,3801,10042,8558,1484,2317,100.0,30.754915446233515,81.25252852172505,69.24508455376649,12.007443967958572,18.747471478274942
09010102,09,01,01,02,67,13,57,54,3,10,100.0,19.402985074626866,85.07462686567165,80.59701492537313,4.477611940298507,14.925373134328357
09010201,09,01,02,01,4350,734,3964,3616,348,386,100.0,16.873563218390807,91.1264367816092,83.12643678160919,8.0,8.873563218390805
09010202,09,01,02,02,6876,1094,6193,5782,411,683,100.0,15.91041303083188,90.06689936009307,84.08958696916812,5.977312390924956,9.933100639906922
09010301,09,01,03,01,15613,2347,14259,13266,993,1354,100.0,15.032344840837764,91.32773970409275,84.96765515916223,6.360084544930507,8.672260295907257
09010302,09,01,03,02,2895,679,2613,2216,397,282,100.0,23.454231433506045,90.25906735751296,76.54576856649396,13.713298791019,9.740932642487046
09010401,09,01,04,01,8490,856,8050,7634,416,440,100.0,10.082449941107186,94.81743227326265,89.91755005889281,4.899882214369847,5.1825677267373385
09010402,09,01,04,02,11547,1826,10564,9721,843,983,100.0,15.813631246211138,91.48696631159609,84.18636875378887,7.300597557807223,8.513033688403915
09020501,09,02,05,01,7184,2022,5659,5162,497,1525,100.0,28.14587973273942,78.77227171492206,71.85412026726058,6.9181514476614705,21.22772828507795
09020502,09,02,05,02,15520,3142,13461,12378,1083,2059,100.0,20.244845360824744,86.73324742268042,79.75515463917526,6.978092783505155,13.266752577319588
09020601,09,02,06,01,8669,2315,6923,6354,569,1746,100.0,26.70434882916138,79.85926865843811,73.29565117083861,6.563617487599492,20.14073134156189
09020602,09,02,06,02,3534,262,3413,3272,141,121,100.0,7.4136955291454445,96.57611771363894,92.58630447085456,3.9898132427843804,3.4238822863610636
09020701,09,02,07,01,2652,1099,1798,1553,245,854,100.0,41.44042232277527,67.79788838612369,58.55957767722474,9.238310708898945,32.20211161387632
09020702,09,02,07,02,16617,2525,14925,14092,833,1692,100.0,15.195281940181744,89.81765661671783,84.80471805981826,5.01293855689956,10.18234338328218
09020801,09,02,08,01,2939,254,2778,2685,93,161,100.0,8.642395372575706,94.52194624021776,91.3576046274243,3.164341612793467,5.478053759782239
09020802,09,02,08,02,7895,1446,6911,6449,462,984,100.0,18.3153894870171,87.53641545281823,81.6846105129829,5.851804939835339,12.46358454718176
09030901,09,03,09,01,13093,1733,12342,11360,982,751,100.0,13.236080348277707,94.26411059344689,86.7639196517223,7.500190941724585,5.73588940655312
09030902,09,03,09,02,5725,758,5368,4967,401,357,100.0,13.240174672489083,93.76419213973799,86.75982532751092,7.004366812227074,6.235807860262009
09030903,09,03,09,03,8064,1435,7411,6629,782,653,100.0,17.79513888888889,91.90228174603175,82.20486111111111,9.697420634920634,8.097718253968255
09031001,09,03,10,01,12946,1661,11928,11285,643,1018,100.0,12.830217827900508,92.13656727946857,87.16978217209949,4.966785107369072,7.8634327205314385
09031101,09,03,11,01,6441,818,5918,5623,295,523,100.0,12.699891321223413,91.88014283496352,87.3001086787766,4.580034156186928,8.119857165036485
09031201,09,03,12,01,1819,173,1752,1646,106,67,100.0,9.510720175920834,96.31665750412314,90.48927982407916,5.8273776800439805,3.6833424958768552
09031202,09,03,12,02,2551,258,2420,2293,127,131,100.0,10.113680909447275,94.86475891807135,89.88631909055272,4.97843982751862,5.135241081928656
09041301,09,04,13,01,14568,1303,13788,13265,523,780,100.0,8.944261394838001,94.64579901153213,91.05573860516199,3.5900604063701262,5.354200988467875
09041302,09,04,13,02,1874,180,1791,1694,97,83,100.0,9.6051227321238,95.5709711846318,90.39487726787621,5.176093916755603,4.429028815368197
09041401,09,04,14,01,4831,389,4663,4442,221,168,100.0,8.052163113227074,96.52245911819499,91.94783688677293,4.574622231422066,3.4775408818050093
09041402,09,04,14,02,1520,193,1438,1327,111,82,100.0,12.697368421052632,94.60526315789474,87.30263157894737,7.302631578947369,5.394736842105264
09041501,09,04,15,01,7675,1330,6832,6345,487,843,100.0,17.32899022801303,89.01628664495114,82.67100977198697,6.345276872964169,10.98371335504886
09041601,09,04,16,01,6699,473,6514,6226,288,185,100.0,7.060755336617405,97.23839379011793,92.9392446633826,4.299149126735333,2.7616062098820717
09051701,09,05,17,01,3952,402,3689,3550,139,263,100.0,10.172064777327936,93.34514170040485,89.82793522267207,3.5172064777327936,6.6548582995951415
09051702,09,05,17,02,14841,1174,14279,13667,612,562,100.0,7.910518159153695,96.21319318105249,92.0894818408463,4.123711340206185,3.78680681894751
09051801,09,05,18,01,9477,873,9004,8604,400,473,100.0,9.211775878442545,95.00896908304316,90.78822412155746,4.220744961485702,4.991030916956843
09051901,09,05,19,01,11063,1216,10377,9847,530,686,100.0,10.991593600289253,93.79915032088945,89.00840639971075,4.790743921178704,6.200849679110549
09052001,09,05,20,01,12821,989,12324,11832,492,497,100.0,7.713906871538881,96.12354730520241,92.28609312846112,3.837454176741284,3.8764526947975977
10010101,10,01,01,01,5721,1479,4945,4242,703,776,100.0,25.85212375458836,86.43593777311659,74.14787624541164,12.288061527704947,13.564062226883411
10010102,10,01,01,02,18437,4711,16224,13726,2498,2213,100.0,25.55187937299995,87.99696262949503,74.44812062700007,13.548842002494982,12.003037370504963
10010203,10,01,02,03,1395,944,503,451,52,892,100.0,67.67025089605735,36.05734767025089,32.32974910394265,3.7275985663082443,63.94265232974911
10010204,10,01,02,04,10713,2536,9552,8177,1375,1161,100.0,23.67217399421264,89.16269952394286,76.32782600578736,12.834873518155513,10.837300476057127
10010205,10,01,02,05,8156,1238,7505,6918,587,651,100.0,15.179009318293282,92.01814615007356,84.82099068170672,7.197155468366846,7.981853849926434
10010206,10,01,02,06,17566,4324,15006,13242,1764,2560,100.0,24.615734942502563,85.42639189343049,75.38426505749743,10.042126835933054,14.57360810656951
10010207,10,01,02,07,10766,2534,9630,8232,1398,1136,100.0,23.5370611183355,89.44826305034368,76.4629388816645,12.985324168679174,10.551736949656325
10010308,10,01,03,08,2257,648,1831,1609,222,426,100.0,28.71067789100576,81.12538768276472,71.28932210899424,9.836065573770492,18.874612317235268
10010309,10,01,03,09,14361,3156,13089,11205,1884,1272,100.0,21.97618550240234,91.14267808648422,78.02381449759767,13.118863588886567,8.857321913515772
10010310,10,01,03,10,18267,4016,16378,14251,2127,1889,100.0,21.985000273717635,89.65894782941916,78.01499972628237,11.643948103136804,10.341052170580829
10010311,10,01,03,11,3576,508,3407,3068,339,169,100.0,14.205816554809845,95.27404921700223,85.79418344519016,9.479865771812081,4.725950782997763
10020412,10,02,04,12,6829,1985,5782,4844,938,1047,100.0,29.067213354810367,84.66832625567433,70.93278664518962,13.735539610484699,15.33167374432567
10020413,10,02,04,13,15877,3228,13816,12649,1167,2061,100.0,20.331296844492034,87.01895824148139,79.66870315550797,7.35025508597342,12.98104175851861
10020414,10,02,04,14,1683,707,1414,976,438,269,100.0,42.008318478906716,84.01663695781343,57.991681521093284,26.02495543672014,15.983363042186571
10020415,10,02,04,15,5708,1653,4487,4055,432,1221,100.0,28.9593552908199,78.60896986685354,71.0406447091801,7.56832515767344,21.39103013314646
10020416,10,02,04,16,5592,1489,4578,4103,475,1014,100.0,26.627324749642344,81.86695278969958,73.37267525035766,8.494277539341917,18.13304721030043
10020517,10,02,05,17,9256,1340,8438,7916,522,818,100.0,14.477095937770097,91.16248919619706,85.52290406222991,5.639585133967157,8.837510803802939
10020518,10,02,05,18,5295,966,4675,4329,346,620,100.0,18.243626062322946,88.2908404154863,81.75637393767705,6.5344664778092545,11.709159584513692
10020519,10,02,05,19,6090,1798,4866,4292,574,1224,100.0,29.523809523809526,79.90147783251231,70.47619047619048,9.425287356321839,20.098522167487683
10020620,10,02,06,20,3397,573,3105,2824,281,292,100.0,16.867824551074477,91.40418015896378,83.13217544892552,8.272004710038269,8.595819841036208
10020621,10,02,06,21,6255,1160,5565,5095,470,690,100.0,18.545163868904876,88.96882494004797,81.45483613109512,7.5139888089528375,11.031175059952037
10020622,10,02,06,22,8659,1157,8166,7502,664,493,100.0,13.361820071601802,94.30650190553182,86.6381799283982,7.668321977133619,5.6934980944681834
10020623,10,02,06,23,6536,765,6235,5771,464,301,100.0,11.704406364749081,95.39473684210526,88.29559363525091,7.099143206854346,4.605263157894736
10030724,10,03,07,24,7840,1326,6988,6514,474,852,100.0,16.913265306122447,89.13265306122449,83.08673469387755,6.045918367346939,10.86734693877551
10030725,10,03,07,25,6175,1201,5459,4974,485,716,100.0,19.449392712550605,88.40485829959515,80.5506072874494,7.854251012145749,11.595141700404858
10030726,10,03,07,26,3390,618,3017,2772,245,373,100.0,18.230088495575224,88.99705014749263,81.76991150442477,7.227138643067847,11.002949852507376
10030727,10,03,07,27,9552,985,9183,8567,616,369,100.0,10.311976549413735,96.13693467336684,89.68802345058626,6.448911222780569,3.863065326633166
10040828,10,04,08,28,7767,678,7474,7089,385,293,100.0,8.72923908845114,96.22762971546285,91.27076091154886,4.956868803913995,3.7723702845371445
10040829,10,04,08,29,3889,371,3653,3518,135,236,100.0,9.53972743635896,93.93160195422988,90.46027256364104,3.4713293905888407,6.068398045770121
10040830,10,04,08,30,7600,504,7431,7096,335,169,100.0,6.631578947368421,97.77631578947368,93.36842105263158,4.407894736842105,2.223684210526316
10040931,10,04,09,31,9675,778,9359,8897,462,316,100.0,8.041343669250645,96.73385012919896,91.95865633074935,4.775193798449613,3.2661498708010335
10040932,10,04,09,32,4202,422,3995,3780,215,207,100.0,10.042836744407426,95.07377439314611,89.95716325559258,5.116611137553546,4.926225606853879
10040933,10,04,09,33,14970,976,14623,13994,629,347,100.0,6.519706078824315,97.68203072812291,93.48029392117569,4.201736806947228,2.3179692718770872
11010101,11,01,01,01,618,62,584,556,28,34,100.0,10.032362459546926,94.49838187702265,89.96763754045307,4.53074433656958,5.501618122977346
11010102,11,01,01,02,2560,134,2515,2426,89,45,100.0,5.234375,98.2421875,94.765625,3.4765625,1.7578125
11010103,11,01,01,03,1529,355,1257,1174,83,272,100.0,23.217789404839763,82.21059516023544,76.78221059516024,5.428384565075213,17.789404839764554
11010204,11,01,02,04,8919,2562,7468,6357,1111,1451,100.0,28.72519340733266,83.73136001793922,71.27480659266735,12.456553425271892,16.26863998206077
11010205,11,01,02,05,6672,1778,5781,4894,887,891,100.0,26.648681055155876,86.64568345323741,73.35131894484412,13.294364508393286,13.35431654676259
11010206,11,01,02,06,6045,1367,5219,4678,541,826,100.0,22.61373035566584,86.3358147229115,77.38626964433416,8.949545078577337,13.664185277088503
11010207,11,01,02,07,7429,1768,6274,5661,613,1155,100.0,23.79862700228833,84.45282002961368,76.20137299771167,8.251447031902005,15.547179970386324
11010308,11,01,03,08,11840,3314,10001,8526,1475,1839,100.0,27.989864864864867,84.4679054054054,72.01013513513513,12.45777027027027,15.532094594594595
11010309,11,01,03,09,9707,2562,8199,7145,1054,1508,100.0,26.39332440506851,84.46481920263727,73.60667559493149,10.85814360770578,15.535180797362727
11010310,11,01,03,10,5780,1116,5036,4664,372,744,100.0,19.30795847750865,87.1280276816609,80.69204152249135,6.43598615916955,12.8719723183391
11020411,11,02,04,11,9407,2459,7633,6948,685,1774,100.0,26.140108429892635,81.14170298713724,73.85989157010738,7.281811417029871,18.858297012862764
11020412,11,02,04,12,6805,1422,5957,5383,574,848,100.0,20.896399706098457,87.53857457751654,79.10360029390155,8.43497428361499,12.461425422483469
11020513,11,02,05,13,3968,818,3346,3150,196,622,100.0,20.614919354838708,84.32459677419355,79.38508064516128,4.939516129032258,15.675403225806454
11020514,11,02,05,14,9533,2171,7868,7362,506,1665,100.0,22.77352354977447,82.53435434805412,77.22647645022553,5.307877897828595,17.46564565194587
11020515,11,02,05,15,14770,3678,12676,11092,1584,2094,100.0,24.901828029790117,85.82261340555179,75.09817197020988,10.724441435341909,14.177386594448205
11020516,11,02,05,16,3975,595,3696,3380,316,279,100.0,14.968553459119496,92.98113207547169,85.03144654088051,7.949685534591194,7.018867924528302
11030617,11,03,06,17,6296,2197,4929,4099,830,1367,100.0,34.89517153748412,78.28780177890724,65.10482846251588,13.182973316391362,21.712198221092756
11030618,11,03,06,18,16302,4256,13796,12046,1750,2506,100.0,26.107226107226104,84.62765304870568,73.89277389277389,10.734879155931786,15.372346951294318
11030619,11,03,06,19,10902,3345,8956,7557,1399,1946,100.0,30.682443588332415,82.15006420840213,69.31755641166758,12.832507796734543,17.849935791597872
11030720,11,03,07,20,5818,3717,2453,2101,352,3365,100.0,63.88793399793744,42.16225507047095,36.11206600206256,6.050189068408388,57.837744929529045
11030721,11,03,07,21,24913,6380,20514,18533,1981,4399,100.0,25.60911973668366,82.34255208124273,74.39088026331633,7.951671817926384,17.657447918757274
11030824,11,03,08,24,10028,3514,7907,6514,1393,2121,100.0,35.04188272836059,78.84922217790188,64.95811727163941,13.891104906262466,21.150777822098124
11040925,11,04,09,25,4152,925,3542,3227,315,610,100.0,22.278420038535646,85.3082851637765,77.72157996146436,7.586705202312139,14.691714836223507
11040926,11,04,09,26,28752,6016,24794,22736,2058,3958,100.0,20.92376182526433,86.23400111296606,79.07623817473566,7.157762938230385,13.765998887033945
11041022,11,04,10,22,5530,1832,4227,3698,529,1303,100.0,33.12839059674503,76.4376130198915,66.87160940325498,9.566003616636529,23.5623869801085
11041023,11,04,10,23,6636,2168,5432,4468,964,1204,100.0,32.670283303194694,81.85654008438819,67.3297166968053,14.526823387582882,18.143459915611814
11041027,11,04,10,27,2996,797,2514,2199,315,482,100.0,26.602136181575435,83.91188251001334,73.39786381842457,10.514018691588785,16.088117489986647
11041128,11,04,11,28,25187,5734,21890,19453,2437,3297,100.0,22.76571247071902,86.90991384444357,77.23428752928098,9.675626315162583,13.090086155556438
11051229,11,05,12,29,4144,821,3663,3323,340,481,100.0,19.81177606177606,88.39285714285714,80.18822393822393,8.204633204633204,11.607142857142858
11051330,11,05,13,30,9723,1833,8444,7890,554,1279,100.0,18.85220610922555,86.84562377866914,81.14779389077445,5.697829887894683,13.154376221330866
11051331,11,05,13,31,10482,1231,9879,9251,628,603,100.0,11.743941995802327,94.2472810532341,88.25605800419767,5.991223049036443,5.752718946765884
11051332,11,05,13,32,6902,838,6527,6064,463,375,100.0,12.141408287452911,94.56679223413504,87.85859171254708,6.708200521587945,5.433207765864967
12103115,12,10,31,15,7674,3221,5873,4453,1420,1801,100.0,41.97289549126922,76.53114412301278,58.02710450873077,18.504039614281993,23.46885587698723
12103116,12,10,31,16,9755,4494,7110,5261,1849,2645,100.0,46.06868272680676,72.88569964120964,53.93131727319324,18.9543823680164,27.114300358790366
12103117,12,10,31,17,10852,5677,7419,5175,2244,3433,100.0,52.31293770733505,68.36527828971619,47.68706229266495,20.678215997051236,31.63472171028382
12103218,12,10,32,18,13729,5848,10504,7881,2623,3225,100.0,42.59596474615777,76.50957826498652,57.40403525384223,19.105543011144295,23.490421735013474
12103219,12,10,32,19,8729,3759,6713,4970,1743,2016,100.0,43.063352044907774,76.90457097032879,56.936647955092226,19.96792301523657,23.09542902967121
12103220,12,10,32,20,4631,1315,3959,3316,643,672,100.0,28.395594903908446,85.48909522781257,71.60440509609157,13.884690131721012,14.510904772187432
12214125,12,21,41,25,7524,2278,6289,5246,1043,1235,100.0,30.27644869750133,83.58585858585859,69.72355130249868,13.862307283359915,16.414141414141415
12214126,12,21,41,26,8067,3030,6487,5037,1450,1580,100.0,37.560431387132766,80.41403247799678,62.439568612867234,17.97446386512954,19.585967522003223
12214421,12,21,44,21,2738,985,2140,1753,387,598,100.0,35.97516435354273,78.15924032140248,64.02483564645726,14.134404674945216,21.840759678597514
12214422,12,21,44,22,8237,4764,5557,3473,2084,2680,100.0,57.83659099186597,67.46388248148598,42.16340900813403,25.300473473351946,32.536117518514025
12214423,12,21,44,23,5712,2304,4560,3408,1152,1152,100.0,40.33613445378151,79.83193277310924,59.66386554621849,20.168067226890756,20.168067226890756
12214424,12,21,44,24,10888,5501,7511,5387,2124,3377,100.0,50.52351212343865,68.98420279206466,49.47648787656135,19.507714915503307,31.015797207935343
12214527,12,21,45,27,10888,2295,9638,8593,1045,1250,100.0,21.07825128581925,88.51947097722262,78.92174871418075,9.59772226304188,11.48052902277737
12214528,12,21,45,28,250,102,185,148,37,65,100.0,40.8,74.0,59.199999999999996,14.799999999999999,26.0
12224229,12,22,42,29,6038,812,5720,5226,494,318,100.0,13.448161642928122,94.73335541570056,86.55183835707187,8.181517058628685,5.266644584299437
12224230,12,22,42,30,17931,2268,17048,15663,1385,883,100.0,12.648485862472814,95.07556745301433,87.35151413752719,7.724053315487145,4.924432546985667
12231101,12,23,11,01,16580,2267,15521,14313,1208,1059,100.0,13.673100120627263,93.61278648974668,86.32689987937275,7.285886610373944,6.387213510253317
12231102,12,23,11,02,16818,2139,15952,14679,1273,866,100.0,12.718515875847306,94.85075514329885,87.2814841241527,7.569271019146153,5.149244856701154
12301203,12,30,12,03,15092,4532,12282,10560,1722,2810,100.0,30.029154518950435,81.38086403392526,69.97084548104957,11.410018552875696,18.619135966074744
12301204,12,30,12,04,6207,1374,5581,4833,748,626,100.0,22.136297728371193,89.91461253423554,77.86370227162881,12.050910262606735,10.08538746576446
12301205,12,30,12,05,4960,898,4570,4062,508,390,100.0,18.10483870967742,92.13709677419355,81.89516129032258,10.241935483870968,7.862903225806452
12301206,12,30,12,06,5165,827,4874,4338,536,291,100.0,16.011616650532428,94.36592449177154,83.98838334946757,10.377541142303969,5.634075508228461
12302107,12,30,21,07,3076,1273,2550,1803,747,526,100.0,41.38491547464239,82.8998699609883,58.61508452535761,24.284785435630692,17.100130039011706
12302108,12,30,21,08,14457,6060,11619,8397,3222,2838,100.0,41.917410251089436,80.36937123884623,58.082589748910564,22.286781489935674,19.630628761153766
12302109,12,30,21,09,11667,5943,8716,5724,2992,2951,100.0,50.93854461301106,74.70643695894404,49.061455386988946,25.64498157195509,25.29356304105597
12302110,12,30,21,10,10556,5757,7608,4799,2809,2948,100.0,54.53770367563471,72.07275483137552,45.46229632436529,26.610458507010232,27.92724516862448
12302211,12,30,22,11,3309,922,2911,2387,524,398,100.0,27.863402840737383,87.97219703838017,72.13659715926262,15.83559987911756,12.027802961619825
12302212,12,30,22,12,5972,2762,4229,3210,1019,1743,100.0,46.24916275954455,70.81379772270596,53.75083724045546,17.062960482250503,29.186202277294036
12304313,12,30,43,13,6704,1565,5744,5139,605,960,100.0,23.344272076372317,85.68019093078759,76.65572792362768,9.024463007159904,14.319809069212411
12304314,12,30,43,14,9714,1360,9071,8354,717,643,100.0,14.000411776816964,93.38068766728433,85.99958822318303,7.381099444101297,6.619312332715668
