id,district_id,forecast_area_id,district_region_id,planning_area_id,inhabitants,inhabitants_with_migration_background,inhabitants_germans,inhabitants_germans_without_migration_background,inhabitants_germans_with_migration_background,inhabitants_foreigners,inhabitants_percentage,inhabitants_with_migration_background_percentage,inhabitants_germans_percentage,inhabitants_germans_without_migration_background_percentage,inhabitants_germans_with_migration_background_percentage,inhabitants_foreigners_percentage
01011101,01,01,11,01,3085,1710,1911,1375,536,1174,100.0,55.42949756888168,61.944894651539705,44.570502431118314,17.374392220421395,38.055105348460295
01011102,01,01,11,02,198,74,139,124,15,59,100.0,37.37373737373738,70.2020202020202,62.62626262626263,7.575757575757576,29.797979797979796
01011103,01,01,11,03,5537,3241,3389,2296,1093,2148,100.0,58.53350189633375,61.20642947444465,41.46649810366625,19.7399313707784,38.79357052555535
01011104,01,01,11,04,4622,2943,2911,1679,1232,1711,100.0,63.67373431414972,62.98139333621808,36.32626568585028,26.655127650367806,37.01860666378191
01011105,01,01,11,05,1150,660,678,490,188,472,100.0,57.391304347826086,58.95652173913043,42.608695652173914,16.34782608695652,41.04347826086956
01011201,01,01,12,01,2096,1044,1432,1052,380,664,100.0,49.80916030534351,68.32061068702289,50.19083969465649,18.12977099236641,31.679389312977097
01011202,01,01,12,02,568,244,383,324,59,185,100.0,42.95774647887324,67.42957746478874,57.04225352112676,10.387323943661972,32.57042253521127
01011203,01,01,12,03,961,496,592,465,127,369,100.0,51.61290322580645,61.602497398543186,48.38709677419355,13.215400624349636,38.397502601456814
01011204,01,01,12,04,7021,3006,5061,4015,1046,1960,100.0,42.81441390115368,72.08374875373879,57.18558609884632,14.898162654892467,27.916251246261215
01011301,01,01,13,01,6333,2446,4573,3887,686,1760,100.0,38.623085425548716,72.20906363492816,61.37691457445129,10.832149060476867,27.790936365071843
01011302,01,01,13,02,12484,4600,9301,7884,1417,3183,100.0,36.847164370394104,74.50336430631208,63.152835629605896,11.350528676706183,25.49663569368792
01011303,01,01,13,03,9143,3779,6411,5364,1047,2732,100.0,41.33216668489555,70.11921688723613,58.66783331510446,11.451383572131684,29.880783112763865
01011304,01,01,13,04,8554,2941,6714,5613,1101,1840,100.0,34.381575870937574,78.4895955108721,65.61842412906242,12.87117138180968,21.510404489127893
01011305,01,01,13,05,7479,2502,5850,4977,873,1629,100.0,33.45367027677497,78.21901323706378,66.54632972322503,11.672683513838749,21.780986762936223
01011306,01,01,13,06,9156,3357,6921,5799,1122,2235,100.0,36.66448230668414,75.58977719528178,63.33551769331586,12.254259501965924,24.410222804718217
01011401,01,01,14,01,16139,6118,11725,10021,1704,4414,100.0,37.90817274924097,72.65010223681765,62.09182725075904,10.558274986058617,27.34989776318235
01011402,01,01,14,02,13210,4662,9973,8548,1425,3237,100.0,35.291445874337626,75.49583648750946,64.70855412566237,10.787282361847085,24.504163512490535
01022101,01,02,21,01,3456,1767,2255,1689,566,1201,100.0,51.12847222222222,65.2488425925926,48.87152777777778,16.377314814814813,34.751157407407405
01022102,01,02,21,02,6303,3663,3779,2640,1139,2524,100.0,58.1151832460733,59.95557670950341,41.8848167539267,18.070759955576708,40.04442329049659
01022103,01,02,21,03,259,179,128,80,48,131,100.0,69.1119691119691,49.42084942084942,30.888030888030887,18.53281853281853,50.57915057915058
01022104,01,02,21,04,18375,8731,12780,9644,3136,5595,100.0,47.5156462585034,69.55102040816327,52.484353741496605,17.066666666666666,30.448979591836732
01022105,01,02,21,05,5281,2994,3407,2287,1120,1874,100.0,56.69380799091081,64.5142965347472,43.30619200908919,21.20810452565802,35.4857034652528
01022106,01,02,21,06,11811,4185,9252,7626,1626,2559,100.0,35.43307086614173,78.33375666751333,64.56692913385827,13.766827533655068,21.666243332486665
01022201,01,02,22,01,11205,5568,7692,5637,2055,3513,100.0,49.69210174029451,68.6479250334672,50.30789825970549,18.340026773761714,31.3520749665328
01022202,01,02,22,02,1486,972,1005,514,491,481,100.0,65.41049798115746,67.63122476446837,34.58950201884253,33.04172274562584,32.36877523553163
01022203,01,02,22,03,6895,3960,4654,2935,1719,2241,100.0,57.432922407541696,67.49818709209572,42.567077592458304,24.93110949963742,32.501812907904274
01022204,01,02,22,04,5904,2300,4461,3604,857,1443,100.0,38.956639566395665,75.5589430894309,61.043360433604335,14.51558265582656,24.441056910569106
01022205,01,02,22,05,3331,1969,2268,1362,906,1063,100.0,59.111377964575205,68.08766136295407,40.888622035424795,27.199039327529274,31.912338637045934
01022206,01,02,22,06,3038,1186,2400,1852,548,638,100.0,39.0388413429888,78.99934167215274,60.9611586570112,18.03818301514154,21.00065832784727
01022207,01,02,22,07,5609,2401,3920,3208,712,1689,100.0,42.806204314494565,69.88768051346051,57.193795685505435,12.69388482795507,30.11231948653949
01033101,01,03,31,01,26811,16273,16086,10538,5548,10725,100.0,60.695237029577406,59.99776211256573,39.30476297042259,20.69299914214315,40.00223788743426
01033102,01,03,31,02,11649,6909,7348,4740,2608,4301,100.0,59.309812001030124,63.078375826251175,40.69018799896987,22.38818782728131,36.92162417374882
01033201,01,03,32,01,13340,8835,9123,4505,4618,4217,100.0,66.22938530734632,68.38830584707645,33.77061469265367,34.617691154422786,31.611694152923537
01033202,01,03,32,02,9723,5298,7189,4425,2764,2534,100.0,54.4893551373033,73.93808495320374,45.5106448626967,28.427440090507044,26.06191504679626
01033203,01,03,32,03,14473,9081,8798,5392,3406,5675,100.0,62.744420645339595,60.789055482622814,37.2555793546604,23.533476127962413,39.210944517377186
01044101,01,04,41,01,20528,9435,14501,11093,3408,6027,100.0,45.9616134060795,70.64010132501949,54.03838659392049,16.601714731098987,29.359898674980517
01044102,01,04,41,02,16214,6053,12569,10161,2408,3645,100.0,37.33193536449981,77.51942765511286,62.66806463550019,14.851363019612682,22.480572344887133
01044103,01,04,41,03,8330,4200,5505,4130,1375,2825,100.0,50.42016806722689,66.08643457382954,49.57983193277311,16.50660264105642,33.913565426170464
01044201,01,04,42,01,23528,15807,13350,7721,5629,10178,100.0,67.18378102686161,56.74090445426726,32.81621897313839,23.92468548112887,43.25909554573275
01044202,01,04,42,02,16641,9418,10097,7223,2874,6544,100.0,56.59515654107325,60.67544017787393,43.40484345892675,17.27059671894718,39.324559822126076
01044203,01,04,42,03,16196,9193,10053,7003,3050,6143,100.0,56.76092862435169,62.07088169918499,43.23907137564831,18.831810323536676,37.92911830081502
02010101,02,01,01,01,6523,4628,3667,1895,1772,2856,100.0,70.94894986969186,56.21646481680208,29.05105013030814,27.165414686493943,43.78353518319791
02010102,02,01,01,02,13489,9057,9145,4432,4713,4344,100.0,67.1435984876566,67.7959819111869,32.85640151234339,34.9395803988435,32.20401808881311
02010103,02,01,01,03,15721,10851,10122,4870,5252,5599,100.0,69.02232682399338,64.38521722536734,30.977673176006615,33.40754404936072,35.61478277463266
02010104,02,01,01,04,5106,3303,3444,1803,1641,1662,100.0,64.68860164512338,67.45005875440658,35.311398354876616,32.13866039952997,32.54994124559342
02020201,02,02,02,01,828,392,595,436,159,233,100.0,47.34299516908212,71.85990338164251,52.65700483091788,19.202898550724637,28.140096618357486
02020202,02,02,02,02,6020,2579,4291,3441,850,1729,100.0,42.840531561461795,71.27906976744185,57.159468438538205,14.119601328903656,28.72093023255814
02020203,02,02,02,03,10824,4031,8346,6793,1553,2478,100.0,37.24131559497413,77.10643015521065,62.75868440502587,14.347745750184773,22.893569844789358
02020204,02,02,02,04,12301,5005,9141,7296,1845,3160,100.0,40.687748963498905,74.31103162344525,59.312251036501095,14.998780586944152,25.68896837655475
02020205,02,02,02,05,14976,5860,11358,9116,2242,3618,100.0,39.129273504273506,75.84134615384616,60.87072649572649,14.970619658119658,24.158653846153847
02020206,02,02,02,06,19308,8712,13928,10596,3332,5380,100.0,45.12119328775637,72.13590221669774,54.87880671224363,17.257095504454114,27.86409778330226
02030301,02,03,03,01,9177,5751,5638,3426,2212,3539,100.0,62.6675384112455,61.43619919363626,37.3324615887545,24.10373760488177,38.56380080636374
02030302,02,03,03,02,13369,7132,8915,6237,2678,4454,100.0,53.34729598324483,66.68411997905602,46.65270401675518,20.031415962300844,33.31588002094398
02030401,02,03,04,01,15067,7030,10473,8037,2436,4594,100.0,46.658259773013874,69.50952412557244,53.34174022698613,16.167783898586315,30.49047587442756
02030402,02,03,04,02,11178,5427,7596,5751,1845,3582,100.0,48.55072463768116,67.9549114331723,51.449275362318836,16.505636070853463,32.045088566827694
02040501,02,04,05,01,5416,1243,4688,4173,515,728,100.0,22.950516986706056,86.55834564254063,77.04948301329394,9.508862629246677,13.44165435745938
02040502,02,04,05,02,7163,1753,6073,5410,663,1090,100.0,24.47298617897529,84.78291218763087,75.52701382102471,9.25589836660617,15.217087812369117
02040503,02,04,05,03,10927,2456,9268,8471,797,1659,100.0,22.47643451999634,84.81742472773863,77.52356548000367,7.293859247734968,15.18257527226137
02040701,02,04,07,01,12220,4089,9562,8131,1431,2658,100.0,33.46153846153846,78.24877250409166,66.53846153846153,11.710310965630114,21.751227495908346
02040702,02,04,07,02,10764,2369,9182,8395,787,1582,100.0,22.00854700854701,85.3028613898179,77.99145299145299,7.31140839836492,14.697138610182089
02040703,02,04,07,03,1116,732,484,384,100,632,100.0,65.59139784946237,43.36917562724014,34.40860215053764,8.960573476702509,56.63082437275986
02050601,02,05,06,01,8840,2384,7159,6456,703,1681,100.0,26.968325791855204,80.9841628959276,73.03167420814479,7.952488687782805,19.015837104072396
02050602,02,05,06,02,20739,5330,17027,15409,1618,3712,100.0,25.7003712811611,82.10135493514635,74.2996287188389,7.801726216307441,17.898645064853657
02050801,02,05,08,01,19114,5547,15066,13567,1499,4048,100.0,29.0206131631265,78.82180600606885,70.97938683687349,7.842419169195354,21.17819399393115
02050802,02,05,08,02,20184,5490,16092,14694,1398,4092,100.0,27.199762187871578,79.72651605231866,72.80023781212842,6.926278240190249,20.27348394768133
02050803,02,05,08,03,6792,1774,5565,5018,547,1227,100.0,26.118963486454653,81.93462897526503,73.88103651354535,8.05359246171967,18.065371024734983
02050804,02,05,08,04,3914,812,3438,3102,336,476,100.0,20.74603985692386,87.8385283597343,79.25396014307614,8.58456821665815,12.161471640265713
03010101,03,01,01,01,3879,446,3582,3433,149,297,100.0,11.497808713585975,92.34338747099768,88.50219128641402,3.8411961845836555,7.65661252900232
03010102,03,01,01,02,11825,1666,10562,10159,403,1263,100.0,14.088794926004228,89.31923890063425,85.91120507399577,3.4080338266384778,10.68076109936575
03010104,03,01,01,04,225,47,197,178,19,28,100.0,20.88888888888889,87.55555555555556,79.11111111111111,8.444444444444445,12.444444444444445
03020203,03,02,02,03,2110,102,2074,2008,66,36,100.0,4.834123222748815,98.29383886255924,95.16587677725119,3.1279620853080567,1.7061611374407581
03020209,03,02,02,09,14498,1916,13361,12582,779,1137,100.0,13.215615947027176,92.15753897089255,86.78438405297283,5.373154917919713,7.842461029107463
03020210,03,02,02,10,11052,1332,10238,9720,518,814,100.0,12.052117263843648,92.6348172276511,87.94788273615634,4.686934491494752,7.365182772348897
03020307,03,02,03,07,17766,1892,17093,15874,1219,673,100.0,10.649555330406395,96.21186536080153,89.35044466959361,6.861420691207925,3.788134639198469
03030405,03,03,04,05,11016,1272,10326,9744,582,690,100.0,11.546840958605664,93.73638344226579,88.45315904139433,5.28322440087146,6.2636165577342044
03030406,03,03,04,06,8210,526,7976,7684,292,234,100.0,6.406820950060902,97.14981729598051,93.5931790499391,3.556638246041413,2.8501827040194883
03030711,03,03,07,11,6811,355,6666,6456,210,145,100.0,5.21215680516811,97.87109088239613,94.7878431948319,3.0832476875642345,2.128909117603876
03030715,03,03,07,15,6800,605,6490,6195,295,310,100.0,8.897058823529411,95.44117647058825,91.10294117647058,4.338235294117647,4.5588235294117645
03030716,03,03,07,16,1135,31,1122,1104,18,13,100.0,2.7312775330396475,98.85462555066078,97.26872246696036,1.5859030837004406,1.145374449339207
03040508,03,04,05,08,4578,829,4334,3749,585,244,100.0,18.108344255133247,94.6701616426387,81.89165574486675,12.778505897771952,5.329838357361293
03040512,03,04,05,12,9783,1186,9272,8597,675,511,100.0,12.123070632730245,94.77665337830932,87.87692936726975,6.899724011039559,5.223346621690688
03040513,03,04,05,13,3402,436,3194,2966,228,208,100.0,12.815990593768372,93.885949441505,87.18400940623164,6.701940035273369,6.114050558495003
03040614,03,04,06,14,35188,4096,32899,31092,1807,2289,100.0,11.64033193134023,93.494941457315,88.35966806865977,5.135273388655223,6.505058542685006
03040818,03,04,08,18,33983,4518,30994,29465,1529,2989,100.0,13.29488273548539,91.20442574228291,86.70511726451461,4.499308477768296,8.795574257717094
03050919,03,05,09,19,5584,1059,4667,4525,142,917,100.0,18.964899713467048,83.57808022922636,81.03510028653295,2.54297994269341,16.421919770773638
03050920,03,05,09,20,7379,1013,6742,6366,376,637,100.0,13.728147445453315,91.36739395582057,86.2718525545467,5.095541401273886,8.632606044179427
03050923,03,05,09,23,9089,1498,8078,7591,487,1011,100.0,16.481461106832434,88.8766640994609,83.51853889316756,5.358125206293321,11.123335900539114
03050924,03,05,09,24,5743,1054,4997,4689,308,746,100.0,18.352777294097162,87.01027337628418,81.64722270590283,5.363050670381334,12.989726623715828
03050925,03,05,09,25,9385,1473,8423,7912,511,962,100.0,15.695258391049546,89.74960042621204,84.30474160895045,5.444858817261588,10.25039957378796
03051017,03,05,10,17,4279,754,3734,3525,209,545,100.0,17.620939471839215,87.26337929422763,82.37906052816079,4.884318766066838,12.736620705772378
03051021,03,05,10,21,6468,628,6002,5840,162,466,100.0,9.709338280766852,92.79529993815709,90.29066171923314,2.504638218923933,7.20470006184292
03051022,03,05,10,22,4501,247,4375,4254,121,126,100.0,5.4876694067984895,97.20062208398133,94.51233059320151,2.688291490779827,2.7993779160186625
03061126,03,06,11,26,15175,3785,12513,11390,1123,2662,100.0,24.942339373970345,82.45799011532125,75.05766062602966,7.400329489291598,17.542009884678748
03061131,03,06,11,31,10420,3093,8235,7327,908,2185,100.0,29.683301343570058,79.03071017274472,70.31669865642995,8.714011516314779,20.969289827255277
03061227,03,06,12,27,14602,3384,12289,11218,1071,2313,100.0,23.174907546911385,84.15970415011643,76.82509245308862,7.334611697027804,15.840295849883578
03061228,03,06,12,28,12554,2406,10908,10148,760,1646,100.0,19.165206308746217,86.88864107057512,80.83479369125378,6.053847379321332,13.111358929424885
03061332,03,06,13,32,22374,6246,18209,16128,2081,4165,100.0,27.916331456154463,81.38464288906768,72.08366854384553,9.300974345222132,18.615357110932333
03061429,03,06,14,29,9998,1164,9281,8834,447,717,100.0,11.642328465693138,92.82856571314262,88.35767153430686,4.470894178835767,7.171434286857371
03061430,03,06,14,30,3505,999,2676,2506,170,829,100.0,28.50213980028531,76.34807417974322,71.4978601997147,4.850213980028531,23.651925820256775
03061434,03,06,14,34,6208,1320,5319,4888,431,889,100.0,21.262886597938145,85.67976804123711,78.73711340206185,6.942654639175258,14.320231958762886
03061435,03,06,14,35,3851,899,3231,2952,279,620,100.0,23.34458582186445,83.90028564009349,76.65541417813554,7.244871461957933,16.099714359906518
03061441,03,06,14,41,2589,688,2203,1901,302,386,100.0,26.57396678254152,85.09076863653921,73.42603321745848,11.664735419080726,14.909231363460796
03071536,03,07,15,36,10672,3524,8281,7148,1133,2391,100.0,33.02098950524738,77.5955772113943,66.97901049475263,10.616566716641678,22.404422788605697
03071537,03,07,15,37,15494,4949,11969,10545,1424,3525,100.0,31.941396669678586,77.24925777720408,68.0586033303214,9.190654446882665,22.75074222279592
03071633,03,07,16,33,2927,625,2557,2302,255,370,100.0,21.35292107960369,87.35907072087463,78.64707892039631,8.711991800478305,12.640929279125384
03071638,03,07,16,38,17387,5084,13908,12303,1605,3479,100.0,29.240236958647266,79.9907977224363,70.75976304135273,9.231034681083568,20.0092022775637
03071639,03,07,16,39,12371,2977,10457,9394,1063,1914,100.0,24.064344030393663,84.52833239026756,75.93565596960634,8.592676420661224,15.471667609732439
04010101,04,01,01,01,10925,4928,8000,5997,2003,2925,100.0,45.107551487414185,73.22654462242562,54.892448512585815,18.334096109839816,26.773455377574372
04010102,04,01,01,02,824,291,577,533,44,247,100.0,35.31553398058252,70.02427184466019,64.68446601941747,5.339805825242718,29.975728155339805
04010103,04,01,01,03,7708,3855,5847,3853,1994,1861,100.0,50.01297353399066,75.85625324338349,49.98702646600934,25.869226777374156,24.1437467566165
04020204,04,02,02,04,171,61,131,110,21,40,100.0,35.67251461988304,76.60818713450293,64.32748538011695,12.280701754385964,23.391812865497073
04020205,04,02,02,05,1293,297,1123,996,127,170,100.0,22.96983758700696,86.8522815158546,77.03016241299304,9.822119102861562,13.147718484145399
04020206,04,02,02,06,2679,574,2341,2105,236,338,100.0,21.425905188503172,87.38335199701382,78.57409481149683,8.809257185516985,12.616648002986189
04020207,04,02,02,07,2543,693,2154,1850,304,389,100.0,27.251278018088872,84.70310656704679,72.74872198191112,11.954384585135665,15.296893432953205
04020208,04,02,02,08,2860,686,2501,2174,327,359,100.0,23.986013986013983,87.44755244755244,76.01398601398601,11.433566433566433,12.552447552447552
04020209,04,02,02,09,3154,1134,2286,2020,266,868,100.0,35.95434369055168,72.47939124920735,64.04565630944832,8.433734939759036,27.520608750792647
04020310,04,02,03,10,608,303,347,305,42,261,100.0,49.83552631578947,57.07236842105263,50.164473684210535,6.907894736842106,42.92763157894737
04020311,04,02,03,11,14325,4017,12049,10308,1741,2276,100.0,28.041884816753925,84.11169284467714,71.95811518324608,12.153577661431065,15.888307155322861
04020312,04,02,03,12,5471,1667,4389,3804,585,1082,100.0,30.46974958874063,80.22299396819594,69.53025041125936,10.692743556936575,19.77700603180406
04020313,04,02,03,13,7455,2840,5596,4615,981,1859,100.0,38.095238095238095,75.0637156270959,61.904761904761905,13.158953722334005,24.93628437290409
04020314,04,02,03,14,793,793,0,0,0,793,100.0,100.0,0.0,0.0,0.0,100.0
04030415,04,03,04,15,2759,1399,1697,1360,337,1062,100.0,50.70677781805002,61.5077926785067,49.29322218194998,12.214570496556723,38.4922073214933
04030416,04,03,04,16,10612,4976,7744,5636,2108,2868,100.0,46.89031285337354,72.97399170750094,53.10968714662646,19.864304560874483,27.02600829249906
04030417,04,03,04,17,10869,4008,8441,6861,1580,2428,100.0,36.8755175269114,77.66123838439599,63.124482473088605,14.53675591130739,22.33876161560401
04030518,04,03,05,18,9393,3937,7048,5456,1592,2345,100.0,41.914191419141915,75.03460023421698,58.08580858085809,16.948791653358885,24.96539976578303
04030519,04,03,05,19,5689,2406,4287,3283,1004,1402,100.0,42.292142731587276,75.35595007910003,57.707857268412724,17.64809281068729,24.64404992089998
04030620,04,03,06,20,8552,3642,6425,4910,1515,2127,100.0,42.5865294667914,75.12862488306828,57.41347053320861,17.71515434985968,24.871375116931713
04030621,04,03,06,21,3011,1588,2046,1423,623,965,100.0,52.73995350381932,67.95084689471936,47.26004649618067,20.69080039853869,32.04915310528064
04030622,04,03,06,22,10429,4712,7649,5717,1932,2780,100.0,45.18170486144405,73.34356122351137,54.81829513855595,18.525266084955412,26.65643877648864
04030623,04,03,06,23,4700,2538,3219,2162,1057,1481,100.0,54.0,68.48936170212767,46.0,22.48936170212766,31.51063829787234
04030724,04,03,07,24,6397,2201,5065,4196,869,1332,100.0,34.40675316554635,79.17773956542129,65.59324683445365,13.58449273096764,20.82226043457871
04030725,04,03,07,25,11973,4613,8949,7360,1589,3024,100.0,38.528355466466216,74.74317213730895,61.471644533533784,13.27152760377516,25.256827862691054
04030726,04,03,07,26,5461,2233,4080,3228,852,1381,100.0,40.889946896172866,74.71159128364768,59.11005310382714,15.601538179820546,25.28840871635232
04030827,04,03,08,27,12131,6204,8073,5927,2146,4058,100.0,51.14170307476713,66.54851207649823,48.85829692523288,17.690215151265352,33.45148792350177
04030828,04,03,08,28,9386,3956,6873,5430,1443,2513,100.0,42.147879821010015,73.22608139782655,57.852120178989985,15.373961218836566,26.773918602173453
04030929,04,03,09,29,5906,2455,4364,3451,913,1542,100.0,41.56789705384355,73.89095834744327,58.43210294615645,15.458855401286828,26.10904165255672
04030930,04,03,09,30,5625,2454,4024,3171,853,1601,100.0,43.62666666666667,71.53777777777778,56.37333333333333,15.164444444444444,28.462222222222223
04030931,04,03,09,31,3920,2256,2278,1664,614,1642,100.0,57.55102040816327,58.11224489795919,42.44897959183673,15.663265306122447,41.88775510204082
04031032,04,03,10,32,14795,5665,11470,9130,2340,3325,100.0,38.28996282527881,77.52619128083812,61.71003717472119,15.816154106116931,22.473808719161877
04041133,04,04,11,33,36,6,33,30,3,3,100.0,16.666666666666664,91.66666666666666,83.33333333333334,8.333333333333332,8.333333333333332
04041134,04,04,11,34,5116,1873,4060,3243,817,1056,100.0,36.61063330727131,79.35887412040657,63.3893666927287,15.969507427677874,20.64112587959343
04041135,04,04,11,35,2718,887,2218,1831,387,500,100.0,32.634289919058126,81.60412067696836,67.36571008094187,14.23841059602649,18.395879323031643
04041136,04,04,11,36,3027,963,2473,2064,409,554,100.0,31.813676907829535,81.69805087545424,68.18632309217047,13.511727783283781,18.301949124545754
04041137,04,04,11,37,7922,2681,6467,5241,1226,1455,100.0,33.8424640242363,81.63342590254986,66.1575359757637,15.475889926786165,18.36657409745014
04041238,04,04,12,38,5749,1725,4901,4024,877,848,100.0,30.005218298834578,85.2496086275874,69.99478170116542,15.254826926421986,14.750391372412594
04041239,04,04,12,39,317,221,111,96,15,206,100.0,69.71608832807571,35.01577287066246,30.28391167192429,4.73186119873817,64.98422712933754
04041240,04,04,12,40,1508,392,1295,1116,179,213,100.0,25.9946949602122,85.87533156498674,74.0053050397878,11.870026525198938,14.124668435013263
04041241,04,04,12,41,6919,1585,6044,5334,710,875,100.0,22.907934672640554,87.35366382425205,77.09206532735945,10.261598496892613,12.64633617574794
04041342,04,04,13,42,4040,1208,3384,2832,552,656,100.0,29.9009900990099,83.76237623762376,70.0990099009901,13.663366336633665,16.237623762376238
04041343,04,04,13,43,3563,1050,3002,2513,489,561,100.0,29.469548133595286,84.25484142576481,70.53045186640472,13.72438955936009,15.745158574235196
04041344,04,04,13,44,10741,2716,9118,8025,1093,1623,100.0,25.28628619309189,84.88967507680849,74.71371380690812,10.175961269900382,15.11032492319151
04051445,04,05,14,45,6200,2504,4793,3696,1097,1407,100.0,40.38709677419355,77.30645161290323,59.61290322580645,17.693548387096776,22.693548387096772
04051446,04,05,14,46,10528,4293,8058,6235,1823,2470,100.0,40.776975683890576,76.5387537993921,59.22302431610942,17.315729483282674,23.461246200607903
04051447,04,05,14,47,5250,2063,3990,3187,803,1260,100.0,39.29523809523809,76.0,60.70476190476191,15.295238095238094,24.0
04051448,04,05,14,48,9117,4033,6559,5084,1475,2558,100.0,44.236042557858944,71.9425249533838,55.763957442141056,16.178567511242733,28.057475046616208
04051549,04,05,15,49,5239,2587,3293,2652,641,1946,100.0,49.37965260545906,62.85550677610231,50.62034739454094,12.235159381561367,37.14449322389769
04051550,04,05,15,50,5467,2036,4303,3431,872,1164,100.0,37.24163160782879,78.70861532833364,62.75836839217121,15.95024693616243,21.29138467166636
04051551,04,05,15,51,4364,1695,3398,2669,729,966,100.0,38.84051329055912,77.86434463794684,61.15948670944088,16.70485792850596,22.13565536205316
04051652,04,05,16,52,9662,3537,7430,6125,1305,2232,100.0,36.60732767542952,76.89919271372386,63.39267232457048,13.506520389153383,23.100807286276133
04051653,04,05,16,53,6635,2560,5110,4075,1035,1525,100.0,38.58327053504145,77.01582516955538,61.41672946495855,15.599095704596836,22.984174830444612
04051654,04,05,16,54,3028,1024,2398,2004,394,630,100.0,33.81770145310436,79.19418758256275,66.18229854689565,13.011889035667107,20.805812417437252
04051655,04,05,16,55,7075,2942,5276,4133,1143,1799,100.0,41.58303886925795,74.57243816254417,58.41696113074205,16.15547703180212,25.42756183745583
04051656,04,05,16,56,7621,2310,6271,5311,960,1350,100.0,30.310982810654767,82.28578926650046,69.68901718934522,12.59677207715523,17.71421073349954
04061757,04,06,17,57,92,30,65,62,3,27,100.0,32.608695652173914,70.65217391304348,67.3913043478261,3.260869565217391,29.347826086956523
05010101,05,01,01,01,10788,3148,8959,7640,1319,1829,100.0,29.180571004820173,83.04597701149426,70.81942899517983,12.226548016314423,16.954022988505745
05010102,05,01,01,02,5843,1159,5181,4684,497,662,100.0,19.835700838610304,88.67020366250213,80.16429916138969,8.505904501112441,11.32979633749786
05010103,05,01,01,03,7525,1158,7007,6367,640,518,100.0,15.388704318936878,93.11627906976744,84.61129568106313,8.50498338870432,6.883720930232558
05010204,05,01,02,04,3236,1202,2679,2034,645,557,100.0,37.14462299134734,82.78739184177998,62.85537700865266,19.93201483312732,17.212608158220025
05010205,05,01,02,05,1921,494,1738,1427,311,183,100.0,25.71577303487767,90.47371160853722,74.28422696512233,16.18948464341489,9.52628839146278
05010206,05,01,02,06,10186,3281,8778,6905,1873,1408,100.0,32.210877675240525,86.17710583153347,67.78912232475948,18.387983506774003,13.822894168466524
05010207,05,01,02,07,11395,5458,9176,5937,3239,2219,100.0,47.898200965335676,80.52654673102238,52.10179903466433,28.42474769635805,19.47345326897762
05010208,05,01,02,08,7547,2252,6278,5295,983,1269,100.0,29.83967139260633,83.1853716708626,70.16032860739367,13.025043063468928,16.814628329137406
05010209,05,01,02,09,6054,1659,5338,4395,943,716,100.0,27.403369672943505,88.17310868847044,72.59663032705649,15.576478361413942,11.826891311529568
05010310,05,01,03,10,3883,1246,3172,2637,535,711,100.0,32.08859129539016,81.68941540046356,67.91140870460983,13.77800669585372,18.31058459953644
05010311,05,01,03,11,5600,2851,4079,2749,1330,1521,100.0,50.910714285714285,72.83928571428572,49.089285714285715,23.75,27.16071428571429
05010312,05,01,03,12,7028,3539,4644,3489,1155,2384,100.0,50.355719977233925,66.07854297097326,49.64428002276608,16.43426294820717,33.921457029026755
05010313,05,01,03,13,6624,2471,5179,4153,1026,1445,100.0,37.30374396135266,78.18538647342996,62.69625603864735,15.489130434782608,21.81461352657005
05010314,05,01,03,14,11948,4181,9671,7767,1904,2277,100.0,34.99330431871443,80.94241714094409,65.00669568128558,15.93572145965852,19.05758285905591
05010339,05,01,03,39,1002,662,375,340,35,627,100.0,66.06786427145708,37.4251497005988,33.93213572854291,3.493013972055888,62.5748502994012
05020415,05,02,04,15,3964,750,3728,3214,514,236,100.0,18.920282542885975,94.04641775983855,81.07971745711403,12.96670030272452,5.953582240161452
05020416,05,02,04,16,1697,93,1673,1604,69,24,100.0,5.480259281084266,98.58573954036535,94.51974071891573,4.065998821449617,1.4142604596346495
05020417,05,02,04,17,5890,1607,5117,4283,834,773,100.0,27.283531409168084,86.87606112054328,72.71646859083192,14.159592529711377,13.123938879456706
05020418,05,02,04,18,4047,753,3698,3294,404,349,100.0,18.60637509266123,91.37632814430442,81.39362490733876,9.982703236965653,8.623671855695576
05020419,05,02,04,19,6971,1625,6180,5346,834,791,100.0,23.310859274135705,88.65299096255917,76.68914072586429,11.963850236694878,11.347009037440827
05020420,05,02,04,20,926,152,872,774,98,54,100.0,16.414686825053995,94.16846652267819,83.58531317494601,10.583153347732182,5.831533477321814
05020521,05,02,05,21,3148,783,2875,2365,510,273,100.0,24.872935196950444,91.32782719186785,75.12706480304956,16.200762388818298,8.672172808132148
05020522,05,02,05,22,7289,3008,5474,4281,1193,1815,100.0,41.267663602688984,75.09946494718068,58.732336397311016,16.367128549869665,24.90053505281932
05020523,05,02,05,23,11882,6105,9265,5777,3488,2617,100.0,51.380239017000505,77.97508836896145,48.619760982999495,29.35532738596196,22.024911631038545
05020524,05,02,05,24,6113,970,5702,5143,559,411,100.0,15.867822672991986,93.27662358907247,84.13217732700802,9.144446262064452,6.723376410927531
05020625,05,02,06,25,7400,2233,6210,5167,1043,1190,100.0,30.175675675675677,83.91891891891892,69.82432432432432,14.094594594594595,16.08108108108108
05020626,05,02,06,26,19055,6558,14763,12497,2266,4292,100.0,34.416163736552086,77.47572815533981,65.58383626344792,11.891891891891893,22.52427184466019
05020627,05,02,06,27,4038,1458,3257,2580,677,781,100.0,36.10698365527489,80.65874195146112,63.893016344725105,16.765725606736005,19.341258048538883
05020628,05,02,06,28,1996,416,1809,1580,229,187,100.0,20.841683366733466,90.6312625250501,79.15831663326654,11.472945891783567,9.3687374749499
05020629,05,02,06,29,4373,584,4085,3789,296,288,100.0,13.354676423507888,93.41413217470844,86.6453235764921,6.768808598216328,6.585867825291563
05030730,05,03,07,30,3908,2042,3261,1866,1395,647,100.0,52.2517911975435,83.44421699078812,47.748208802456496,35.69600818833163,16.555783009211872
05030731,05,03,07,31,11831,4863,9490,6968,2522,2341,100.0,41.103879638238524,80.21299974642886,58.896120361761476,21.316879384667402,19.787000253571126
05030832,05,03,08,32,11518,4737,8897,6781,2116,2621,100.0,41.12693175898593,77.24431324882792,58.87306824101407,18.371245007813858,22.755686751172078
05030833,05,03,08,33,1625,1325,405,300,105,1220,100.0,81.53846153846153,24.923076923076923,18.461538461538463,6.461538461538462,75.07692307692308
05040934,05,04,09,34,4032,1277,3063,2755,308,969,100.0,31.671626984126984,75.96726190476191,68.32837301587301,7.638888888888889,24.032738095238095
05040935,05,04,09,35,412,94,340,318,22,72,100.0,22.815533980582526,82.52427184466019,77.18446601941747,5.339805825242718,17.475728155339805
05040936,05,04,09,36,9835,1624,9215,8211,1004,620,100.0,16.512455516014235,93.69598373157092,83.48754448398577,10.208439247585154,6.304016268429081
05040937,05,04,09,37,2127,274,2026,1853,173,101,100.0,12.881993417959567,95.25152797367184,87.11800658204044,8.133521391631406,4.748472026328162
05040938,05,04,09,38,3621,436,3454,3185,269,167,100.0,12.040872687103011,95.38801436067385,87.959127312897,7.428887047776857,4.611985639326153
06010101,06,01,01,01,6805,1495,6004,5310,694,801,100.0,21.969140337986776,88.22924320352682,78.03085966201323,10.198383541513593,11.770756796473183
06010102,06,01,01,02,8756,2930,7117,5826,1291,1639,100.0,33.4627683873915,81.28140703517587,66.5372316126085,14.744175422567382,18.718592964824122
06010103,06,01,01,03,6278,1847,5354,4431,923,924,100.0,29.42019751513221,85.28193692258681,70.5798024848678,14.70213443771902,14.718063077413188
06010204,06,01,02,04,6877,2126,5850,4751,1099,1027,100.0,30.91464301294169,85.06616257088847,69.0853569870583,15.980805583830158,14.933837429111533
06010205,06,01,02,05,9560,2671,8252,6889,1363,1308,100.0,27.939330543933057,86.31799163179916,72.06066945606695,14.257322175732218,13.682008368200837
06010206,06,01,02,06,7660,1967,6620,5693,927,1040,100.0,25.678851174934724,86.42297650130548,74.32114882506528,12.101827676240209,13.577023498694519
06010207,06,01,02,07,7793,2302,6598,5491,1107,1195,100.0,29.539330168099575,84.66572565122546,70.46066983190042,14.205055819325036,15.33427434877454
06010208,06,01,02,08,6851,2077,5658,4774,884,1193,100.0,30.316742081447963,82.58648372500365,69.68325791855203,12.903225806451612,17.41351627499635
06010209,06,01,02,09,9081,2669,7666,6412,1254,1415,100.0,29.39103622949014,84.41801563704438,70.60896377050986,13.809051866534523,15.581984362955623
06010210,06,01,02,10,4872,1243,4229,3629,600,643,100.0,25.513136288998357,86.80213464696223,74.48686371100163,12.31527093596059,13.197865353037766
06020301,06,02,03,01,4964,988,4496,3976,520,468,100.0,19.90330378726833,90.57211925866237,80.09669621273167,10.475423045930702,9.427880741337631
06020302,06,02,03,02,5482,1174,4883,4308,575,599,100.0,21.415541773075518,89.07333090113097,78.58445822692448,10.488872674206494,10.926669098869025
06020303,06,02,03,03,7338,1958,6353,5380,973,985,100.0,26.683019896429546,86.57672390297083,73.31698010357044,13.25974379940038,13.423276097029163
06020304,06,02,03,04,6791,1689,5945,5102,843,846,100.0,24.871152996613162,87.54233544396996,75.12884700338684,12.413488440583125,12.457664556030041
06020305,06,02,03,05,11328,3463,9491,7865,1626,1837,100.0,30.57026836158192,83.78354519774011,69.42973163841808,14.353813559322035,16.216454802259886
06020306,06,02,03,06,6450,1143,5977,5307,670,473,100.0,17.72093023255814,92.66666666666666,82.27906976744185,10.387596899224807,7.333333333333333
06020407,06,02,04,07,4667,2235,3552,2432,1120,1115,100.0,47.889436468823654,76.1088493679023,52.110563531176346,23.998285836725948,23.89115063209771
06020408,06,02,04,08,6817,1668,5896,5149,747,921,100.0,24.46824116180138,86.48965820742262,75.53175883819863,10.957899369223998,13.51034179257738
06020409,06,02,04,09,8188,1889,7134,6299,835,1054,100.0,23.070346849047386,87.12750366389838,76.92965315095262,10.197850512945775,12.872496336101612
06020410,06,02,04,10,7060,1234,6338,5826,512,722,100.0,17.478753541076486,89.77337110481587,82.52124645892351,7.2521246458923505,10.226628895184136
06020411,06,02,04,11,8389,1766,7658,6623,1035,731,100.0,21.051376802956252,91.28620812969365,78.94862319704374,12.337584932649898,8.713791870306354
06030501,06,03,05,01,5885,1326,5010,4559,451,875,100.0,22.53186066270178,85.13169073916738,77.46813933729821,7.663551401869159,14.868309260832625
06030502,06,03,05,02,5400,1082,4920,4318,602,480,100.0,20.037037037037038,91.11111111111111,79.96296296296296,11.148148148148149,8.88888888888889
06030503,06,03,05,03,11482,2822,10037,8660,1377,1445,100.0,24.57759972130291,87.41508448005574,75.42240027869708,11.992684201358648,12.584915519944262
06030504,06,03,05,04,11057,2224,9857,8833,1024,1200,100.0,20.113954960658408,89.14714660396129,79.8860450393416,9.261101564619697,10.852853396038709
06030605,06,03,06,05,6984,1798,5955,5186,769,1029,100.0,25.74455899198167,85.26632302405498,74.25544100801832,11.010882016036655,14.733676975945018
06030606,06,03,06,06,5225,1582,4329,3643,686,896,100.0,30.277511961722485,82.85167464114832,69.7224880382775,13.129186602870814,17.148325358851675
06030607,06,03,06,07,3097,1097,2318,2000,318,779,100.0,35.421375524701325,74.84662576687117,64.57862447529867,10.26800129157249,25.153374233128833
06030608,06,03,06,08,12761,3071,11287,9690,1597,1474,100.0,24.06551210720163,88.44918109865998,75.93448789279837,12.51469320586161,11.55081890134002
06030609,06,03,06,09,11973,2632,10549,9341,1208,1424,100.0,21.982794621231104,88.10657312285977,78.01720537876889,10.089367744090872,11.893426877140232
06030610,06,03,06,10,8132,1669,7209,6463,746,923,100.0,20.523856369896702,88.64977865223807,79.4761436301033,9.173635022134777,11.350221347761929
06040701,06,04,07,01,10005,2011,8844,7994,850,1161,100.0,20.099950024987507,88.39580209895053,79.9000499750125,8.495752123938031,11.604197901049474
06040702,06,04,07,02,5318,991,4899,4327,572,419,100.0,18.6348251222264,92.12109815720196,81.3651748777736,10.755923279428355,7.878901842798045
06040703,06,04,07,03,10623,2533,8922,8090,832,1701,100.0,23.844488374282218,83.98757413160124,76.15551162571779,7.832062505883461,16.012425868398758
06040804,06,04,08,04,7514,1208,6890,6306,584,624,100.0,16.076656907106734,91.6955017301038,83.92334309289326,7.77215863721054,8.304498269896193
06040805,06,04,08,05,5365,1088,4806,4277,529,559,100.0,20.27958993476235,89.58061509785648,79.72041006523766,9.860205032618826,10.419384902143523
06040806,06,04,08,06,7319,1071,6762,6248,514,557,100.0,14.63314660472742,92.38967072004372,85.36685339527259,7.022817324771144,7.610329279956278
06040807,06,04,08,07,5710,1155,5097,4555,542,613,100.0,20.2276707530648,89.26444833625219,79.7723292469352,9.492119089316988,10.735551663747811
06040808,06,04,08,08,4523,1830,3644,2693,951,879,100.0,40.45987176652664,80.56599602034048,59.540128233473354,21.02586778686712,19.43400397965952
06040809,06,04,08,09,5142,1598,4022,3544,478,1120,100.0,31.077401789187086,78.21859198755348,68.92259821081291,9.295993776740568,21.78140801244652
06040810,06,04,08,10,7013,1908,5943,5105,838,1070,100.0,27.206616284043918,84.74262084699843,72.79338371595608,11.949237131042349,15.257379153001569
07010101,07,01,01,01,9992,4753,6968,5239,1729,3024,100.0,47.56805444355484,69.73578863090472,52.43194555644516,17.303843074459568,30.26421136909528
07010102,07,01,01,02,15866,8447,10717,7419,3298,5149,100.0,53.23963191730745,67.54695575444346,46.76036808269255,20.786587671750915,32.453044245556534
07010103,07,01,01,03,10173,3689,7956,6484,1472,2217,100.0,36.2626560503293,78.20701857859038,63.7373439496707,14.469674628919691,21.792981421409614
07010104,07,01,01,04,13682,7791,8823,5891,2932,4859,100.0,56.94342932319836,64.48618623008332,43.056570676801634,21.429615553281682,35.51381376991668
07020201,07,02,02,01,10510,3487,8595,7023,1572,1915,100.0,33.1779257849667,81.77925784966699,66.8220742150333,14.957183634633683,18.220742150333017
07020202,07,02,02,02,10164,4136,7674,6028,1646,2490,100.0,40.692640692640694,75.50177095631642,59.307359307359306,16.194411648957104,24.49822904368359
07020203,07,02,02,03,17742,7454,13329,10288,3041,4413,100.0,42.01330176981175,75.12681772066283,57.98669823018825,17.140119490474582,24.873182279337165
07020204,07,02,02,04,11839,4149,9317,7690,1627,2522,100.0,35.045189627502324,78.69752512881155,64.95481037249768,13.742714756313879,21.302474871188444
07030301,07,03,03,01,24609,6325,21041,18284,2757,3568,100.0,25.701978950790362,85.50123938396521,74.29802104920964,11.203218334755578,14.498760616034783
07030302,07,03,03,02,9341,2754,7888,6587,1301,1453,100.0,29.48292474039182,84.44492024408522,70.51707525960818,13.927844984477037,15.555079755914782
07030303,07,03,03,03,12264,5042,9706,7222,2484,2558,100.0,41.11219830397913,79.14220482713633,58.88780169602087,20.25440313111546,20.857795172863668
07040401,07,04,04,01,18603,7347,14369,11256,3113,4234,100.0,39.493630059667794,77.24023007041875,60.506369940332206,16.733860130086544,22.75976992958125
07040402,07,04,04,02,2162,402,1992,1760,232,170,100.0,18.59389454209066,92.13691026827013,81.40610545790933,10.730804810360777,7.863089731729881
07040403,07,04,04,03,23785,8200,19344,15585,3759,4441,100.0,34.47550977506832,81.32856842547824,65.52449022493167,15.804078200546561,18.67143157452176
07040404,07,04,04,04,5051,1148,4510,3903,607,541,100.0,22.72817263908137,89.28924965353396,77.27182736091864,12.017422292615324,10.710750346466046
07040405,07,04,04,05,11176,4623,8518,6553,1965,2658,100.0,41.365425912670005,76.21689334287758,58.634574087329995,17.582319255547603,23.783106657122406
07040406,07,04,04,06,3800,1872,2642,1928,714,1158,100.0,49.26315789473684,69.52631578947368,50.73684210526316,18.789473684210524,30.473684210526315
07050501,07,05,05,01,15903,5735,13009,10168,2841,2894,100.0,36.06237816764132,81.80217569012136,63.93762183235867,17.864553857762687,18.197824309878637
07050502,07,05,05,02,8132,2813,6492,5319,1173,1640,100.0,34.591736350221346,79.83275946876537,65.40826364977865,14.424495818986719,20.16724053123463
07050503,07,05,05,03,9123,2610,7882,6513,1369,1241,100.0,28.609010194015127,86.39701852460814,71.39098980598487,15.00602871862326,13.602981475391868
07050504,07,05,05,04,5527,1615,4848,3912,936,679,100.0,29.220191785778905,87.71485435136603,70.77980821422109,16.935046137144923,12.285145648633979
07050505,07,05,05,05,10520,2640,9396,7880,1516,1124,100.0,25.09505703422053,89.31558935361217,74.90494296577947,14.4106463878327,10.684410646387834
07050506,07,05,05,06,2341,569,2069,1772,297,272,100.0,24.305852199914565,88.38103374626229,75.69414780008543,12.686885946176849,11.61896625373772
07060601,07,06,06,01,10001,3824,7977,6177,1800,2024,100.0,38.23617638236176,79.76202379762024,61.76382361763824,17.998200179982003,20.237976202379762
07060602,07,06,06,02,4641,961,4235,3680,555,406,100.0,20.706744236156002,91.25188536953243,79.293255763844,11.95862960568843,8.74811463046757
07060603,07,06,06,03,3177,1316,2386,1861,525,791,100.0,41.4227258419893,75.10229776518729,58.57727415801071,16.525023607176582,24.897702234812716
07060604,07,06,06,04,14306,4922,12495,9384,3111,1811,100.0,34.40514469453376,87.34097581434364,65.59485530546624,21.746120508877397,12.659024185656367
07070701,07,07,07,01,10432,1898,9638,8534,1104,794,100.0,18.194018404907975,92.3888036809816,81.80598159509202,10.582822085889571,7.611196319018405
07070702,07,07,07,02,10746,1887,10039,8859,1180,707,100.0,17.56002233389168,93.42080774241578,82.43997766610832,10.980830076307463,6.579192257584217
07070703,07,07,07,03,7354,1614,6670,5740,930,684,100.0,21.947239597497962,90.6989393527332,78.05276040250205,12.646178950231166,9.301060647266794
07070704,07,07,07,04,8228,2690,6984,5538,1446,1244,100.0,32.693242586290715,84.88089450656295,67.30675741370928,17.574137092853668,15.119105493437043
07070705,07,07,07,05,6996,1044,6559,5952,607,437,100.0,14.922813036020582,93.75357347055461,85.07718696397941,8.676386506575186,6.246426529445397
07070706,07,07,07,06,3947,800,3400,3147,253,547,100.0,20.268558398783888,86.14137319483152,79.73144160121612,6.409931593615405,13.858626805168484
07070707,07,07,07,07,2891,406,2671,2485,186,220,100.0,14.043583535108958,92.39017640954687,85.95641646489103,6.4337599446558285,7.6098235904531295
08010115,08,01,01,15,858,343,643,515,128,215,100.0,39.976689976689975,74.94172494172494,60.02331002331003,14.918414918414918,25.058275058275058
08010116,08,01,01,16,3570,1939,2311,1631,680,1259,100.0,54.31372549019608,64.73389355742297,45.68627450980392,19.047619047619047,35.26610644257703
08010117,08,01,01,17,16208,7935,10801,8273,2528,5407,100.0,48.95730503455084,66.63993089832182,51.042694965449165,15.597235932872655,33.360069101678185
08010118,08,01,01,18,11866,6961,7543,4905,2638,4323,100.0,58.66340805663239,63.568177987527385,41.33659194336761,22.231586044159783,36.43182201247261
08010211,08,01,02,11,10048,5778,6109,4270,1839,3939,100.0,57.50398089171974,60.79816878980891,42.49601910828025,18.30214968152866,39.20183121019109
08010212,08,01,02,12,7504,4950,4926,2554,2372,2578,100.0,65.96481876332622,65.64498933901919,34.03518123667377,31.609808102345415,34.35501066098081
08010213,08,01,02,13,12731,6815,8243,5916,2327,4488,100.0,53.53075170842825,64.74746681329039,46.46924829157175,18.27821852171864,35.252533186709606
08010214,08,01,02,14,8059,4479,5228,3580,1648,2831,100.0,55.57761508872069,64.87157215535426,44.422384911279316,20.44918724407495,35.128427844645735
08010301,08,01,03,01,27660,13002,19212,14658,4554,8448,100.0,47.006507592190886,69.45770065075922,52.99349240780911,16.46420824295011,30.542299349240782
08010302,08,01,03,02,3698,1288,2933,2410,523,765,100.0,34.82963764196863,79.31314223904813,65.17036235803137,14.142779881016764,20.686857760951867
08010303,08,01,03,03,8493,5005,5160,3488,1672,3333,100.0,58.93088425762393,60.755916637230655,41.06911574237607,19.686800894854585,39.24408336276934
08010404,08,01,04,04,23833,12493,15493,11340,4153,8340,100.0,52.41891494985944,65.00650358746276,47.58108505014056,17.4254185373222,34.99349641253724
08010405,08,01,04,05,9174,4213,6339,4961,1378,2835,100.0,45.92326139088729,69.09744931327666,54.07673860911271,15.020710704163942,30.90255068672335
08010406,08,01,04,06,7127,4023,4527,3104,1423,2600,100.0,56.447313034937565,63.519012207099756,43.552686965062435,19.96632524203732,36.48098779290024
08010407,08,01,04,07,812,327,597,485,112,215,100.0,40.27093596059113,73.52216748768473,59.72906403940886,13.793103448275861,26.47783251231527
08010508,08,01,05,08,5613,3888,3761,1725,2036,1852,100.0,69.26777124532336,67.00516657758774,30.732228754676644,36.2729378229111,32.994833422412256
08010509,08,01,05,09,9523,6156,6659,3367,3292,2864,100.0,64.64349469704925,69.92544366271133,35.35650530295075,34.56893835976058,30.074556337288673
08010510,08,01,05,10,471,311,234,160,74,237,100.0,66.02972399150742,49.681528662420384,33.97027600849257,15.711252653927813,50.318471337579616
08020619,08,02,06,19,10979,5741,7577,5238,2339,3402,100.0,52.29073686128063,69.01357136351216,47.70926313871937,21.304308224792788,30.98642863648784
08020620,08,02,06,20,9305,3820,7400,5485,1915,1905,100.0,41.05319720580333,79.52713594841482,58.94680279419667,20.58033315421816,20.47286405158517
08020621,08,02,06,21,2294,555,2110,1739,371,184,100.0,24.193548387096776,91.97907585004359,75.80645161290323,16.172624237140365,8.020924149956409
08020622,08,02,06,22,14284,3679,12536,10605,1931,1748,100.0,25.756090730887703,87.76253150378045,74.2439092691123,13.51862223466816,12.237468496219545
08020623,08,02,06,23,1291,333,1140,958,182,151,100.0,25.79395817195972,88.30364058869094,74.20604182804028,14.097598760650659,11.696359411309063
08020624,08,02,06,24,1145,304,1018,841,177,127,100.0,26.55021834061135,88.90829694323145,73.44978165938865,15.458515283842795,11.091703056768559
08020625,08,02,06,25,3338,885,2890,2453,437,448,100.0,26.512881965248653,86.5787896944278,73.48711803475135,13.091671659676454,13.421210305572199
08020726,08,02,07,26,8343,1873,7531,6470,1061,812,100.0,22.44995804866355,90.26728994366535,77.55004195133644,12.717247992328899,9.732710056334652
08020727,08,02,07,27,11769,3023,10450,8746,1704,1319,100.0,25.686124564533948,88.7925907043929,74.31387543546606,14.478715268926843,11.207409295607103
08020728,08,02,07,28,8388,3083,6850,5305,1545,1538,100.0,36.75488793514545,81.66428230805913,63.24511206485456,18.419170243204576,18.335717691940868
08030829,08,03,08,29,12447,5912,10058,6535,3523,2389,100.0,47.497388929059206,80.80662006909294,52.50261107094079,28.304008998152163,19.193379930907046
08030830,08,03,08,30,7244,2675,6217,4569,1648,1027,100.0,36.92711209276643,85.82274986195472,63.07288790723358,22.749861954721148,14.177250138045277
08030831,08,03,08,31,17151,8202,13763,8949,4814,3388,100.0,47.822284414902924,80.24604979301499,52.17771558509708,28.068334207917907,19.753950206985017
08040932,08,04,09,32,2844,793,2536,2051,485,308,100.0,27.883263009845287,89.17018284106891,72.1167369901547,17.053445850914205,10.829817158931084
08040933,08,04,09,33,4051,1167,3556,2884,672,495,100.0,28.807701802024194,87.78079486546531,71.19229819797582,16.58849666748951,12.219205134534683
08040934,08,04,09,34,2686,747,2394,1939,455,292,100.0,27.810871183916603,89.12881608339538,72.1891288160834,16.93968726731199,10.871183916604616
08041035,08,04,10,35,8090,2271,7180,5819,1361,910,100.0,28.0716934487021,88.75154511742892,71.9283065512979,16.823238566131028,11.248454882571075
08041036,08,04,10,36,6788,1352,6277,5436,841,511,100.0,19.91750147318798,92.47200942840307,80.08249852681202,12.389510901591043,7.527990571596936
08041037,08,04,10,37,9637,2102,8696,7535,1161,941,100.0,21.811767147452528,90.23555048251531,78.18823285254747,12.047317629967832,9.764449517484694
08041038,08,04,10,38,6911,1441,6423,5470,953,488,100.0,20.85081753725944,92.93879322818694,79.14918246274057,13.789610765446389,7.061206771813051
08041039,08,04,10,39,3876,1095,3510,2781,729,366,100.0,28.25077399380805,90.55727554179566,71.74922600619195,18.808049535603715,9.442724458204333
08041040,08,04,10,40,7936,1619,7334,6317,1017,602,100.0,20.400705645161292,92.41431451612904,79.59929435483872,12.815020161290322,7.585685483870967
09010101,09,01,01,01,11862,3253,9853,8609,1244,2009,100.0,27.423705951778786,83.06356432304838,72.57629404822121,10.487270274827178,16.93643567695161
09010102,09,01,01,02,72,17,62,55,7,10,100.0,23.61111111111111,86.11111111111111,76.38888888888889,9.722222222222223,13.88888888888889
09010201,09,01,02,01,4304,623,3994,3681,313,310,100.0,14.474907063197026,92.79739776951673,85.52509293680298,7.272304832713755,7.202602230483271
09010202,09,01,02,02,6730,722,6289,6008,281,441,100.0,10.728083209509657,93.44725111441308,89.27191679049035,4.175334323922733,6.552748885586925
09010301,09,01,03,01,15281,1814,14223,13467,756,1058,100.0,11.8709508540017,93.07636934755578,88.1290491459983,4.947320201557489,6.923630652444211
09010302,09,01,03,02,2907,569,2647,2338,309,260,100.0,19.5734434124527,91.05607155142759,80.42655658754731,10.62951496388029,8.94392844857241
09010401,09,01,04,01,8028,499,7752,7529,223,276,100.0,6.215744892874938,96.56203288490283,93.78425510712506,2.7777777777777777,3.43796711509716
09010402,09,01,04,02,11496,1802,10346,9694,652,1150,100.0,15.675017397355601,89.99652052887961,84.3249826026444,5.671537926235212,10.00347947112039
09020501,09,02,05,01,6470,1454,5373,5016,357,1097,100.0,22.47295208655332,83.04482225656878,77.52704791344668,5.517774343122102,16.95517774343122
09020502,09,02,05,02,14678,2230,13237,12448,789,1441,100.0,15.192805559340512,90.18258618340373,84.8071944406595,5.3753917427442435,9.817413816596266
09020601,09,02,06,01,7426,1283,6484,6143,341,942,100.0,17.277134392674387,87.31483975222191,82.72286560732562,4.5919741448963105,12.685160247778077
09020602,09,02,06,02,3554,193,3453,3361,92,101,100.0,5.430500844119302,97.15813168261114,94.56949915588069,2.5886325267304446,2.8418683173888577
09020701,09,02,07,01,1212,736,526,476,50,686,100.0,60.726072607260726,43.399339933993396,39.273927392739274,4.125412541254125,56.600660066006604
09020702,09,02,07,02,16072,1834,14805,14238,567,1267,100.0,11.411149825783973,92.11672473867596,88.58885017421602,3.5278745644599305,7.883275261324043
09020801,09,02,08,01,2921,176,2827,2745,82,94,100.0,6.025333789798014,96.7819239986306,93.97466621020199,2.8072577884286205,3.218076001369394
09020802,09,02,08,02,7819,1240,6938,6579,359,881,100.0,15.858805473845761,88.73257449801764,84.14119452615424,4.591379971863409,11.26742550198235
09030901,09,03,09,01,12950,1571,12119,11379,740,831,100.0,12.13127413127413,93.58301158301158,87.86872586872587,5.714285714285714,6.416988416988417
09030902,09,03,09,02,5819,639,5518,5180,338,301,100.0,10.981268259151058,94.82728991235606,89.01873174084895,5.808558171507132,5.172710087643925
09030903,09,03,09,03,7792,998,7483,6794,689,309,100.0,12.80800821355236,96.03439425051334,87.19199178644764,8.842402464065708,3.9656057494866532
09031001,09,03,10,01,12849,1344,11949,11505,444,900,100.0,10.459957973383142,92.9955638571095,89.54004202661686,3.455521830492645,7.004436142890497
09031101,09,03,11,01,6032,692,5521,5340,181,511,100.0,11.472148541114057,91.52851458885941,88.52785145888595,3.0006631299734745,8.471485411140584
09031201,09,03,12,01,1780,137,1717,1643,74,63,100.0,7.6966292134831455,96.46067415730337,92.30337078651687,4.157303370786517,3.539325842696629
09031202,09,03,12,02,2438,165,2341,2273,68,97,100.0,6.767842493847416,96.02132895816243,93.23215750615257,2.7891714520098443,3.978671041837572
09041301,09,04,13,01,14419,1102,13625,13317,308,794,100.0,7.642693668076843,94.49337679450724,92.35730633192316,2.1360704625840903,5.506623205492753
09041302,09,04,13,02,1803,143,1750,1660,90,53,100.0,7.931225734886301,97.06045479755963,92.06877426511369,4.9916805324459235,2.939545202440377
09041401,09,04,14,01,4816,567,4370,4249,121,446,100.0,11.773255813953488,90.73920265780731,88.22674418604652,2.5124584717607976,9.26079734219269
09041402,09,04,14,02,1495,142,1454,1353,101,41,100.0,9.498327759197323,97.25752508361204,90.50167224080268,6.755852842809365,2.74247491638796
09041501,09,04,15,01,7304,896,6791,6408,383,513,100.0,12.26725082146769,92.9764512595838,87.73274917853232,5.243702081051479,7.023548740416211
09041601,09,04,16,01,6589,335,6447,6254,193,142,100.0,5.084231294581879,97.84489300349067,94.91576870541813,2.929124298072545,2.1551069965093337
09051701,09,05,17,01,3590,213,3438,3377,61,152,100.0,5.933147632311978,95.76601671309191,94.06685236768803,1.6991643454038998,4.233983286908078
09051702,09,05,17,02,14698,895,14197,13803,394,501,100.0,6.089263845421146,96.59137297591509,93.91073615457886,2.680636821336236,3.4086270240849093
09051801,09,05,18,01,9375,775,8870,8600,270,505,100.0,8.266666666666666,94.61333333333334,91.73333333333333,2.88,5.386666666666667
09051901,09,05,19,01,10500,844,9987,9656,331,513,100.0,8.038095238095238,95.11428571428571,91.96190476190476,3.1523809523809523,4.885714285714285
09052001,09,05,20,01,12701,671,12326,12030,296,375,100.0,5.283048578852059,97.04747657664751,94.71695142114794,2.330525155499567,2.952523423352492
10010101,10,01,01,01,5669,1376,5013,4293,720,656,100.0,24.27235844064209,88.42829423178691,75.72764155935792,12.700652672429,11.57170576821309
10010102,10,01,01,02,17929,3885,16380,14044,2336,1549,100.0,21.668804729767416,91.36036588766802,78.33119527023258,13.02917061743544,8.639634112331976
10010203,10,01,02,03,1526,1100,463,426,37,1063,100.0,72.08387942332897,30.340760157273916,27.916120576671034,2.4246395806028835,69.65923984272608
10010204,10,01,02,04,10464,2084,9636,8380,1256,828,100.0,19.915902140672785,92.08715596330275,80.08409785932722,12.003058103975535,7.912844036697248
10010205,10,01,02,05,8422,1278,7681,7144,537,741,100.0,15.174542863927808,91.20161481833293,84.82545713607219,6.376157682260746,8.798385181667062
10010206,10,01,02,06,17167,3494,15206,13673,1533,1961,100.0,20.35300285431351,88.57692083648861,79.6469971456865,8.92992369080212,11.423079163511387
10010207,10,01,02,07,10786,2275,9802,8511,1291,984,100.0,21.092156499165586,90.877062859262,78.90784350083442,11.96921935842759,9.122937140737994
10010308,10,01,03,08,2413,773,1817,1640,177,596,100.0,32.03481143804393,75.30045586406963,67.96518856195607,7.335267302113552,24.699544135930378
10010309,10,01,03,09,14410,2739,13383,11671,1712,1027,100.0,19.00763358778626,92.87300485773768,80.99236641221374,11.880638445523942,7.126995142262318
10010310,10,01,03,10,17804,3038,16584,14766,1818,1220,100.0,17.063581217703888,93.14760727926308,82.93641878229612,10.211188496966974,6.852392720736914
10010311,10,01,03,11,2953,364,2867,2589,278,86,100.0,12.326447680325094,97.08770741618693,87.67355231967491,9.41415509651202,2.9122925838130715
10020412,10,02,04,12,6787,1748,5944,5039,905,843,100.0,25.75512008251068,87.57919552084869,74.24487991748931,13.334315603359364,12.42080447915132
10020413,10,02,04,13,15163,2095,14077,13068,1009,1086,100.0,13.81652707247906,92.83782892567433,86.18347292752094,6.6543559981534,7.162171074325661
10020414,10,02,04,14,1653,626,1484,1027,457,169,100.0,37.870538415003026,89.7761645493043,62.12946158499697,27.64670296430732,10.223835450695704
10020415,10,02,04,15,5532,1182,4725,4350,375,807,100.0,21.36659436008677,85.412147505423,78.63340563991324,6.778741865509762,14.587852494577005
10020416,10,02,04,16,5661,1374,4796,4287,509,865,100.0,24.271330153683095,84.72001413177884,75.7286698463169,8.991344285461933,15.279985868221162
10020517,10,02,05,17,8775,716,8462,8059,403,313,100.0,8.15954415954416,96.43304843304843,91.84045584045583,4.592592592592593,3.566951566951567
10020518,10,02,05,18,5058,621,4687,4437,250,371,100.0,12.277580071174377,92.66508501383946,87.72241992882563,4.942665085013839,7.334914986160538
10020519,10,02,05,19,6003,1597,4800,4406,394,1203,100.0,26.603364984174576,79.960019990005,73.39663501582542,6.563384974179577,20.039980009995002
10020620,10,02,06,20,3308,435,3125,2873,252,183,100.0,13.14993954050786,94.46795646916566,86.85006045949214,7.617896009673519,5.532043530834341
10020621,10,02,06,21,6051,764,5633,5287,346,418,100.0,12.626012229383573,93.09205090067756,87.37398777061642,5.718063130061147,6.907949099322426
10020622,10,02,06,22,8684,980,8258,7704,554,426,100.0,11.285122063565177,95.09442653155227,88.71487793643482,6.379548595117457,4.90557346844772
10020623,10,02,06,23,6558,614,6340,5944,396,218,100.0,9.36261055199756,96.67581579749924,90.63738944800244,6.038426349496798,3.324184202500762
10030724,10,03,07,24,7835,1157,7031,6678,353,804,100.0,14.76707083599234,89.73835354179963,85.23292916400766,4.505424377791959,10.261646458200383
10030725,10,03,07,25,6244,1113,5510,5131,379,734,100.0,17.825112107623315,88.24471492632927,82.17488789237667,6.069827033952595,11.755285073670724
10030726,10,03,07,26,2982,257,2870,2725,145,112,100.0,8.618376928236083,96.24413145539906,91.38162307176391,4.862508383635144,3.755868544600939
10030727,10,03,07,27,9251,741,8983,8510,473,268,100.0,8.009944870824775,97.10301589017404,91.99005512917522,5.112960760998811,2.8969841098259645
10040828,10,04,08,28,7661,450,7482,7211,271,179,100.0,5.873906800678762,97.66349040595223,94.12609319932123,3.537397206630988,2.3365095940477745
10040829,10,04,08,29,3704,271,3532,3433,99,172,100.0,7.316414686825054,95.35637149028078,92.68358531317494,2.6727861771058317,4.643628509719223
10040830,10,04,08,30,7556,401,7402,7155,247,154,100.0,5.3070407623081,97.96188459502382,94.6929592376919,3.268925357331922,2.038115404976178
10040931,10,04,09,31,9298,570,9076,8728,348,222,100.0,6.130350613035061,97.61238976123897,93.86964938696494,3.7427403742740375,2.387610238761024
10040932,10,04,09,32,3986,311,3812,3675,137,174,100.0,7.802308078273959,95.63472152533869,92.19769192172605,3.437029603612644,4.365278474661315
10040933,10,04,09,33,14661,731,14329,13930,399,332,100.0,4.98601732487552,97.73548871154765,95.01398267512448,2.7215060364231634,2.264511288452357
11010101,11,01,01,01,557,44,525,513,12,32,100.0,7.899461400359066,94.25493716337523,92.10053859964094,2.154398563734291,5.745062836624776
11010102,11,01,01,02,2558,122,2509,2436,73,49,100.0,4.769351055512119,98.08444096950743,95.23064894448788,2.8537920250195468,1.9155590304925725
11010103,11,01,01,03,1599,410,1259,1189,70,340,100.0,25.64102564102564,78.73671044402751,74.35897435897436,4.377736085053159,21.263289555972484
11010204,11,01,02,04,8903,2231,7729,6672,1057,1174,100.0,25.058968886892057,86.81343367404246,74.94103111310794,11.872402560934518,13.186566325957541
11010205,11,01,02,05,6737,1612,5959,5125,834,778,100.0,23.927564197714116,88.4518331601603,76.07243580228588,12.379397357874424,11.548166839839691
11010206,11,01,02,06,5925,1022,5374,4903,471,551,100.0,17.248945147679326,90.70042194092827,82.75105485232068,7.949367088607595,9.29957805907173
11010207,11,01,02,07,7039,1083,6468,5956,512,571,100.0,15.385708197187101,91.88805228015343,84.6142918028129,7.273760477340531,8.11194771984657
11010308,11,01,03,08,11583,2730,10191,8853,1338,1392,100.0,23.56902356902357,87.98238798238798,76.43097643097643,11.551411551411551,12.017612017612016
11010309,11,01,03,09,9881,2316,8467,7565,902,1414,100.0,23.43892318591236,85.68970751948184,76.56107681408764,9.12863070539419,14.310292480518166
11010310,11,01,03,10,5172,482,4954,4690,264,218,100.0,9.319412219644239,95.78499613302398,90.68058778035576,5.104408352668213,4.215003866976025
11020411,11,02,04,11,8755,1645,7597,7110,487,1158,100.0,18.789263278126786,86.77327241576242,81.21073672187322,5.562535693889206,13.22672758423758
11020412,11,02,04,12,6303,987,5770,5316,454,533,100.0,15.659209900047596,91.54370934475646,84.3407900999524,7.202919244804061,8.456290655243535
11020513,11,02,05,13,3991,747,3373,3244,129,618,100.0,18.717113505387122,84.51515910799299,81.28288649461288,3.232272613380105,15.484840892007016
11020514,11,02,05,14,8936,1452,7799,7484,315,1137,100.0,16.248880931065354,87.27618621307073,83.75111906893464,3.5250671441360786,12.723813786929275
11020515,11,02,05,15,14418,2955,12755,11463,1292,1663,100.0,20.495214315439032,88.46580663060064,79.50478568456096,8.961020946039673,11.534193369399363
11020516,11,02,05,16,3736,345,3595,3391,204,141,100.0,9.234475374732334,96.22591006423983,90.76552462526767,5.460385438972163,3.774089935760171
11030617,11,03,06,17,6042,1681,5067,4361,706,975,100.0,27.821913273750415,83.86295928500496,72.17808672624959,11.684872558755378,16.137040714995035
11030618,11,03,06,18,15803,3393,13873,12410,1463,1930,100.0,21.47060684680124,87.78712902613428,78.52939315319875,9.257735872935518,12.212870973865723
11030619,11,03,06,19,10700,2788,9132,7912,1220,1568,100.0,26.05607476635514,85.34579439252337,73.94392523364486,11.401869158878505,14.654205607476637
11030720,11,03,07,20,5953,3893,2325,2060,265,3628,100.0,65.3955988577188,39.05593818242903,34.604401142281205,4.451537040147825,60.94406181757097
11030721,11,03,07,21,25130,6485,20235,18645,1590,4895,100.0,25.805809789096696,80.52128929566256,74.1941902109033,6.3270990847592525,19.478710704337445
11030824,11,03,08,24,9996,3062,8212,6934,1278,1784,100.0,30.632252901160463,82.15286114445777,69.36774709883954,12.785114045618249,17.847138855542216
11040925,11,04,09,25,3705,694,3246,3011,235,459,100.0,18.73144399460189,87.61133603238866,81.26855600539811,6.342780026990553,12.388663967611336
11040926,11,04,09,26,27949,4762,24873,23187,1686,3076,100.0,17.038176678950947,88.99423950767469,82.96182332104905,6.03241618662564,11.005760492325308
11041022,11,04,10,22,5416,1544,4357,3872,485,1059,100.0,28.508124076809455,80.44682422451994,71.49187592319055,8.954948301329395,19.553175775480057
11041023,11,04,10,23,5882,1600,4997,4282,715,885,100.0,27.201632097925877,84.95409724583475,72.79836790207412,12.155729343760626,15.04590275416525
11041027,11,04,10,27,2766,606,2390,2160,230,376,100.0,21.908893709327547,86.40636297903109,78.09110629067246,8.315256688358641,13.593637020968908
11041128,11,04,11,28,25013,4703,22207,20310,1897,2806,100.0,18.802222844121058,88.78183344660776,81.19777715587895,7.584056290728822,11.218166553392237
11051229,11,05,12,29,3469,464,3257,3005,252,212,100.0,13.375612568463534,93.88872874027098,86.62438743153646,7.2643413087345055,6.111271259729029
11051330,11,05,13,30,9329,1635,8121,7694,427,1208,100.0,17.525994211598242,87.05113088219531,82.47400578840175,4.577125093793547,12.948869117804696
11051331,11,05,13,31,10783,1881,9313,8902,411,1470,100.0,17.44412501159232,86.36743021422609,82.55587498840768,3.811555225818418,13.632569785773905
11051332,11,05,13,32,6692,675,6394,6017,377,298,100.0,10.086670651524209,95.54692169754931,89.91332934847578,5.6335923490735205,4.453078302450687
12103115,12,10,31,15,7501,2892,5865,4609,1256,1636,100.0,38.55485935208639,78.18957472337021,61.44514064791361,16.744434075456603,21.810425276629783
12103116,12,10,31,16,9348,3935,7135,5413,1722,2213,100.0,42.09456568249893,76.32648694908002,57.90543431750107,18.421052631578945,23.673513050919983
12103117,12,10,31,17,10567,5169,7446,5398,2048,3121,100.0,48.916437967256556,70.46465411185767,51.083562032743444,19.38109207911422,29.535345888142327
12103218,12,10,32,18,13314,5177,10574,8137,2437,2740,100.0,38.883881628361124,79.42015923088478,61.11611837163887,18.30404085924591,20.57984076911522
12103219,12,10,32,19,8659,3382,6857,5277,1580,1802,100.0,39.057627901605265,79.18928282711629,60.942372098394735,18.24691072872156,20.810717172883706
12103220,12,10,32,20,4571,1134,4028,3437,591,543,100.0,24.808575803981622,88.12076132137388,75.19142419601837,12.929337125355502,11.879238678626121
12214125,12,21,41,25,7262,1846,6318,5416,902,944,100.0,25.419994491875514,87.00082621867254,74.58000550812449,12.420820710548059,12.999173781327459
12214126,12,21,41,26,7674,2466,6564,5208,1356,1110,100.0,32.13448006254887,85.53557466770914,67.86551993745114,17.670054730258013,14.464425332290853
12214421,12,21,44,21,2600,851,2136,1749,387,464,100.0,32.730769230769226,82.15384615384616,67.26923076923077,14.884615384615385,17.846153846153847
12214422,12,21,44,22,7876,4278,5557,3598,1959,2319,100.0,54.31691213814119,70.55611985779584,45.68308786185881,24.873031995937023,29.443880142204165
12214423,12,21,44,23,5547,1967,4625,3580,1045,922,100.0,35.460609338381104,83.37840274021994,64.5393906616189,18.839012078601044,16.62159725978006
12214424,12,21,44,24,10704,5051,7590,5653,1937,3114,100.0,47.187967115097166,70.90807174887892,52.812032884902834,18.096038863976084,29.091928251121075
12214527,12,21,45,27,10610,1942,9551,8668,883,1059,100.0,18.30348727615457,90.01885014137606,81.69651272384543,8.322337417530631,9.98114985862394
12214528,12,21,45,28,285,88,237,197,40,48,100.0,30.87719298245614,83.15789473684211,69.12280701754386,14.035087719298245,16.842105263157894
12224229,12,22,42,29,5999,726,5703,5273,430,296,100.0,12.102017002833804,95.06584430738457,87.8979829971662,7.1678613102183695,4.934155692615436
12224230,12,22,42,30,18123,2145,17183,15978,1205,940,100.0,11.8357887766926,94.81322076918832,88.1642112233074,6.649009545880926,5.186779230811676
12231101,12,23,11,01,16440,1858,15559,14582,977,881,100.0,11.301703163017033,94.6411192214112,88.69829683698298,5.942822384428224,5.358880778588808
12231102,12,23,11,02,16782,1830,16074,14952,1122,708,100.0,10.904540579191991,95.7811941365749,89.09545942080801,6.685734715766893,4.218805863425098
12301203,12,30,12,03,15201,4368,12345,10833,1512,2856,100.0,28.7349516479179,81.21176238405367,71.26504835208209,9.946714031971581,18.78823761594632
12301204,12,30,12,04,6678,1760,5574,4918,656,1104,100.0,26.35519616651692,83.46810422282121,73.64480383348308,9.823300389338126,16.531895777178796
12301205,12,30,12,05,4887,799,4538,4088,450,349,100.0,16.349498669940658,92.8586044608144,83.65050133005934,9.208103130755065,7.141395539185594
12301206,12,30,12,06,5088,733,4842,4355,487,246,100.0,14.406446540880502,95.16509433962264,85.5935534591195,9.571540880503145,4.834905660377359
12302107,12,30,21,07,3031,1109,2571,1922,649,460,100.0,36.58858462553612,84.82349059716266,63.41141537446388,21.41207522269878,15.176509402837349
12302108,12,30,21,08,14302,5709,11556,8593,2963,2746,100.0,39.917494056775276,80.79988812753462,60.08250594322473,20.717382184309887,19.20011187246539
12302109,12,30,21,09,11523,5593,8705,5930,2775,2818,100.0,48.53770719430704,75.5445630478174,51.46229280569297,24.082270242124444,24.45543695218259
12302110,12,30,21,10,10405,5381,7719,5024,2695,2686,100.0,51.715521383950026,74.18548774627583,48.284478616049974,25.901009130225855,25.81451225372417
12302211,12,30,22,11,3260,788,2934,2472,462,326,100.0,24.171779141104295,90.0,75.8282208588957,14.171779141104293,10.0
12302212,12,30,22,12,5781,2280,4506,3501,1005,1275,100.0,39.439543331603524,77.94499221587961,60.56045666839647,17.384535547483136,22.055007784120395
12304313,12,30,43,13,6592,1279,5854,5313,541,738,100.0,19.40230582524272,88.80461165048543,80.59769417475728,8.206917475728154,11.195388349514564
12304314,12,30,43,14,9643,1160,9120,8483,637,523,100.0,12.029451415534584,94.57637664627191,87.97054858446542,6.605828061806491,5.423623353728093
