id,district_id,forecast_area_id,district_region_id,planning_area_id,inhabitants,inhabitants_with_migration_background,inhabitants_germans,inhabitants_germans_without_migration_background,inhabitants_germans_with_migration_background,inhabitants_foreigners,inhabitants_percentage,inhabitants_with_migration_background_percentage,inhabitants_germans_percentage,inhabitants_germans_without_migration_background_percentage,inhabitants_germans_with_migration_background_percentage,inhabitants_foreigners_percentage
01011101,01,01,11,01,3090,1698,1929,1392,537,1161,100.0,54.95145631067962,62.42718446601941,45.04854368932038,17.37864077669903,37.57281553398058
01011102,01,01,11,02,202,75,139,127,12,63,100.0,37.12871287128713,68.8118811881188,62.87128712871287,5.9405940594059405,31.18811881188119
01011103,01,01,11,03,5489,3180,3386,2309,1077,2103,100.0,57.93404991801785,61.68701038440517,42.065950081982145,19.621060302423025,38.31298961559483
01011104,01,01,11,04,4560,2908,2871,1652,1219,1689,100.0,63.771929824561404,62.96052631578948,36.228070175438596,26.73245614035088,37.03947368421053
01011105,01,01,11,05,1110,622,657,488,169,453,100.0,56.03603603603604,59.189189189189186,43.96396396396396,15.225225225225225,40.81081081081081
01011201,01,01,12,01,2026,1000,1378,1026,352,648,100.0,49.3583415597236,68.01579466929911,50.6416584402764,17.374136229022703,31.98420533070089
01011202,01,01,12,02,549,245,366,304,62,183,100.0,44.626593806921676,66.66666666666666,55.373406193078324,11.293260473588344,33.33333333333333
01011203,01,01,12,03,962,481,607,481,126,355,100.0,50.0,63.09771309771309,50.0,13.097713097713099,36.9022869022869
01011204,01,01,12,04,6765,2776,4939,3989,950,1826,100.0,41.03473762010347,73.00813008130082,58.96526237989652,14.042867701404289,26.991869918699184
01011301,01,01,13,01,6173,2314,4511,3859,652,1662,100.0,37.48582536854042,73.07630001619958,62.51417463145958,10.562125384739996,26.923699983800418
01011302,01,01,13,02,12281,4439,9234,7842,1392,3047,100.0,36.14526504356323,75.18931683087696,63.85473495643678,11.334581874440191,24.810683169123035
01011303,01,01,13,03,8886,3518,6352,5368,984,2534,100.0,39.590366869232504,71.48323205041639,60.4096331307675,11.073598919648886,28.516767949583617
01011304,01,01,13,04,8479,2771,6768,5708,1060,1711,100.0,32.68074065337893,79.82073357707277,67.31925934662107,12.501474230451704,20.17926642292723
01011305,01,01,13,05,7281,2304,5805,4977,828,1476,100.0,31.64400494437577,79.72805933250928,68.35599505562423,11.372064276885045,20.27194066749073
01011306,01,01,13,06,8861,3145,6838,5716,1122,2023,100.0,35.49260805778129,77.1696196817515,64.5073919422187,12.662227739532783,22.830380318248505
01011401,01,01,14,01,15751,5833,11567,9918,1649,4184,100.0,37.03256936067551,73.43660719954289,62.96743063932448,10.469176560218399,26.563392800457112
01011402,01,01,14,02,13014,4479,9897,8535,1362,3117,100.0,34.41678192715537,76.04887044721069,65.58321807284463,10.465652374366067,23.951129552789304
01022101,01,02,21,01,3451,1750,2247,1701,546,1204,100.0,50.709939148073026,65.11156186612575,49.290060851926974,15.821501014198782,34.88843813387424
01022102,01,02,21,02,6336,3655,3816,2681,1135,2520,100.0,57.68623737373737,60.22727272727273,42.31376262626262,17.913510101010104,39.77272727272727
01022103,01,02,21,03,251,165,133,86,47,118,100.0,65.73705179282868,52.98804780876494,34.26294820717131,18.725099601593627,47.01195219123506
01022104,01,02,21,04,18040,8443,12701,9597,3104,5339,100.0,46.80155210643016,70.40465631929047,53.19844789356984,17.20620842572062,29.595343680709536
01022105,01,02,21,05,5272,2967,3443,2305,1138,1829,100.0,56.278452200303484,65.3072837632777,43.72154779969651,21.585735963581186,34.692716236722305
01022106,01,02,21,06,11547,3872,9259,7675,1584,2288,100.0,33.53251926907422,80.18532952281979,66.46748073092577,13.717848791894,19.814670477180222
01022201,01,02,22,01,10783,5097,7673,5686,1987,3110,100.0,47.26884911434666,71.15830473894093,52.73115088565334,18.42715385328758,28.841695261059076
01022202,01,02,22,02,1478,976,988,502,486,490,100.0,66.03518267929634,66.84709066305818,33.96481732070365,32.88227334235454,33.15290933694182
01022203,01,02,22,03,6886,3925,4664,2961,1703,2222,100.0,56.9997095556201,67.73162939297124,43.0002904443799,24.731338948591343,32.26837060702875
01022204,01,02,22,04,5877,2225,4470,3652,818,1407,100.0,37.85945210141228,76.05921388463501,62.14054789858772,13.918665986047305,23.940786115364983
01022205,01,02,22,05,3236,1837,2284,1399,885,952,100.0,56.76761433868974,70.58096415327564,43.23238566131026,27.34857849196539,29.419035846724352
01022206,01,02,22,06,3030,1150,2415,1880,535,615,100.0,37.95379537953795,79.70297029702971,62.04620462046204,17.656765676567655,20.2970297029703
01022207,01,02,22,07,5671,2420,3978,3251,727,1693,100.0,42.67324986774819,70.14635866690178,57.3267501322518,12.819608534649973,29.853641333098217
01033101,01,03,31,01,26582,15905,16148,10677,5471,10434,100.0,59.83372206756452,60.7478745015424,40.166277932435484,20.581596569106914,39.2521254984576
01033102,01,03,31,02,11672,6902,7366,4770,2596,4306,100.0,59.1329677861549,63.10829335161069,40.8670322138451,22.24126113776559,36.8917066483893
01033201,01,03,32,01,12988,8438,9067,4550,4517,3921,100.0,64.96766245765322,69.810594394826,35.03233754234678,34.77825685247921,30.18940560517401
01033202,01,03,32,02,9780,5270,7199,4510,2689,2581,100.0,53.88548057259713,73.60940695296524,46.11451942740286,27.494887525562373,26.390593047034766
01033203,01,03,32,03,14165,8768,8797,5397,3400,5368,100.0,61.89904694669961,62.10377691493116,38.10095305330039,24.00282386163078,37.89622308506883
01044101,01,04,41,01,20282,9103,14492,11179,3313,5790,100.0,44.88216152253229,71.4525194753969,55.11783847746771,16.334680997929198,28.547480524603095
01044102,01,04,41,02,15958,5811,12485,10147,2338,3473,100.0,36.41433763629527,78.23662113046748,63.58566236370472,14.650958766762754,21.763378869532524
01044103,01,04,41,03,8131,3980,5499,4151,1348,2632,100.0,48.948468823023,67.63005780346822,51.05153117697701,16.578526626491204,32.369942196531795
01044201,01,04,42,01,23529,15665,13439,7864,5575,10090,100.0,66.57741510476434,57.11674954311701,33.422584895235666,23.694164647881337,42.88325045688299
01044202,01,04,42,02,16699,9421,10137,7278,2859,6562,100.0,56.416551889334684,60.704233786454274,43.58344811066531,17.12078567578897,39.29576621354572
01044203,01,04,42,03,16113,9070,10082,7043,3039,6031,100.0,56.28995221249923,62.57059517160057,43.71004778750078,18.860547384099796,37.42940482839943
02010101,02,01,01,01,6133,4253,3698,1880,1818,2435,100.0,69.34616011739769,60.29675525843796,30.653839882602313,29.642915375835642,39.703244741562045
02010102,02,01,01,02,13405,8888,9168,4517,4651,4237,100.0,66.3036180529653,68.39239089891831,33.69638194703469,34.69600895188363,31.607609101081685
02010103,02,01,01,03,15524,10563,10144,4961,5183,5380,100.0,68.04303014686937,65.3439835094048,31.956969853130634,33.387013656274156,34.656016490595206
02010104,02,01,01,04,5066,3231,3435,1835,1600,1631,100.0,63.77812870114489,67.80497433872878,36.22187129885511,31.583103039873667,32.195025661271224
02020201,02,02,02,01,643,286,473,357,116,170,100.0,44.47900466562986,73.56143079315707,55.52099533437014,18.040435458786934,26.43856920684292
02020202,02,02,02,02,5832,2361,4284,3471,813,1548,100.0,40.483539094650205,73.4567901234568,59.5164609053498,13.940329218106996,26.543209876543212
02020203,02,02,02,03,10696,3929,8309,6767,1542,2387,100.0,36.73335826477187,77.68324607329843,63.26664173522813,14.416604338070307,22.316753926701573
02020204,02,02,02,04,12215,4954,9072,7261,1811,3143,100.0,40.55669259107654,74.26934097421204,59.44330740892345,14.82603356528858,25.730659025787965
02020205,02,02,02,05,14982,5870,11344,9112,2232,3638,100.0,39.18034975303698,75.71752769990655,60.81965024696302,14.897877452943531,24.282472300093445
02020206,02,02,02,06,19172,8517,13937,10655,3282,5235,100.0,44.42416023367411,72.69455455873148,55.5758397663259,17.118714792405594,27.305445441268517
02030301,02,03,03,01,9186,5732,5634,3454,2180,3552,100.0,62.39930328761159,61.33246244284781,37.60069671238841,23.731765730459394,38.66753755715219
02030302,02,03,03,02,13205,6981,8895,6224,2671,4310,100.0,52.866338508140856,67.3608481635744,47.133661491859144,20.22718667171526,32.6391518364256
02030401,02,03,04,01,15076,7030,10509,8046,2463,4567,100.0,46.630405943221014,69.70681878482357,53.36959405677899,16.337224728044575,30.29318121517644
02030402,02,03,04,02,11229,5498,7575,5731,1844,3654,100.0,48.96250779232345,67.45925728025648,51.03749220767655,16.421765072579927,32.54074271974352
02040501,02,04,05,01,5455,1223,4730,4232,498,725,100.0,22.419798350137487,86.70944087992667,77.58020164986252,9.129239230064162,13.290559120073327
02040502,02,04,05,02,7146,1669,6110,5477,633,1036,100.0,23.35572348166807,85.50237895326056,76.64427651833194,8.858102434928632,14.497621046739434
02040503,02,04,05,03,10815,2353,9237,8462,775,1578,100.0,21.75681923254739,85.40915395284327,78.24318076745261,7.165973185390662,14.590846047156727
02040701,02,04,07,01,12260,4015,9630,8245,1385,2630,100.0,32.74877650897226,78.54812398042415,67.25122349102773,11.29690048939641,21.451876019575856
02040702,02,04,07,02,10686,2296,9173,8390,783,1513,100.0,21.486056522552875,85.84128766610519,78.51394347744713,7.327344188658056,14.158712333894815
02040703,02,04,07,03,1077,708,461,369,92,616,100.0,65.73816155988858,42.804085422469825,34.26183844011142,8.542246982358403,57.195914577530175
02050601,02,05,06,01,8817,2263,7192,6554,638,1625,100.0,25.66632641488035,81.56969490756492,74.33367358511966,7.236021322445277,18.430305092435066
02050602,02,05,06,02,20396,5121,16875,15275,1600,3521,100.0,25.107864287115124,82.7368111394391,74.89213571288488,7.844675426554226,17.263188860560895
02050801,02,05,08,01,18946,5323,15157,13623,1534,3789,100.0,28.095640240684048,80.00105563179562,71.90435975931595,8.09669587247968,19.99894436820437
02050802,02,05,08,02,19985,5231,16163,14754,1409,3822,100.0,26.174630973229924,80.87565674255693,73.82536902677008,7.05028771578684,19.124343257443083
02050803,02,05,08,03,6716,1693,5525,5023,502,1191,100.0,25.208457415128056,82.26622989874926,74.79154258487195,7.4746873138773084,17.733770101250744
02050804,02,05,08,04,3730,748,3297,2982,315,433,100.0,20.05361930294906,88.39142091152816,79.94638069705093,8.445040214477212,11.608579088471851
03010101,03,01,01,01,3687,384,3428,3303,125,259,100.0,10.414971521562245,92.97531868727962,89.58502847843775,3.390290208841877,7.024681312720368
03010102,03,01,01,02,11707,1562,10559,10145,414,1148,100.0,13.342444691210387,90.19390108482105,86.65755530878961,3.536345776031434,9.806098915178953
03010104,03,01,01,04,208,43,183,165,18,25,100.0,20.673076923076923,87.98076923076923,79.32692307692307,8.653846153846153,12.01923076923077
03020203,03,02,02,03,2094,97,2063,1997,66,31,100.0,4.632282712511939,98.51957975167144,95.36771728748806,3.151862464183381,1.4804202483285578
03020209,03,02,02,09,14386,1849,13308,12537,771,1078,100.0,12.85277352982066,92.50660364243014,87.14722647017933,5.3593771722508,7.493396357569859
03020210,03,02,02,10,10628,1039,10078,9589,489,550,100.0,9.776063229205871,94.82499059089199,90.22393677079414,4.601053820097855,5.175009409108017
03020307,03,02,03,07,17517,1799,16901,15718,1183,616,100.0,10.270023405834332,96.48341611006451,89.72997659416568,6.753439515898842,3.5165838899354913
03030405,03,03,04,05,10654,941,10279,9713,566,375,100.0,8.832363431574995,96.48019523183781,91.16763656842501,5.312558663412803,3.5198047681621927
03030406,03,03,04,06,8136,488,7939,7648,291,197,100.0,5.99803343166175,97.57866273352998,94.00196656833825,3.5766961651917404,2.42133726647001
03030711,03,03,07,11,6781,321,6660,6460,200,121,100.0,4.733815071523375,98.21560241852234,95.26618492847663,2.949417490045716,1.784397581477658
03030715,03,03,07,15,6789,592,6486,6197,289,303,100.0,8.71998821623214,95.53689792311091,91.28001178376786,4.256886139343055,4.4631020768890854
03030716,03,03,07,16,1145,27,1133,1118,15,12,100.0,2.3580786026200875,98.95196506550218,97.64192139737992,1.3100436681222707,1.0480349344978166
03040508,03,04,05,08,4592,855,4353,3737,616,239,100.0,18.619337979094077,94.79529616724739,81.38066202090593,13.414634146341465,5.204703832752614
03040512,03,04,05,12,9620,1118,9155,8502,653,465,100.0,11.621621621621623,95.16632016632016,88.37837837837837,6.787941787941788,4.833679833679834
03040513,03,04,05,13,3390,409,3201,2981,220,189,100.0,12.064896755162243,94.42477876106194,87.93510324483775,6.489675516224189,5.575221238938053
03040614,03,04,06,14,35043,3964,32873,31079,1794,2170,100.0,11.311816910652626,93.80760779613617,88.68818308934738,5.119424706788802,6.192392203863824
03040818,03,04,08,18,33827,4333,30974,29494,1480,2853,100.0,12.809294350666628,91.56590888934875,87.19070564933338,4.375203240015373,8.434091110651256
03050919,03,05,09,19,5565,968,4734,4597,137,831,100.0,17.39442946990117,85.06738544474393,82.60557053009883,2.4618149146451036,14.932614555256066
03050920,03,05,09,20,7283,873,6768,6410,358,515,100.0,11.986818618701085,92.92873815735274,88.0131813812989,4.915556776053824,7.071261842647261
03050923,03,05,09,23,8909,1402,8004,7507,497,905,100.0,15.736895274441576,89.84173307890897,84.26310472555842,5.5786283533505445,10.158266921091032
03050924,03,05,09,24,5701,1061,4947,4640,307,754,100.0,18.610770040343798,86.77425013155586,81.38922995965619,5.385020171899667,13.225749868444133
03050925,03,05,09,25,9039,1243,8259,7796,463,780,100.0,13.7515211859719,91.3707268503153,86.24847881402809,5.1222480362872,8.6292731496847
03051017,03,05,10,17,4175,714,3669,3461,208,506,100.0,17.101796407185628,87.88023952095809,82.89820359281437,4.982035928143713,12.119760479041917
03051021,03,05,10,21,6518,596,6099,5922,177,419,100.0,9.143909174593434,93.57164774470696,90.85609082540657,2.7155569193003988,6.428352255293035
03051022,03,05,10,22,4509,253,4381,4256,125,128,100.0,5.6110002217786645,97.1612330893768,94.38899977822133,2.772233311155467,2.838766910623198
03061126,03,06,11,26,14985,3487,12604,11498,1106,2381,100.0,23.269936603269937,84.11077744411077,76.73006339673006,7.380714047380714,15.889222555889223
03061131,03,06,11,31,10171,2915,8142,7256,886,2029,100.0,28.659915445875527,80.05112574968047,71.34008455412447,8.711041195555993,19.948874250319538
03061227,03,06,12,27,14452,3177,12317,11275,1042,2135,100.0,21.983116523664545,85.22695820647661,78.01688347633545,7.210074730141157,14.773041793523387
03061228,03,06,12,28,12451,2300,10896,10151,745,1555,100.0,18.47241185446952,87.5110432896956,81.52758814553049,5.983455144165127,12.488956710304393
03061332,03,06,13,32,22264,6102,18243,16162,2081,4021,100.0,27.407473948975923,81.9394538268056,72.59252605102408,9.34692777578153,18.060546173194396
03061429,03,06,14,29,10024,1114,9367,8910,457,657,100.0,11.113328012769355,93.44573024740622,88.88667198723064,4.559058260175579,6.5542697525937745
03061430,03,06,14,30,3371,856,2685,2515,170,686,100.0,25.393058439632156,79.64995550281816,74.60694156036784,5.043013942450311,20.350044497181845
03061434,03,06,14,34,6133,1244,5297,4889,408,836,100.0,20.283711071253872,86.36882439263005,79.71628892874612,6.652535463883908,13.631175607369967
03061435,03,06,14,35,3891,883,3291,3008,283,600,100.0,22.693395014135184,84.57979953739398,77.30660498586481,7.27319455152917,15.420200462606015
03061441,03,06,14,41,2464,559,2188,1905,283,276,100.0,22.68668831168831,88.7987012987013,77.31331168831169,11.48538961038961,11.2012987012987
03071536,03,07,15,36,10642,3455,8320,7187,1133,2322,100.0,32.465701935726365,78.18079308400677,67.53429806427363,10.646495019733134,21.819206915993234
03071537,03,07,15,37,14998,4596,11750,10402,1348,3248,100.0,30.64408587811708,78.34377917055608,69.35591412188292,8.987865048673155,21.656220829443924
03071633,03,07,16,33,2846,554,2526,2292,234,320,100.0,19.465917076598735,88.756148981026,80.53408292340126,8.222066057624737,11.243851018973999
03071638,03,07,16,38,17062,4776,13847,12286,1561,3215,100.0,27.992029070448947,81.15695698042433,72.00797092955105,9.148986050873285,18.843043019575664
03071639,03,07,16,39,12319,2904,10449,9415,1034,1870,100.0,23.573341992044806,84.82019644451661,76.4266580079552,8.39353843656141,15.179803555483401
04010101,04,01,01,01,10604,4568,8011,6036,1975,2593,100.0,43.07808374198416,75.54696341003395,56.92191625801585,18.625047152018105,24.45303658996605
04010102,04,01,01,02,811,288,558,523,35,253,100.0,35.511713933415535,68.8039457459926,64.48828606658446,4.315659679408138,31.1960542540074
04010103,04,01,01,03,7707,3769,5903,3938,1965,1804,100.0,48.903594135201764,76.59270792785779,51.096405864798236,25.496302063059556,23.40729207214221
04020204,04,02,02,04,183,66,142,117,25,41,100.0,36.0655737704918,77.59562841530054,63.934426229508205,13.661202185792352,22.404371584699454
04020205,04,02,02,05,1282,296,1099,986,113,183,100.0,23.08892355694228,85.72542901716068,76.91107644305772,8.814352574102964,14.274570982839313
04020206,04,02,02,06,2583,517,2288,2066,222,295,100.0,20.015485869144406,88.57917150600078,79.9845141308556,8.59465737514518,11.420828493999226
04020207,04,02,02,07,2584,703,2190,1881,309,394,100.0,27.205882352941174,84.75232198142415,72.79411764705883,11.958204334365325,15.247678018575852
04020208,04,02,02,08,2846,680,2489,2166,323,357,100.0,23.893183415319747,87.45607870695713,76.10681658468025,11.34926212227688,12.543921293042867
04020209,04,02,02,09,3147,1154,2260,1993,267,887,100.0,36.66984429615507,71.81442643787734,63.33015570384494,8.484270734032412,28.185573562122656
04020310,04,02,03,10,623,302,359,321,38,264,100.0,48.47512038523274,57.62439807383628,51.52487961476726,6.099518459069021,42.375601926163725
04020311,04,02,03,11,14269,3894,12046,10375,1671,2223,100.0,27.289929217184106,84.4207723035952,72.71007078281589,11.710701520779313,15.579227696404793
04020312,04,02,03,12,5273,1468,4372,3805,567,901,100.0,27.839939313483786,82.91295277830457,72.16006068651622,10.752892091788356,17.08704722169543
04020313,04,02,03,13,7443,2844,5561,4599,962,1882,100.0,38.21039903264813,74.71449684267097,61.78960096735187,12.924895875319093,25.285503157329035
04020314,04,02,03,14,15,15,0,0,0,15,100.0,100.0,0.0,0.0,0.0,100.0
04030415,04,03,04,15,2762,1369,1743,1393,350,1019,100.0,49.56553222302679,63.10644460535843,50.434467776973214,12.671976828385228,36.89355539464157
04030416,04,03,04,16,10489,4844,7732,5645,2087,2757,100.0,46.1817141767566,73.71532081227953,53.81828582324339,19.897034989036133,26.284679187720467
04030417,04,03,04,17,10835,3950,8441,6885,1556,2394,100.0,36.45592985694508,77.90493770189202,63.54407014305491,14.360867558837102,22.095062298107983
04030518,04,03,05,18,9428,3938,7057,5490,1567,2371,100.0,41.7691981332202,74.85150615188799,58.2308018667798,16.620704285108186,25.148493848112007
04030519,04,03,05,19,5680,2386,4295,3294,1001,1385,100.0,42.00704225352113,75.61619718309859,57.992957746478865,17.623239436619716,24.383802816901408
04030620,04,03,06,20,8450,3581,6355,4869,1486,2095,100.0,42.378698224852066,75.20710059171599,57.62130177514793,17.585798816568047,24.792899408284025
04030621,04,03,06,21,2956,1536,2031,1420,611,925,100.0,51.96211096075778,68.70771312584574,48.03788903924222,20.66982408660352,31.292286874154264
04030622,04,03,06,22,10268,4583,7575,5685,1890,2693,100.0,44.63381379041682,73.77288663809894,55.36618620958317,18.406700428515776,26.22711336190105
04030623,04,03,06,23,4616,2488,3164,2128,1036,1452,100.0,53.89948006932409,68.54419410745234,46.10051993067591,22.44367417677643,31.455805892547662
04030724,04,03,07,24,6354,2117,5094,4237,857,1260,100.0,33.31759521561221,80.16997167138811,66.68240478438778,13.487566887000316,19.8300283286119
04030725,04,03,07,25,11929,4562,8936,7367,1569,2993,100.0,38.242937379495345,74.90988347724034,61.757062620504655,13.152820856735687,25.090116522759658
04030726,04,03,07,26,5429,2214,4059,3215,844,1370,100.0,40.78099097439676,74.76515011972738,59.21900902560324,15.546141094124147,25.23484988027261
04030827,04,03,08,27,12074,6155,8055,5919,2136,4019,100.0,50.977306609243,66.7135994699354,49.022693390757,17.6909060791784,33.286400530064604
04030828,04,03,08,28,9333,3901,6835,5432,1403,2498,100.0,41.797921354334086,73.234758384228,58.202078645665914,15.032679738562091,26.76524161577199
04030929,04,03,09,29,5768,2319,4309,3449,860,1459,100.0,40.204576976421635,74.70527045769764,59.795423023578365,14.909847434119278,25.294729542302356
04030930,04,03,09,30,5563,2351,4026,3212,814,1537,100.0,42.26136976451555,72.37102282940859,57.73863023548446,14.632392593924143,27.628977170591405
04030931,04,03,09,31,3651,1995,2273,1656,617,1378,100.0,54.64256368118324,62.256915913448374,45.35743631881676,16.899479594631607,37.74308408655163
04031032,04,03,10,32,14670,5537,11429,9133,2296,3241,100.0,37.74369461486026,77.90729379686435,62.25630538513974,15.650988411724608,22.092706203135652
04041133,04,04,11,33,33,6,33,27,6,0,100.0,18.181818181818183,100.0,81.81818181818183,18.181818181818183,0.0
04041134,04,04,11,34,5073,1834,4023,3239,784,1050,100.0,36.15217819830475,79.30218805440568,63.84782180169525,15.454366252710427,20.69781194559432
04041135,04,04,11,35,2735,881,2233,1854,379,502,100.0,32.21206581352833,81.6453382084095,67.78793418647166,13.857404021937844,18.354661791590495
04041136,04,04,11,36,3003,925,2454,2078,376,549,100.0,30.802530802530804,81.71828171828172,69.1974691974692,12.520812520812521,18.28171828171828
04041137,04,04,11,37,7870,2631,6449,5239,1210,1421,100.0,33.43074968233799,81.9440914866582,66.56925031766201,15.374841168996186,18.055908513341805
04041238,04,04,12,38,5650,1635,4855,4015,840,795,100.0,28.938053097345133,85.929203539823,71.06194690265487,14.867256637168142,14.07079646017699
04041239,04,04,12,39,190,97,117,93,24,73,100.0,51.05263157894737,61.578947368421055,48.94736842105264,12.631578947368421,38.421052631578945
04041240,04,04,12,40,1522,400,1296,1122,174,226,100.0,26.28120893561104,85.15111695137976,73.71879106438897,11.432325886990801,14.848883048620237
04041241,04,04,12,41,7020,1636,6072,5384,688,948,100.0,23.304843304843303,86.4957264957265,76.6951566951567,9.8005698005698,13.504273504273504
04041342,04,04,13,42,4025,1183,3390,2842,548,635,100.0,29.391304347826086,84.22360248447205,70.6086956521739,13.614906832298137,15.77639751552795
04041343,04,04,13,43,3548,1001,3003,2547,456,545,100.0,28.213077790304396,84.63923337091319,71.7869222096956,12.852311161217585,15.360766629086807
04041344,04,04,13,44,10699,2673,9124,8026,1098,1575,100.0,24.983643331152443,85.27899803719974,75.01635666884756,10.262641368352183,14.721001962800262
04051445,04,05,14,45,6253,2541,4801,3712,1089,1452,100.0,40.63649448264833,76.77914600991525,59.36350551735167,17.41564049256357,23.22085399008476
04051446,04,05,14,46,10527,4256,8036,6271,1765,2491,100.0,40.4293720908141,76.33703809252398,59.5706279091859,16.76641018333808,23.662961907476014
04051447,04,05,14,47,5275,2063,3991,3212,779,1284,100.0,39.1090047393365,75.65876777251185,60.8909952606635,14.76777251184834,24.341232227488153
04051448,04,05,14,48,8997,3876,6531,5121,1410,2466,100.0,43.081027009003,72.59086362120706,56.918972990997,15.67189063021007,27.40913637879293
04051549,04,05,15,49,4781,2108,3293,2673,620,1488,100.0,44.091194310813634,68.87680401589625,55.90880568918636,12.967998326709893,31.123195984103745
04051550,04,05,15,50,5413,2025,4256,3388,868,1157,100.0,37.4099390356549,78.62553112876408,62.5900609643451,16.035470164418992,21.374468871235912
04051551,04,05,15,51,4337,1664,3381,2673,708,956,100.0,38.36753516255476,77.95711321189762,61.632464837445234,16.324648374452387,22.042886788102376
04051652,04,05,16,52,9655,3474,7458,6181,1277,2197,100.0,35.98135680994303,77.2449508026929,64.01864319005696,13.22630761263594,22.755049197307095
04051653,04,05,16,53,6629,2545,5115,4084,1031,1514,100.0,38.39191431588475,77.16095942072711,61.60808568411525,15.552873736611858,22.839040579272893
04051654,04,05,16,54,3016,1007,2397,2009,388,619,100.0,33.38859416445623,79.4761273209549,66.61140583554376,12.86472148541114,20.523872679045095
04051655,04,05,16,55,6989,2805,5294,4184,1110,1695,100.0,40.134497066819286,75.74760337673487,59.865502933180714,15.882100443554156,24.25239662326513
04051656,04,05,16,56,7535,2220,6244,5315,929,1291,100.0,29.462508294625085,82.86662242866623,70.53749170537492,12.329130723291307,17.133377571333774
04061757,04,06,17,57,68,6,65,62,3,3,100.0,8.823529411764707,95.58823529411765,91.17647058823529,4.411764705882353,4.411764705882353
05010101,05,01,01,01,10550,2821,8996,7729,1267,1554,100.0,26.739336492891,85.2701421800948,73.260663507109,12.009478672985782,14.729857819905213
05010102,05,01,01,02,5789,1091,5178,4698,480,611,100.0,18.846087407151494,89.4455000863707,81.15391259284851,8.291587493522197,10.554499913629297
05010103,05,01,01,03,7393,1068,6951,6325,626,442,100.0,14.4460976599486,94.02137156769918,85.55390234005141,8.467469227647776,5.978628432300825
05010204,05,01,02,04,3180,1147,2662,2033,629,518,100.0,36.069182389937104,83.71069182389938,63.930817610062896,19.77987421383648,16.28930817610063
05010205,05,01,02,05,1902,474,1729,1428,301,173,100.0,24.9211356466877,90.90431125131441,75.0788643533123,15.825446898002102,9.095688748685594
05010206,05,01,02,06,10113,3143,8811,6970,1841,1302,100.0,31.078809453179073,87.12548205280332,68.92119054682092,18.204291505982397,12.87451794719668
05010207,05,01,02,07,11300,5231,9242,6069,3173,2058,100.0,46.292035398230084,81.78761061946904,53.70796460176991,28.079646017699115,18.212389380530976
05010208,05,01,02,08,7482,2168,6279,5314,965,1203,100.0,28.976209569633788,83.9214113873296,71.0237904303662,12.89762095696338,16.07858861267041
05010209,05,01,02,09,6063,1625,5384,4438,946,679,100.0,26.801913244268516,88.80092363516411,73.19808675573148,15.602836879432624,11.19907636483589
05010310,05,01,03,10,3833,1140,3190,2693,497,643,100.0,29.741716671014874,83.2246282285416,70.25828332898513,12.966344899556484,16.77537177145839
05010311,05,01,03,11,5566,2810,4100,2756,1344,1466,100.0,50.48508803449515,73.6615163492634,49.51491196550485,24.146604383758532,26.338483650736617
05010312,05,01,03,12,7016,3488,4679,3528,1151,2337,100.0,49.71493728620297,66.69042189281642,50.28506271379703,16.405359179019385,33.30957810718358
05010313,05,01,03,13,6584,2444,5156,4140,1016,1428,100.0,37.120291616038884,78.31105710814094,62.879708383961116,15.43134872417983,21.688942891859053
05010314,05,01,03,14,11891,4039,9697,7852,1845,2194,100.0,33.96686569674544,81.54907072575898,66.03313430325456,15.515936422504414,18.450929274241023
05010339,05,01,03,39,807,475,384,332,52,423,100.0,58.85997521685255,47.58364312267658,41.14002478314746,6.443618339529119,52.41635687732342
05020415,05,02,04,15,3926,713,3723,3213,510,203,100.0,18.16097809475293,94.82934284258788,81.83902190524707,12.990320937340805,5.1706571574121245
05020416,05,02,04,16,1733,86,1706,1647,59,27,100.0,4.962492787074437,98.44200807847663,95.03750721292556,3.4045008655510673,1.5579919215233697
05020417,05,02,04,17,5787,1487,5114,4300,814,673,100.0,25.695524451356487,88.37048557110766,74.30447554864351,14.066010022464143,11.629514428892344
05020418,05,02,04,18,4032,725,3711,3307,404,321,100.0,17.981150793650794,92.03869047619048,82.01884920634922,10.01984126984127,7.961309523809524
05020419,05,02,04,19,6940,1609,6166,5331,835,774,100.0,23.18443804034582,88.84726224783861,76.81556195965418,12.031700288184439,11.152737752161384
05020420,05,02,04,20,914,135,869,779,90,45,100.0,14.770240700218817,95.07658643326039,85.22975929978118,9.846827133479213,4.923413566739606
05020521,05,02,05,21,3053,730,2814,2323,491,239,100.0,23.910907304290863,92.17163445791026,76.08909269570914,16.082541762201114,7.828365542089748
05020522,05,02,05,22,7236,2905,5529,4331,1198,1707,100.0,40.14648977335544,76.40961857379767,59.85351022664456,16.556108347153124,23.590381426202324
05020523,05,02,05,23,11548,5744,9231,5804,3427,2317,100.0,49.74021475580187,79.93591963976446,50.25978524419813,29.676134395566333,20.06408036023554
05020524,05,02,05,24,6139,969,5741,5170,571,398,100.0,15.784329695390129,93.51685942335885,84.21567030460987,9.301189118748981,6.483140576641147
05020625,05,02,06,25,7406,2187,6270,5219,1051,1136,100.0,29.530110721036994,84.66108560626519,70.46988927896301,14.191196327302189,15.33891439373481
05020626,05,02,06,26,18333,5754,14812,12579,2233,3521,100.0,31.38602520045819,80.79419625811379,68.61397479954181,12.180221458571975,19.205803741886214
05020627,05,02,06,27,3979,1366,3294,2613,681,685,100.0,34.3302337270671,82.78461925106811,65.66976627293289,17.114852978135207,17.215380748931892
05020628,05,02,06,28,2002,405,1821,1597,224,181,100.0,20.22977022977023,90.95904095904096,79.77022977022978,11.188811188811188,9.040959040959041
05020629,05,02,06,29,4406,594,4117,3812,305,289,100.0,13.481615978211531,93.44076259645936,86.51838402178848,6.922378574670904,6.559237403540627
05030730,05,03,07,30,3863,2003,3246,1860,1386,617,100.0,51.85089308827337,84.02795754594874,48.14910691172663,35.87885063422211,15.972042454051255
05030731,05,03,07,31,11575,4511,9566,7064,2502,2009,100.0,38.9719222462203,82.64362850971922,61.0280777537797,21.615550755939523,17.35637149028078
05030832,05,03,08,32,11392,4624,8829,6768,2061,2563,100.0,40.58988764044944,77.50175561797754,59.41011235955056,18.091643258426966,22.498244382022474
05030833,05,03,08,33,1316,1008,395,308,87,921,100.0,76.59574468085107,30.015197568389056,23.404255319148938,6.6109422492401215,69.98480243161094
05040934,05,04,09,34,3812,1041,3090,2771,319,722,100.0,27.30849947534103,81.0598111227702,72.69150052465896,8.36831059811123,18.9401888772298
05040935,05,04,09,35,409,96,340,313,27,69,100.0,23.4718826405868,83.12958435207824,76.5281173594132,6.601466992665037,16.87041564792176
05040936,05,04,09,36,9661,1511,9138,8150,988,523,100.0,15.640202877548909,94.5864817306697,84.3597971224511,10.226684608218612,5.413518269330297
05040937,05,04,09,37,2125,272,2028,1853,175,97,100.0,12.8,95.43529411764706,87.2,8.235294117647058,4.564705882352941
05040938,05,04,09,38,3574,387,3435,3187,248,139,100.0,10.828203693340795,96.11080022383884,89.1717963066592,6.93900391717963,3.889199776161164
06010101,06,01,01,01,6791,1477,6004,5314,690,787,100.0,21.749374171697834,88.41113238109263,78.25062582830216,10.160506552790457,11.588867618907377
06010102,06,01,01,02,8644,2847,7076,5797,1279,1568,100.0,32.93614067561314,81.86024988431282,67.06385932438685,14.796390559925959,18.139750115687182
06010103,06,01,01,03,6285,1844,5354,4441,913,931,100.0,29.339697692919646,85.18695306284805,70.66030230708034,14.526650755767701,14.813046937151949
06010204,06,01,02,04,6854,2075,5854,4779,1075,1000,100.0,30.27429238400934,85.40997957397141,69.72570761599066,15.68427195798074,14.590020426028596
06010205,06,01,02,05,9480,2632,8203,6848,1355,1277,100.0,27.763713080168777,86.5295358649789,72.23628691983123,14.29324894514768,13.470464135021096
06010206,06,01,02,06,7609,1891,6609,5718,891,1000,100.0,24.85214877119201,86.85766855040085,75.147851228808,11.709817321592851,13.14233144959916
06010207,06,01,02,07,7751,2253,6597,5498,1099,1154,100.0,29.067217133273125,85.11159850341892,70.93278286672687,14.178815636692041,14.888401496581086
06010208,06,01,02,08,6484,1765,5577,4719,858,907,100.0,27.220851326341766,86.0117211597779,72.77914867365823,13.232572486119679,13.988278840222085
06010209,06,01,02,09,8987,2593,7616,6394,1222,1371,100.0,28.852787359519304,84.74463113386001,71.14721264048069,13.597418493379326,15.255368866139978
06010210,06,01,02,10,4842,1217,4221,3625,596,621,100.0,25.13424204874019,87.17472118959108,74.86575795125981,12.308963238331268,12.825278810408921
06020301,06,02,03,01,4985,996,4513,3989,524,472,100.0,19.979939819458377,90.53159478435306,80.02006018054163,10.511534603811434,9.468405215646941
06020302,06,02,03,02,5451,1099,4896,4352,544,555,100.0,20.161438268207668,89.81838194826636,79.83856173179234,9.979820216474042,10.181618051733626
06020303,06,02,03,03,7320,1946,6348,5374,974,972,100.0,26.584699453551913,86.72131147540983,73.4153005464481,13.306010928961747,13.278688524590162
06020304,06,02,03,04,6815,1653,5984,5162,822,831,100.0,24.25531914893617,87.80630961115186,75.74468085106383,12.061628760088041,12.193690388848129
06020305,06,02,03,05,11153,3377,9367,7776,1591,1786,100.0,30.27884874024926,83.98637137989779,69.72115125975074,14.265220120147045,16.013628620102217
06020306,06,02,03,06,6396,1087,5946,5309,637,450,100.0,16.994996873045654,92.96435272045028,83.00500312695435,9.959349593495935,7.0356472795497185
06020407,06,02,04,07,4815,2371,3586,2444,1142,1229,100.0,49.24195223260644,74.47559709241952,50.75804776739356,23.71754932502596,25.52440290758048
06020408,06,02,04,08,6710,1551,5877,5159,718,833,100.0,23.114754098360656,87.58569299552906,76.88524590163934,10.700447093889718,12.414307004470938
06020409,06,02,04,09,8092,1787,7128,6305,823,964,100.0,22.083539298072168,88.08699950568463,77.91646070192783,10.170538803756797,11.913000494315373
06020410,06,02,04,10,7027,1173,6347,5854,493,680,100.0,16.692756510601964,90.32303970399886,83.30724348939803,7.015796214600825,9.67696029600114
06020411,06,02,04,11,8348,1678,7660,6670,990,688,100.0,20.100622903689505,91.75850503114519,79.8993770963105,11.859127934834692,8.241494968854814
06030501,06,03,05,01,5822,1230,5043,4592,451,779,100.0,21.12676056338028,86.61971830985915,78.87323943661971,7.746478873239436,13.380281690140844
06030502,06,03,05,02,5417,1041,4960,4376,584,457,100.0,19.21727893668082,91.56359608639468,80.78272106331919,10.780875023075504,8.436403913605318
06030503,06,03,05,03,11335,2754,9942,8581,1361,1393,100.0,24.296426996029997,87.71063078958976,75.70357300397,12.007057785619763,12.289369210410234
06030504,06,03,05,04,10970,2095,9912,8875,1037,1058,100.0,19.0975387420237,90.35551504102096,80.9024612579763,9.453053783044666,9.644484958979033
06030605,06,03,06,05,6898,1706,5943,5192,751,955,100.0,24.731806320672657,86.15540736445347,75.26819367932734,10.887213685126124,13.844592635546535
06030606,06,03,06,06,5219,1563,4336,3656,680,883,100.0,29.94826595133167,83.08105000958038,70.05173404866832,13.029315960912053,16.91894999041962
06030607,06,03,06,07,3146,1137,2320,2009,311,826,100.0,36.14113159567705,73.74443738080102,63.858868404322955,9.885568976478067,26.255562619198987
06030608,06,03,06,08,12308,2904,10907,9404,1503,1401,100.0,23.594410139746504,88.61715957101073,76.4055898602535,12.211569710757232,11.382840428989276
06030609,06,03,06,09,11859,2522,10514,9337,1177,1345,100.0,21.266548612867865,88.65840290075049,78.73345138713213,9.92495151361835,11.341597099249515
06030610,06,03,06,10,8145,1631,7215,6514,701,930,100.0,20.024554941682013,88.58195211786372,79.97544505831799,8.606507059545732,11.41804788213628
06040701,06,04,07,01,9794,1758,8861,8036,825,933,100.0,17.949765162344292,90.47375944455788,82.05023483765571,8.423524606902184,9.526240555442108
06040702,06,04,07,02,5315,990,4900,4325,575,415,100.0,18.626528692380056,92.19190968955786,81.37347130761995,10.818438381937911,7.808090310442145
06040703,06,04,07,03,10680,2518,8975,8162,813,1705,100.0,23.576779026217228,84.03558052434457,76.42322097378276,7.6123595505617985,15.964419475655431
06040804,06,04,08,04,7422,1140,6822,6282,540,600,100.0,15.359741309620048,91.91592562651576,84.64025869037995,7.275666936135812,8.084074373484237
06040805,06,04,08,05,5296,1028,4785,4268,517,511,100.0,19.410876132930515,90.3512084592145,80.58912386706949,9.762084592145015,9.648791540785497
06040806,06,04,08,06,7296,1074,6728,6222,506,568,100.0,14.720394736842104,92.21491228070175,85.2796052631579,6.93530701754386,7.785087719298247
06040807,06,04,08,07,5728,1144,5129,4584,545,599,100.0,19.972067039106143,89.54259776536313,80.02793296089385,9.514664804469273,10.457402234636872
06040808,06,04,08,08,4348,1678,3580,2670,910,768,100.0,38.59245630174793,82.33670653173874,61.40754369825206,20.92916283348666,17.66329346826127
06040809,06,04,08,09,4979,1398,4069,3581,488,910,100.0,28.07792729463748,81.72323759791122,71.92207270536252,9.801164892548703,18.27676240208877
06040810,06,04,08,10,6949,1896,5881,5053,828,1068,100.0,27.284501367103182,84.6308821413153,72.71549863289682,11.915383508418477,15.369117858684703
07010101,07,01,01,01,9689,4390,7007,5299,1708,2682,100.0,45.309113427598305,72.31912478067912,54.690886572401695,17.628238208277427,27.68087521932088
07010102,07,01,01,02,15817,8339,10696,7478,3218,5121,100.0,52.72175507365493,67.62344313080862,47.27824492634507,20.345198204463554,32.376556869191376
07010103,07,01,01,03,10080,3595,7901,6485,1416,2179,100.0,35.66468253968254,78.3829365079365,64.33531746031747,14.047619047619047,21.617063492063494
07010104,07,01,01,04,13649,7762,8818,5887,2931,4831,100.0,56.868635064839914,64.6054656018756,43.131364935160086,21.474100666715508,35.39453439812441
07020201,07,02,02,01,10435,3399,8572,7036,1536,1863,100.0,32.57307139434595,82.14662194537614,67.42692860565404,14.71969333972209,17.85337805462386
07020202,07,02,02,02,10122,4092,7653,6030,1623,2469,100.0,40.42679312388856,75.60758743331357,59.57320687611144,16.034380557202134,24.392412566686424
07020203,07,02,02,03,17659,7346,13280,10313,2967,4379,100.0,41.59918455178662,75.20244634464012,58.40081544821337,16.80163089642675,24.79755365535987
07020204,07,02,02,04,11751,4176,9193,7575,1618,2558,100.0,35.53740107224917,78.23163986043741,64.46259892775082,13.769040932686579,21.76836013956259
07030301,07,03,03,01,24069,5798,20978,18271,2707,3091,100.0,24.08907723627903,87.15775478831692,75.91092276372096,11.246832024595953,12.842245211683078
07030302,07,03,03,02,9237,2666,7838,6571,1267,1399,100.0,28.862184691999566,84.85438995344808,71.13781530800043,13.716574645447658,15.14561004655191
07030303,07,03,03,03,12214,5001,9682,7213,2469,2532,100.0,40.94481742262977,79.26969051907648,59.05518257737023,20.214507941706238,20.73030948092353
07040401,07,04,04,01,17775,6511,14346,11264,3082,3429,100.0,36.63009845288327,80.70886075949367,63.36990154711673,17.338959212376935,19.29113924050633
07040402,07,04,04,02,2114,391,1956,1723,233,158,100.0,18.4957426679281,92.52601702932829,81.5042573320719,11.021759697256387,7.473982970671712
07040403,07,04,04,03,23662,8020,19352,15642,3710,4310,100.0,33.894007269038966,81.78514073197532,66.10599273096103,15.679148001014283,18.21485926802468
07040404,07,04,04,04,5062,1160,4507,3902,605,555,100.0,22.915843540102728,89.03595416831293,77.08415645989727,11.951797708415645,10.96404583168708
07040405,07,04,04,05,10900,4317,8494,6583,1911,2406,100.0,39.60550458715596,77.92660550458716,60.39449541284404,17.53211009174312,22.073394495412842
07040406,07,04,04,06,3797,1848,2666,1949,717,1131,100.0,48.67000263365815,70.21332631024492,51.32999736634185,18.883328943903084,29.786673689755073
07050501,07,05,05,01,15881,5669,13061,10212,2849,2820,100.0,35.696744537497636,82.24293180530194,64.30325546250236,17.939676342799572,17.757068194698068
07050502,07,05,05,02,8030,2700,6474,5330,1144,1556,100.0,33.623910336239106,80.62266500622664,66.3760896637609,14.246575342465754,19.37733499377335
07050503,07,05,05,03,9123,2576,7897,6547,1350,1226,100.0,28.23632577003179,86.56143812342432,71.76367422996822,14.7977638934561,13.438561876575688
07050504,07,05,05,04,5554,1633,4878,3921,957,676,100.0,29.40223262513504,87.82859200576162,70.59776737486496,17.230824630896652,12.171407994238386
07050505,07,05,05,05,10490,2563,9401,7927,1474,1089,100.0,24.432793136320306,89.61868446139181,75.56720686367969,14.051477597712106,10.381315538608197
07050506,07,05,05,06,2239,475,2039,1764,275,200,100.0,21.21482804823582,91.06744082179544,78.78517195176417,12.282268870031263,8.932559178204555
07060601,07,06,06,01,9934,3783,7976,6151,1825,1958,100.0,38.08133682303201,80.28991342862895,61.91866317696799,18.37125025166096,19.71008657137105
07060602,07,06,06,02,4642,936,4239,3706,533,403,100.0,20.16372253339078,91.31839724256785,79.83627746660922,11.482119775958639,8.681602757432142
07060603,07,06,06,03,2813,942,2412,1871,541,401,100.0,33.48738002132954,85.74475648773551,66.51261997867046,19.232136509065057,14.255243512264487
07060604,07,06,06,04,14246,4860,12513,9386,3127,1733,100.0,34.114839253123684,87.83518180541905,65.88516074687631,21.95002105854275,12.164818194580935
07070701,07,07,07,01,10363,1823,9604,8540,1064,759,100.0,17.591431052783943,92.67586606195117,82.40856894721605,10.267297114735115,7.324133938048829
07070702,07,07,07,02,10471,1801,9815,8670,1145,656,100.0,17.199885397765257,93.73507783401777,82.80011460223474,10.93496323178302,6.264922165982237
07070703,07,07,07,03,7380,1595,6718,5785,933,662,100.0,21.612466124661246,91.02981029810297,78.38753387533876,12.642276422764228,8.970189701897018
07070704,07,07,07,04,8208,2640,7055,5568,1487,1153,100.0,32.16374269005848,85.95272904483431,67.83625730994152,18.116471734892787,14.047270955165692
07070705,07,07,07,05,7019,1036,6579,5983,596,440,100.0,14.759937313007551,93.73130075509332,85.24006268699245,8.491238068100868,6.268699244906682
07070706,07,07,07,06,3899,729,3417,3170,247,482,100.0,18.69710182097974,87.63785586047705,81.30289817902026,6.334957681456784,12.362144139522954
07070707,07,07,07,07,2837,367,2655,2470,185,182,100.0,12.93620021149101,93.5847726471625,87.06379978850899,6.520972858653508,6.415227352837505
08010115,08,01,01,15,872,360,643,512,131,229,100.0,41.284403669724774,73.73853211009175,58.71559633027523,15.022935779816512,26.261467889908257
08010116,08,01,01,16,3572,1946,2307,1626,681,1265,100.0,54.47928331466966,64.58566629339306,45.52071668533035,19.064949608062708,35.414333706606946
08010117,08,01,01,17,16243,7977,10810,8266,2544,5433,100.0,49.11038601243612,66.55174536723511,50.88961398756388,15.662131379671242,33.448254632764886
08010118,08,01,01,18,12019,7150,7546,4869,2677,4473,100.0,59.48914219153008,62.783925451368674,40.51085780846992,22.273067642898745,37.21607454863133
08010211,08,01,02,11,10170,5870,6137,4300,1837,4033,100.0,57.71878072763028,60.34414945919371,42.28121927236971,18.06293018682399,39.65585054080629
08010212,08,01,02,12,7518,4972,4908,2546,2362,2610,100.0,66.13461026868848,65.28332003192338,33.86538973131152,31.417930300611864,34.71667996807661
08010213,08,01,02,13,12764,6810,8246,5954,2292,4518,100.0,53.35318082105923,64.60357254779066,46.64681917894077,17.95675336884989,35.39642745220934
08010214,08,01,02,14,8238,4619,5295,3619,1676,2943,100.0,56.06943432872057,64.27530954115076,43.93056567127944,20.34474386987133,35.72469045884923
08010301,08,01,03,01,27973,13193,19354,14780,4574,8619,100.0,47.163336074071424,69.18814571193651,52.836663925928576,16.351481786007938,30.81185428806349
08010302,08,01,03,02,3735,1288,2978,2447,531,757,100.0,34.48460508701473,79.73226238286479,65.51539491298527,14.216867469879519,20.267737617135207
08010303,08,01,03,03,8668,5138,5164,3530,1634,3504,100.0,59.27549607752653,59.575449930779875,40.72450392247347,18.850946008306416,40.424550069220125
08010404,08,01,04,04,23596,12200,15544,11396,4148,8052,100.0,51.70367858959145,65.87557213086964,48.296321410408545,17.579250720461097,34.124427869130365
08010405,08,01,04,05,9178,4227,6313,4951,1362,2865,100.0,46.05578557419917,68.78404881237743,53.94421442580083,14.839834386576598,31.215951187622576
08010406,08,01,04,06,7085,3911,4550,3174,1376,2535,100.0,55.201129146083275,64.22018348623854,44.798870853916725,19.421312632321808,35.77981651376147
08010407,08,01,04,07,822,344,596,478,118,226,100.0,41.84914841849148,72.50608272506082,58.15085158150851,14.355231143552311,27.49391727493917
08010508,08,01,05,08,5626,3869,3747,1757,1990,1879,100.0,68.76999644507643,66.60149306789904,31.23000355492357,35.37148951297547,33.39850693210096
08010509,08,01,05,09,9555,6169,6664,3386,3278,2891,100.0,64.56305599162742,69.74358974358974,35.43694400837258,34.30664573521716,30.256410256410255
08010510,08,01,05,10,401,234,237,167,70,164,100.0,58.35411471321695,59.10224438902743,41.64588528678304,17.45635910224439,40.89775561097257
08020619,08,02,06,19,10983,5657,7613,5326,2287,3370,100.0,51.506874260220336,69.31621597013566,48.49312573977966,20.823090230356005,30.683784029864334
08020620,08,02,06,20,9294,3774,7381,5520,1861,1913,100.0,40.606843124596516,79.4168280611147,59.393156875403484,20.023671185711212,20.583171938885304
08020621,08,02,06,21,2293,540,2116,1753,363,177,100.0,23.549934583515046,92.2808547754034,76.45006541648496,15.830789358918448,7.7191452245965975
08020622,08,02,06,22,14321,3585,12649,10736,1913,1672,100.0,25.033168074855105,88.32483765100203,74.96683192514489,13.358005725857133,11.675162348997976
08020623,08,02,06,23,1270,329,1120,941,179,150,100.0,25.905511811023622,88.18897637795276,74.09448818897638,14.094488188976378,11.811023622047244
08020624,08,02,06,24,1157,301,1023,856,167,134,100.0,26.01555747623163,88.41832324978392,73.98444252376837,14.433880726015557,11.581676750216076
08020625,08,02,06,25,3327,858,2895,2469,426,432,100.0,25.788999098286748,87.01532912533814,74.21100090171325,12.804328223624886,12.984670874661857
08020726,08,02,07,26,8332,1826,7567,6506,1061,765,100.0,21.915506481036967,90.81853096495439,78.08449351896304,12.734037445991358,9.181469035045607
08020727,08,02,07,27,11458,2674,10422,8784,1638,1036,100.0,23.337406179088845,90.9582824227614,76.66259382091116,14.295688601850234,9.041717577238611
08020728,08,02,07,28,8321,2919,6893,5402,1491,1428,100.0,35.079918279053,82.83860112967191,64.920081720947,17.91851940872491,17.161398870328085
08030829,08,03,08,29,12445,5828,10090,6617,3473,2355,100.0,46.83005222981117,81.07673764564082,53.16994777018883,27.906789875451988,18.92326235435918
08030830,08,03,08,30,7255,2631,6226,4624,1602,1029,100.0,36.26464507236389,85.81667815299792,63.73535492763611,22.08132322536182,14.183321847002068
08030831,08,03,08,31,17036,7978,13806,9058,4748,3230,100.0,46.8302418408077,81.04015027001643,53.169758159192305,27.870392110824138,18.959849729983564
08040932,08,04,09,32,2800,766,2529,2034,495,271,100.0,27.357142857142858,90.32142857142857,72.64285714285714,17.67857142857143,9.678571428571429
08040933,08,04,09,33,3963,1143,3483,2820,663,480,100.0,28.841786525359574,87.88796366389099,71.15821347464042,16.729750189250566,12.112036336109009
08040934,08,04,09,34,2700,741,2407,1959,448,293,100.0,27.444444444444443,89.14814814814814,72.55555555555556,16.59259259259259,10.851851851851851
08041035,08,04,10,35,8023,2157,7168,5866,1302,855,100.0,26.885205035522873,89.34313847687896,73.11479496447713,16.228343512401842,10.656861523121027
08041036,08,04,10,36,6794,1293,6302,5501,801,492,100.0,19.031498380924344,92.75831616131882,80.96850161907565,11.789814542243155,7.24168383868119
08041037,08,04,10,37,9563,1987,8679,7576,1103,884,100.0,20.77799853602426,90.7560388999268,79.22200146397574,11.534037435951062,9.243961100073198
08041038,08,04,10,38,6862,1394,6398,5468,930,464,100.0,20.314777032935005,93.23812299621102,79.68522296706499,13.552900029146024,6.761877003788983
08041039,08,04,10,39,3861,1125,3488,2736,752,373,100.0,29.13752913752914,90.33929033929033,70.86247086247086,19.476819476819475,9.660709660709662
08041040,08,04,10,40,7969,1623,7393,6346,1047,576,100.0,20.366419877023468,92.77199146693437,79.63358012297654,13.138411343957838,7.228008533065629
09010101,09,01,01,01,11598,3057,9763,8541,1222,1835,100.0,26.35799275737196,84.178306604587,73.64200724262804,10.536299361958958,15.821693395413003
09010102,09,01,01,02,70,12,61,58,3,9,100.0,17.142857142857142,87.14285714285714,82.85714285714286,4.285714285714286,12.857142857142856
09010201,09,01,02,01,4258,599,3958,3659,299,300,100.0,14.067637388445279,92.95443870361673,85.93236261155472,7.022076092062,7.045561296383279
09010202,09,01,02,02,6727,691,6311,6036,275,416,100.0,10.272038055596848,93.81596551211535,89.72796194440316,4.088003567712205,6.184034487884644
09010301,09,01,03,01,15118,1695,14132,13423,709,986,100.0,11.211800502711998,93.47797327688848,88.788199497288,4.689773779600476,6.522026723111522
09010302,09,01,03,02,2904,540,2663,2364,299,241,100.0,18.59504132231405,91.70110192837465,81.40495867768594,10.296143250688704,8.298898071625345
09010401,09,01,04,01,7961,448,7724,7513,211,237,100.0,5.627433739479964,97.0229870619269,94.37256626052003,2.6504208014068587,2.9770129380731065
09010402,09,01,04,02,11074,1435,10283,9639,644,791,100.0,12.9582806573957,92.85714285714286,87.0417193426043,5.815423514538559,7.142857142857142
09020501,09,02,05,01,6336,1300,5366,5036,330,970,100.0,20.517676767676768,84.69065656565657,79.48232323232324,5.208333333333334,15.309343434343434
09020502,09,02,05,02,14493,2077,13211,12416,795,1282,100.0,14.331056372041676,91.1543503760436,85.66894362795833,5.485406748085282,8.845649623956394
09020601,09,02,06,01,7440,1321,6485,6119,366,955,100.0,17.75537634408602,87.16397849462365,82.24462365591397,4.919354838709678,12.836021505376344
09020602,09,02,06,02,3534,179,3441,3355,86,93,100.0,5.065082059988681,97.36842105263158,94.93491794001132,2.43350311262026,2.631578947368421
09020701,09,02,07,01,632,406,262,226,36,370,100.0,64.24050632911393,41.45569620253164,35.75949367088608,5.69620253164557,58.54430379746836
09020702,09,02,07,02,15956,1664,14811,14292,519,1145,100.0,10.428678866883931,92.82401604412134,89.57132113311607,3.2526949110052645,7.175983955878666
09020801,09,02,08,01,2920,160,2835,2760,75,85,100.0,5.47945205479452,97.08904109589042,94.52054794520548,2.5684931506849313,2.910958904109589
09020802,09,02,08,02,7406,890,6864,6516,348,542,100.0,12.017283283823927,92.68160950580611,87.98271671617607,4.69889278963003,7.318390494193896
09030901,09,03,09,01,12772,1382,12070,11390,680,702,100.0,10.820544942060758,94.50360162856248,89.17945505793924,5.324146570623238,5.49639837143752
09030902,09,03,09,02,5810,645,5509,5165,344,301,100.0,11.101549053356283,94.81927710843372,88.89845094664372,5.920826161790018,5.1807228915662655
09030903,09,03,09,03,7755,959,7477,6796,681,278,100.0,12.36621534493875,96.41521598968407,87.63378465506125,8.781431334622825,3.584784010315925
09031001,09,03,10,01,12421,958,11897,11463,434,524,100.0,7.712744545527735,95.78133805651719,92.28725545447226,3.4940826020449243,4.218661943482811
09031101,09,03,11,01,5786,511,5430,5275,155,356,100.0,8.831662633944003,93.8472174213619,91.168337366056,2.678880055305911,6.152782578638092
09031201,09,03,12,01,1765,130,1704,1635,69,61,100.0,7.365439093484419,96.54390934844193,92.63456090651559,3.9093484419263453,3.4560906515580734
09031202,09,03,12,02,2431,178,2324,2253,71,107,100.0,7.322089675030852,95.5985191279309,92.67791032496915,2.9206088029617443,4.401480872069107
09041301,09,04,13,01,14281,986,13590,13295,295,691,100.0,6.90427841187592,95.16140326307682,93.09572158812408,2.0656816749527342,4.838596736923185
09041302,09,04,13,02,1806,126,1761,1680,81,45,100.0,6.976744186046512,97.50830564784053,93.02325581395348,4.485049833887043,2.4916943521594686
09041401,09,04,14,01,4787,536,4368,4251,117,419,100.0,11.196991852935033,91.24712763735116,88.80300814706497,2.444119490286192,8.75287236264884
09041402,09,04,14,02,1464,143,1425,1321,104,39,100.0,9.76775956284153,97.3360655737705,90.23224043715847,7.103825136612022,2.663934426229508
09041501,09,04,15,01,7197,827,6757,6370,387,440,100.0,11.490898985688482,93.88634153119355,88.50910101431153,5.3772405168820345,6.113658468806447
09041601,09,04,16,01,6578,309,6447,6269,178,131,100.0,4.6974764366068715,98.00851322590452,95.30252356339312,2.7059896625114015,1.9914867740954696
09051701,09,05,17,01,3596,215,3445,3381,64,151,100.0,5.978865406006674,95.80088987764182,94.02113459399332,1.7797552836484982,4.199110122358176
09051702,09,05,17,02,14401,709,14042,13692,350,359,100.0,4.9232692174154575,97.50711756128047,95.07673078258453,2.430386778695924,2.4928824387195334
09051801,09,05,18,01,9258,678,8850,8580,270,408,100.0,7.323395981853532,95.59300064808815,92.67660401814646,2.916396629941672,4.4069993519118595
09051901,09,05,19,01,10346,779,9894,9567,327,452,100.0,7.529479992267543,95.63116180166247,92.47052000773246,3.1606417939300213,4.368838198337522
09052001,09,05,20,01,12452,578,12151,11874,277,301,100.0,4.6418246064889175,97.58271763572117,95.35817539351108,2.224542242210087,2.417282364278831
10010101,10,01,01,01,5619,1320,5031,4299,732,588,100.0,23.49172450613988,89.53550453817405,76.50827549386013,13.027229044313934,10.464495461825948
10010102,10,01,01,02,17840,3813,16365,14027,2338,1475,100.0,21.373318385650226,91.73206278026906,78.62668161434978,13.105381165919283,8.267937219730943
10010203,10,01,02,03,1291,866,467,425,42,824,100.0,67.07978311386522,36.17350890782339,32.92021688613478,3.253292021688613,63.82649109217661
10010204,10,01,02,04,10365,2003,9655,8362,1293,710,100.0,19.324650265315967,93.15002411963337,80.67534973468403,12.474674384949349,6.849975880366618
10010205,10,01,02,05,8265,1122,7655,7143,512,610,100.0,13.575317604355716,92.6194797338173,86.42468239564428,6.194797338173019,7.380520266182698
10010206,10,01,02,06,16920,3248,15190,13672,1518,1730,100.0,19.196217494089833,89.77541371158392,80.80378250591016,8.97163120567376,10.224586288416075
10010207,10,01,02,07,10711,2211,9776,8500,1276,935,100.0,20.64233031462982,91.27065633460928,79.35766968537018,11.9129866492391,8.729343665390719
10010308,10,01,03,08,2126,513,1774,1613,161,352,100.0,24.129821260583256,83.44308560677328,75.87017873941674,7.572906867356538,16.55691439322672
10010309,10,01,03,09,14340,2671,13360,11669,1691,980,100.0,18.626220362622036,93.16596931659693,81.37377963737796,11.792189679218968,6.834030683403068
10010310,10,01,03,10,17740,2948,16579,14792,1787,1161,100.0,16.61781285231116,93.4554678692221,83.38218714768884,10.073280721533258,6.5445321307779025
10010311,10,01,03,11,2919,351,2841,2568,273,78,100.0,12.024665981500513,97.327852004111,87.97533401849948,9.352517985611511,2.672147995889003
10020412,10,02,04,12,6791,1725,5961,5066,895,830,100.0,25.401266381976146,87.77794139302017,74.59873361802386,13.179207774996318,12.222058606979825
10020413,10,02,04,13,15139,1982,14158,13157,1001,981,100.0,13.092014003566947,93.52004755928397,86.90798599643306,6.612061562850916,6.479952440716032
10020414,10,02,04,14,1638,574,1512,1064,448,126,100.0,35.04273504273504,92.3076923076923,64.95726495726495,27.350427350427353,7.6923076923076925
10020415,10,02,04,15,5462,1080,4747,4382,365,715,100.0,19.772976931526916,86.90955693885024,80.22702306847309,6.682533870377151,13.090443061149761
10020416,10,02,04,16,5584,1323,4786,4261,525,798,100.0,23.692693409742123,85.70916905444126,76.30730659025788,9.401862464183381,14.290830945558739
10020517,10,02,05,17,8753,669,8488,8084,404,265,100.0,7.643093796412659,96.97246658288586,92.35690620358734,4.615560379298526,3.0275334171141326
10020518,10,02,05,18,5088,591,4760,4497,263,328,100.0,11.61556603773585,93.55345911949685,88.38443396226415,5.169025157232705,6.446540880503145
10020519,10,02,05,19,5951,1524,4803,4427,376,1148,100.0,25.60914132078642,80.70912451688793,74.39085867921358,6.31826583767434,19.29087548311208
10020620,10,02,06,20,3318,430,3137,2888,249,181,100.0,12.959614225437011,94.54490657022303,87.04038577456299,7.504520795660036,5.455093429776974
10020621,10,02,06,21,6059,774,5657,5285,372,402,100.0,12.774385212081201,93.3652417890741,87.2256147879188,6.139627001155306,6.634758210925895
10020622,10,02,06,22,8672,948,8278,7724,554,394,100.0,10.931734317343174,95.45664206642066,89.06826568265683,6.388376383763837,4.543357933579336
10020623,10,02,06,23,6558,612,6339,5946,393,219,100.0,9.332113449222323,96.66056724611161,90.66788655077768,5.992680695333943,3.3394327538883806
10030724,10,03,07,24,7778,1084,7035,6694,341,743,100.0,13.936744664438159,90.44741578812034,86.06325533556183,4.384160452558499,9.552584211879662
10030725,10,03,07,25,5844,755,5476,5089,387,368,100.0,12.919233401779604,93.70294318959617,87.08076659822039,6.622176591375769,6.2970568104038325
10030726,10,03,07,26,2949,241,2853,2708,145,96,100.0,8.172261783655477,96.74465920651069,91.82773821634453,4.916920990166158,3.255340793489318
10030727,10,03,07,27,9181,685,8937,8496,441,244,100.0,7.461060886613659,97.34233743600915,92.53893911338635,4.803398322622808,2.6576625639908507
10040828,10,04,08,28,7621,405,7445,7216,229,176,100.0,5.314263220049862,97.69059178585488,94.68573677995013,3.0048550059047368,2.309408214145125
10040829,10,04,08,29,3639,240,3489,3399,90,150,100.0,6.595218466611706,95.87798845836768,93.40478153338829,2.4732069249793898,4.122011541632316
10040830,10,04,08,30,7534,409,7382,7125,257,152,100.0,5.428723121847624,97.98247942659941,94.57127687815237,3.41120254844704,2.017520573400584
10040931,10,04,09,31,9187,519,8987,8668,319,200,100.0,5.649287036029172,97.82301077609667,94.35071296397084,3.47229781212583,2.176989223903342
10040932,10,04,09,32,3960,273,3825,3687,138,135,100.0,6.893939393939394,96.5909090909091,93.10606060606061,3.4848484848484853,3.4090909090909087
10040933,10,04,09,33,14531,719,14215,13812,403,316,100.0,4.948042116853623,97.82533893056224,95.05195788314637,2.7733810474158695,2.1746610694377537
11010101,11,01,01,01,560,47,527,513,14,33,100.0,8.392857142857142,94.10714285714286,91.60714285714285,2.5,5.892857142857142
11010102,11,01,01,02,2553,120,2506,2433,73,47,100.0,4.700352526439483,98.1590285938112,95.29964747356053,2.8593811202506854,1.8409714061887974
11010103,11,01,01,03,1597,417,1255,1180,75,342,100.0,26.111458985597995,78.5848465873513,73.888541014402,4.69630557294928,21.415153412648717
11010204,11,01,02,04,8852,2127,7786,6725,1061,1066,100.0,24.02846814279259,87.95752372345233,75.97153185720741,11.985991866244916,12.042476276547672
11010205,11,01,02,05,6696,1545,5980,5151,829,716,100.0,23.07347670250896,89.30704898446834,76.92652329749103,12.380525686977299,10.692951015531662
11010206,11,01,02,06,5866,949,5366,4917,449,500,100.0,16.177974769860214,91.4763041254688,83.82202523013979,7.654278895329014,8.523695874531196
11010207,11,01,02,07,6996,968,6515,6028,487,481,100.0,13.836477987421384,93.12464265294454,86.16352201257862,6.961120640365924,6.875357347055461
11010308,11,01,03,08,11309,2518,10099,8791,1308,1210,100.0,22.265452294632592,89.3005570784331,77.7345477053674,11.5660093730657,10.699442921566895
11010309,11,01,03,09,9578,1945,8524,7633,891,1054,100.0,20.306953434955105,88.99561495092921,79.6930465650449,9.30256838588432,11.004385049070788
11010310,11,01,03,10,5183,478,4976,4705,271,207,100.0,9.222458035886552,96.00617403048427,90.77754196411345,5.228632066370828,3.9938259695157248
11020411,11,02,04,11,8351,1385,7405,6966,439,946,100.0,16.58484013890552,88.67201532750569,83.41515986109448,5.256855466411208,11.327984672494312
11020412,11,02,04,12,6164,850,5757,5314,443,407,100.0,13.789746917585981,93.39714471122647,86.21025308241401,7.18689162881246,6.602855288773524
11020513,11,02,05,13,3786,555,3352,3231,121,434,100.0,14.659270998415213,88.53671421024828,85.34072900158478,3.1959852086634974,11.463285789751716
11020514,11,02,05,14,8642,1314,7633,7328,305,1009,100.0,15.204813700532286,88.32446193010877,84.79518629946772,3.529275630641055,11.67553806989123
11020515,11,02,05,15,14349,2837,12787,11512,1275,1562,100.0,19.77141264199596,89.11422398773435,80.22858735800405,8.885636629730294,10.885776012265664
11020516,11,02,05,16,3730,329,3588,3401,187,142,100.0,8.820375335120643,96.19302949061662,91.17962466487936,5.013404825737265,3.8069705093833783
11030617,11,03,06,17,6072,1644,5098,4428,670,974,100.0,27.07509881422925,83.95915678524374,72.92490118577075,11.03425559947299,16.040843214756258
11030618,11,03,06,18,15803,3310,13943,12493,1450,1860,100.0,20.945390115800798,88.23008289565273,79.0546098841992,9.175473011453523,11.769917104347275
11030619,11,03,06,19,10614,2655,9147,7959,1188,1467,100.0,25.014132278123235,86.17863199547767,74.98586772187676,11.192764273600904,13.82136800452233
11030720,11,03,07,20,5588,3483,2377,2105,272,3211,100.0,62.32999284180386,42.53758052970652,37.670007158196135,4.867573371510379,57.46241947029349
11030721,11,03,07,21,23547,5036,20014,18511,1503,3533,100.0,21.387013207627298,84.99596551577696,78.6129867923727,6.382978723404255,15.004034484223045
11030824,11,03,08,24,9986,3018,8209,6968,1241,1777,100.0,30.22231123573002,82.20508712197075,69.77768876426997,12.427398357700781,17.79491287802924
11040925,11,04,09,25,3656,667,3223,2989,234,433,100.0,18.24398249452954,88.15645514223195,81.75601750547045,6.400437636761488,11.843544857768054
11040926,11,04,09,26,27567,4523,24709,23044,1665,2858,100.0,16.407298581637463,89.63253165016143,83.59270141836254,6.03983023179889,10.367468349838575
11041022,11,04,10,22,5336,1455,4365,3881,484,971,100.0,27.267616191904047,81.80284857571213,72.73238380809596,9.070464767616192,18.197151424287856
11041023,11,04,10,23,5914,1564,5065,4350,715,849,100.0,26.445722015556306,85.64423402096719,73.5542779844437,12.089956036523503,14.355765979032803
11041027,11,04,10,27,2707,554,2374,2153,221,333,100.0,20.46545991872922,87.69855929072774,79.53454008127078,8.164019209456963,12.301440709272256
11041128,11,04,11,28,24682,4477,22050,20205,1845,2632,100.0,18.138724576614536,89.33635847986386,81.86127542338546,7.475083056478406,10.663641520136132
11051229,11,05,12,29,3423,428,3227,2995,232,196,100.0,12.503651767455448,94.27402862985686,87.49634823254455,6.7776803973123,5.725971370143149
11051330,11,05,13,30,9002,1432,7989,7570,419,1013,100.0,15.90757609420129,88.74694512330593,84.09242390579871,4.654521217507221,11.253054876694069
11051331,11,05,13,31,10383,1552,9244,8831,413,1139,100.0,14.94751035346239,89.03014543002986,85.05248964653761,3.977655783492247,10.969854569970144
11051332,11,05,13,32,6650,650,6369,6000,369,281,100.0,9.774436090225564,95.77443609022556,90.22556390977444,5.548872180451127,4.2255639097744355
12103115,12,10,31,15,7508,2819,5925,4689,1236,1583,100.0,37.54661694192861,78.91582312200319,62.45338305807139,16.462440063931805,21.084176877996804
12103116,12,10,31,16,9296,3876,7157,5420,1737,2139,100.0,41.695352839931154,76.99010327022376,58.304647160068846,18.685456110154906,23.009896729776248
12103117,12,10,31,17,10301,4830,7466,5471,1995,2835,100.0,46.88865158722454,72.47840015532474,53.11134841277546,19.36705174254927,27.521599844675276
12103218,12,10,32,18,13123,4914,10611,8209,2402,2512,100.0,37.445706012344736,80.85803551017298,62.554293987655264,18.303741522517715,19.14196448982702
12103219,12,10,32,19,8585,3240,6881,5345,1536,1704,100.0,37.740244612696564,80.15142690739661,62.25975538730344,17.891671520093187,19.848573092603377
12103220,12,10,32,20,4564,1099,4041,3465,576,523,100.0,24.079754601226995,88.5407537248028,75.920245398773,12.620508326029798,11.459246275197195
12214125,12,21,41,25,7223,1753,6352,5470,882,871,100.0,24.269694032950298,87.94129862937837,75.7303059670497,12.210992662328673,12.058701370621625
12214126,12,21,41,26,7586,2383,6540,5203,1337,1046,100.0,31.41312944898497,86.21144213023992,68.58687055101502,17.624571579224888,13.788557869760085
12214421,12,21,44,21,2573,804,2129,1769,360,444,100.0,31.2475709288768,82.74387874076953,68.7524290711232,13.991449669646327,17.25612125923047
12214422,12,21,44,22,7761,4162,5526,3599,1927,2235,100.0,53.62710990851694,71.20216466950136,46.37289009148306,24.829274578018296,28.797835330498643
12214423,12,21,44,23,5558,1947,4642,3611,1031,916,100.0,35.03058654192156,83.5192515293271,64.96941345807845,18.54983807124865,16.480748470672903
12214424,12,21,44,24,10483,4779,7642,5704,1938,2841,100.0,45.58809501097014,72.89897929981876,54.41190498902986,18.487074310788895,27.101020700181245
12214527,12,21,45,27,10499,1844,9506,8655,851,993,100.0,17.563577483569865,90.5419563767978,82.43642251643014,8.105533860367654,9.45804362320221
12214528,12,21,45,28,292,81,250,211,39,42,100.0,27.73972602739726,85.61643835616438,72.26027397260275,13.356164383561644,14.383561643835616
12224229,12,22,42,29,6028,725,5721,5303,418,307,100.0,12.027206370272063,94.90710019907101,87.97279362972795,6.934306569343065,5.092899800928998
12224230,12,22,42,30,17875,1931,17142,15944,1198,733,100.0,10.802797202797203,95.89930069930071,89.1972027972028,6.7020979020979015,4.100699300699301
12231101,12,23,11,01,16298,1771,15493,14527,966,805,100.0,10.866363971039391,95.06074364952755,89.13363602896061,5.92710762056694,4.9392563504724505
12231102,12,23,11,02,16723,1771,16036,14952,1084,687,100.0,10.590205106739221,95.89188542725587,89.40979489326078,6.4820905339950965,4.108114572744125
12301203,12,30,12,03,14815,3942,12308,10873,1435,2507,100.0,26.60816739790753,83.07796152548093,73.39183260209248,9.686128923388457,16.92203847451907
12301204,12,30,12,04,6357,1384,5619,4973,646,738,100.0,21.77127575900582,88.39075035394053,78.22872424099417,10.162026112946359,11.609249646059462
12301205,12,30,12,05,4886,767,4572,4119,453,314,100.0,15.697912402783462,93.57347523536636,84.30208759721654,9.271387638149815,6.426524764633647
12301206,12,30,12,06,5040,673,4814,4367,447,226,100.0,13.353174603174603,95.51587301587303,86.6468253968254,8.869047619047619,4.484126984126984
12302107,12,30,21,07,3006,1038,2593,1968,625,413,100.0,34.5309381237525,86.26081170991351,65.46906187624751,20.791749833666,13.739188290086494
12302108,12,30,21,08,13602,5160,11299,8442,2857,2303,100.0,37.935597706219674,83.06866637259228,62.06440229378033,21.00426407881194,16.931333627407735
12302109,12,30,21,09,11253,5366,8547,5887,2660,2706,100.0,47.6850617613081,75.95307917888563,52.3149382386919,23.638140940193725,24.04692082111437
12302110,12,30,21,10,10267,5232,7669,5035,2634,2598,100.0,50.95938443557028,74.69562676536476,49.04061556442972,25.655011200935036,25.304373234635243
12302211,12,30,22,11,3316,789,2994,2527,467,322,100.0,23.79372738238842,90.28950542822678,76.20627261761157,14.083232810615199,9.710494571773221
12302212,12,30,22,12,5625,2079,4539,3546,993,1086,100.0,36.96,80.69333333333333,63.04,17.653333333333332,19.306666666666665
12304313,12,30,43,13,6517,1215,5824,5302,522,693,100.0,18.64354764462176,89.36627282491945,81.35645235537824,8.0098204695412,10.633727175080558
12304314,12,30,43,14,9657,1170,9136,8487,649,521,100.0,12.115563839701771,94.60494977736357,87.88443616029824,6.720513617065341,5.39505022263643
