id,district_id,forecast_area_id,district_region_id,planning_area_id,inhabitants,inhabitants_with_migration_background,inhabitants_germans,inhabitants_germans_without_migration_background,inhabitants_germans_with_migration_background,inhabitants_foreigners,inhabitants_percentage,inhabitants_with_migration_background_percentage,inhabitants_germans_percentage,inhabitants_germans_without_migration_background_percentage,inhabitants_germans_with_migration_background_percentage,inhabitants_foreigners_percentage
01011101,01,01,11,01,3389,2023,2053,1366,687,1336,100.0,59.693124815579814,60.57834169371497,40.306875184420186,20.27146650929478,39.42165830628504
01011102,01,01,11,02,194,76,134,118,16,60,100.0,39.175257731958766,69.0721649484536,60.824742268041234,8.24742268041237,30.927835051546392
01011103,01,01,11,03,5121,2969,3324,2152,1172,1797,100.0,57.976957625463776,64.90919742237844,42.023042374536224,22.88615504784222,35.09080257762156
01011104,01,01,11,04,4550,2940,2797,1610,1187,1753,100.0,64.61538461538461,61.472527472527474,35.38461538461539,26.087912087912084,38.527472527472526
01011105,01,01,11,05,1559,1051,764,508,256,795,100.0,67.41500962155229,49.00577293136626,32.58499037844772,16.420782552918535,50.994227068633734
01011201,01,01,12,01,2394,1456,1397,938,459,997,100.0,60.81871345029239,58.35421888053467,39.1812865497076,19.172932330827066,41.64578111946533
01011202,01,01,12,02,628,302,410,326,84,218,100.0,48.089171974522294,65.28662420382165,51.910828025477706,13.375796178343949,34.71337579617834
01011203,01,01,12,03,1126,599,739,527,212,387,100.0,53.197158081705155,65.63055062166963,46.802841918294845,18.82770870337478,34.36944937833037
01011204,01,01,12,04,8370,4283,5545,4087,1458,2825,100.0,51.17084826762246,66.24850657108722,48.82915173237754,17.419354838709676,33.75149342891278
01011301,01,01,13,01,6807,2936,4742,3871,871,2065,100.0,43.13206992801528,69.66358160716909,56.867930071984716,12.79565153518437,30.33641839283091
01011302,01,01,13,02,12301,4929,9091,7372,1719,3210,100.0,40.06991301520202,73.90456060482887,59.93008698479798,13.974473620030892,26.095439395171123
01011303,01,01,13,03,9849,4725,6469,5124,1345,3380,100.0,47.97441364605544,65.68179510610214,52.02558635394456,13.656208752157578,34.31820489389786
01011304,01,01,13,04,8743,3840,6353,4903,1450,2390,100.0,43.92085096648747,72.66384536200388,56.07914903351252,16.584696328491365,27.336154637996113
01011305,01,01,13,05,8985,3877,6420,5108,1312,2565,100.0,43.149693934335005,71.45242070116862,56.850306065665,14.602114635503616,28.547579298831387
01011306,01,01,13,06,10701,4844,7467,5857,1610,3234,100.0,45.266797495561164,69.7785253714606,54.733202504438836,15.045322867021774,30.22147462853939
01011401,01,01,14,01,17788,7816,12342,9972,2370,5446,100.0,43.93973465257477,69.38385428378683,56.06026534742523,13.323588936361592,30.61614571621318
01011402,01,01,14,02,13412,5391,9848,8021,1827,3564,100.0,40.195347450044736,73.42678198628094,59.804652549955264,13.622129436325677,26.573218013719057
01022101,01,02,21,01,3478,1897,2194,1581,613,1284,100.0,54.54284071305347,63.082231167337554,45.45715928694652,17.62507188039103,36.91776883266245
01022102,01,02,21,02,6814,4286,3855,2528,1327,2959,100.0,62.899911945993544,56.57469914881127,37.100088054006456,19.474611094804814,43.42530085118873
01022103,01,02,21,03,269,219,110,50,60,159,100.0,81.41263940520446,40.89219330855018,18.587360594795538,22.304832713754646,59.10780669144982
01022104,01,02,21,04,18606,9395,12514,9211,3303,6092,100.0,50.49446415134903,67.2578738041492,49.50553584865097,17.752337955498227,32.7421261958508
01022105,01,02,21,05,5209,3047,3341,2162,1179,1868,100.0,58.494912651180655,64.13899020925321,41.50508734881935,22.633902860433864,35.861009790746785
01022106,01,02,21,06,11283,3985,9057,7298,1759,2226,100.0,35.31862093414872,80.2712044668971,64.68137906585129,15.58982540104582,19.728795533102897
01022201,01,02,22,01,10846,5448,7547,5398,2149,3299,100.0,50.230499723400335,69.5832565000922,49.76950027659967,19.813756223492533,30.4167434999078
01022202,01,02,22,02,4183,2741,2433,1442,991,1750,100.0,65.5271336361463,58.163997131245516,34.4728663638537,23.691130767391826,41.836002868754484
01022203,01,02,22,03,7017,4203,4642,2814,1828,2375,100.0,59.89739204788371,66.15362690608522,40.10260795211629,26.051018953968935,33.84637309391478
01022204,01,02,22,04,5973,2578,4433,3395,1038,1540,100.0,43.16089067470283,74.21731123388582,56.839109325297166,17.37820190858865,25.78268876611418
01022205,01,02,22,05,3286,2103,2208,1183,1025,1078,100.0,63.998782714546564,67.1941570298235,36.00121728545344,31.192939744370058,32.805842970176506
01022206,01,02,22,06,3061,1304,2351,1757,594,710,100.0,42.60045736687357,76.80496569748449,57.39954263312643,19.40542306435805,23.19503430251552
01022207,01,02,22,07,5669,2680,3770,2989,781,1899,100.0,47.27465161404128,66.5020285764685,52.725348385958725,13.77668019050979,33.49797142353149
01033101,01,03,31,01,26420,16792,15555,9628,5927,10865,100.0,63.557910673732025,58.87585162755489,36.442089326267975,22.4337623012869,41.12414837244512
01033102,01,03,31,02,11654,7156,7273,4498,2775,4381,100.0,61.40380985069505,62.40775699330702,38.59619014930496,23.811566844002062,37.59224300669298
01033201,01,03,32,01,14241,9484,9886,4757,5129,4355,100.0,66.59644687873043,69.41928235376729,33.403553121269574,36.01572923249772,30.580717646232706
01033202,01,03,32,02,10402,6163,7282,4239,3043,3120,100.0,59.24822149586618,70.00576812151509,40.751778504133824,29.253989617381272,29.994231878484907
01033203,01,03,32,03,14529,9373,8719,5156,3563,5810,100.0,64.51235460114255,60.01101245784294,35.48764539885746,24.523367058985475,39.98898754215707
01044101,01,04,41,01,20582,10243,14153,10339,3814,6429,100.0,49.76678651248664,68.76396851617919,50.23321348751336,18.530755028665823,31.236031483820813
01044102,01,04,41,02,16473,7025,12381,9448,2933,4092,100.0,42.645541188611666,75.15935166636314,57.354458811388334,17.804892854974806,24.84064833363686
01044103,01,04,41,03,8721,4716,5468,4005,1463,3253,100.0,54.076367389060884,62.69923173947942,45.923632610939116,16.775599128540307,37.300768260520584
01044201,01,04,42,01,23734,16239,13524,7495,6029,10210,100.0,68.4208308755372,56.98154546220612,31.579169124462798,25.40237633774332,43.01845453779388
01044202,01,04,42,02,16819,9834,10033,6985,3048,6786,100.0,58.46958796599084,59.65277364884951,41.53041203400916,18.12236161484036,40.34722635115048
01044203,01,04,42,03,15731,9382,9617,6349,3268,6114,100.0,59.64020087724874,61.13406649291208,40.359799122751255,20.77426737016083,38.86593350708792
02010101,02,01,01,01,6428,4502,3802,1926,1876,2626,100.0,70.03733665214685,59.14747977598008,29.96266334785314,29.184816428126947,40.85252022401991
02010102,02,01,01,02,13833,9464,9149,4369,4780,4684,100.0,68.41610641220271,66.13894310706281,31.583893587797295,34.55504951926552,33.86105689293718
02010103,02,01,01,03,15234,10768,9792,4466,5326,5442,100.0,70.68399632401207,64.27727451752658,29.316003675987922,34.96127084153866,35.722725482473415
02010104,02,01,01,04,5065,3299,3446,1766,1680,1619,100.0,65.13326752221126,68.035538005923,34.866732477788744,33.16880552813426,31.964461994077
02020201,02,02,02,01,1931,775,1493,1156,337,438,100.0,40.13464526152253,77.31745209735888,59.86535473847747,17.452097358881407,22.68254790264112
02020202,02,02,02,02,6062,2690,4344,3372,972,1718,100.0,44.37479379742659,71.65951831078851,55.62520620257341,16.03431210821511,28.340481689211483
02020203,02,02,02,03,10900,4399,8194,6501,1693,2706,100.0,40.357798165137616,75.17431192660551,59.642201834862384,15.532110091743121,24.825688073394495
02020204,02,02,02,04,12562,5472,9096,7090,2006,3466,100.0,43.55994268428594,72.40885209361566,56.44005731571406,15.968794777901607,27.591147906384332
02020205,02,02,02,05,14964,6276,11234,8688,2546,3730,100.0,41.940657578187654,75.07350975674953,58.05934242181235,17.014167334937184,24.92649024325047
02020206,02,02,02,06,18976,9045,13598,9931,3667,5378,100.0,47.66547217537943,71.65893760539629,52.33452782462057,19.324409780775717,28.34106239460371
02030301,02,03,03,01,8847,5592,5527,3255,2272,3320,100.0,63.20786707358427,62.47315474172036,36.79213292641573,25.68102181530462,37.52684525827964
02030302,02,03,03,02,13033,7121,8764,5912,2852,4269,100.0,54.63822604158675,67.24468656487377,45.36177395841326,21.882912606460522,32.75531343512622
02030401,02,03,04,01,15109,7461,10320,7648,2672,4789,100.0,49.38116354490701,68.30366007015685,50.61883645509299,17.68482361506387,31.69633992984314
02030402,02,03,04,02,10979,5629,7316,5350,1966,3663,100.0,51.27060752345387,66.63630567446944,48.72939247654614,17.90691319792331,33.36369432553056
02040501,02,04,05,01,5380,1625,4493,3755,738,887,100.0,30.20446096654275,83.51301115241637,69.79553903345726,13.717472118959106,16.486988847583643
02040502,02,04,05,02,7706,2563,6085,5143,942,1621,100.0,33.25979756034259,78.96444329094211,66.74020243965741,12.224240851284714,21.035556709057875
02040503,02,04,05,03,11355,3325,9179,8030,1149,2176,100.0,29.282254513430207,80.83663584324087,70.7177454865698,10.11889035667107,19.163364156759137
02040701,02,04,07,01,13506,6172,9472,7334,2138,4034,100.0,45.69820820376129,70.13179327706204,54.30179179623871,15.830001480823338,29.868206722937952
02040702,02,04,07,02,11200,3564,8679,7636,1043,2521,100.0,31.821428571428573,77.49107142857142,68.17857142857143,9.3125,22.508928571428573
02040703,02,04,07,03,1113,761,444,352,92,669,100.0,68.3737646001797,39.892183288409704,31.626235399820306,8.265947888589398,60.1078167115903
02050601,02,05,06,01,9174,3157,6953,6017,936,2221,100.0,34.412470023980816,75.79027686941356,65.58752997601918,10.202746893394375,24.20972313058644
02050602,02,05,06,02,22040,7365,16908,14675,2233,5132,100.0,33.41651542649728,76.71506352087114,66.58348457350273,10.131578947368421,23.284936479128856
02050801,02,05,08,01,20669,7854,15039,12815,2224,5630,100.0,37.9989356040447,72.76113987130485,62.0010643959553,10.760075475349558,27.238860128695148
02050802,02,05,08,02,21584,7624,16038,13960,2078,5546,100.0,35.322461082283176,74.30504077094143,64.67753891771683,9.627501853224611,25.69495922905856
02050803,02,05,08,03,7752,2884,5696,4868,828,2056,100.0,37.20330237358101,73.47781217750257,62.79669762641898,10.68111455108359,26.522187822497422
02050804,02,05,08,04,4681,1054,4184,3627,557,497,100.0,22.516556291390728,89.38261055330058,77.48344370860927,11.899166844691306,10.617389446699423
03010101,03,01,01,01,4247,697,3806,3550,256,441,100.0,16.411584647986814,89.61619967035554,83.58841535201319,6.027784318342359,10.383800329644455
03010102,03,01,01,02,12505,2813,10334,9692,642,2171,100.0,22.49500199920032,82.6389444222311,77.50499800079969,5.133946421431427,17.36105557776889
03010104,03,01,01,04,223,48,192,175,17,31,100.0,21.524663677130047,86.09865470852019,78.47533632286996,7.623318385650224,13.901345291479823
03020203,03,02,02,03,2053,128,2010,1925,85,43,100.0,6.234778373112518,97.90550414028252,93.76522162688748,4.140282513395031,2.0944958597174863
03020209,03,02,02,09,15177,2661,13623,12516,1107,1554,100.0,17.533109310140343,89.76082229689662,82.46689068985965,7.293931607036964,10.23917770310338
03020210,03,02,02,10,11453,1850,10420,9603,817,1033,100.0,16.152973020169387,90.98052911900812,83.8470269798306,7.133502139177509,9.01947088099188
03020307,03,02,03,07,18308,2535,17227,15773,1454,1081,100.0,13.846405942757265,94.09547738693468,86.15359405724273,7.941883329691938,5.9045226130653266
03030405,03,03,04,05,11479,2191,10188,9288,900,1291,100.0,19.087028486801984,88.75337572959316,80.91297151319802,7.840404216395156,11.24662427040683
03030406,03,03,04,06,8199,751,7883,7448,435,316,100.0,9.159653616294671,96.14587144773753,90.84034638370532,5.3055250640321985,3.854128552262471
03030711,03,03,07,11,6895,568,6660,6327,333,235,100.0,8.237853517041334,96.59173313995649,91.76214648295866,4.829586656997824,3.40826686004351
03030715,03,03,07,15,7830,1650,6687,6180,507,1143,100.0,21.0727969348659,85.40229885057471,78.9272030651341,6.475095785440613,14.597701149425287
03030716,03,03,07,16,1108,42,1090,1066,24,18,100.0,3.790613718411552,98.37545126353791,96.20938628158845,2.166064981949458,1.6245487364620936
03040508,03,04,05,08,4571,953,4260,3618,642,311,100.0,20.848829577772914,93.19623714723255,79.15117042222708,14.04506672500547,6.803762852767448
03040512,03,04,05,12,10343,1925,9383,8418,965,960,100.0,18.611621386444938,90.71836024364305,81.38837861355506,9.329981630087984,9.281639756356956
03040513,03,04,05,13,3430,617,3125,2813,312,305,100.0,17.988338192419825,91.10787172011662,82.01166180758017,9.096209912536443,8.892128279883382
03040614,03,04,06,14,37052,6298,33567,30754,2813,3485,100.0,16.997732915901974,90.59429990283925,83.00226708409802,7.592032818741229,9.405700097160748
03040818,03,04,08,18,35253,6593,31083,28660,2423,4170,100.0,18.70195444359345,88.17121947068335,81.29804555640655,6.8731739142768,11.828780529316655
03050919,03,05,09,19,5087,687,4624,4400,224,463,100.0,13.505012777668568,90.89836839001376,86.49498722233143,4.403381167682328,9.10163160998624
03050920,03,05,09,20,7449,1188,6752,6261,491,697,100.0,15.94844945630286,90.6430393341388,84.05155054369715,6.59148879044167,9.35696066586119
03050923,03,05,09,23,9965,2490,8325,7475,850,1640,100.0,24.98745609633718,83.54239839438034,75.01254390366282,8.529854490717511,16.45760160561967
03050924,03,05,09,24,6339,1585,5262,4754,508,1077,100.0,25.003943839722353,83.00993847610033,74.99605616027765,8.013882315822684,16.99006152389967
03050925,03,05,09,25,9749,1928,8531,7821,710,1218,100.0,19.776387321776593,87.50641091393989,80.2236126782234,7.282798235716484,12.493589086060108
03051017,03,05,10,17,4213,956,3547,3257,290,666,100.0,22.691668644671257,84.1917873249466,77.30833135532875,6.88345596961785,15.808212675053406
03051021,03,05,10,21,6839,1014,6172,5825,347,667,100.0,14.826729053955257,90.24711215089926,85.17327094604474,5.073841204854511,9.752887849100746
03051022,03,05,10,22,4641,531,4317,4110,207,324,100.0,11.441499676793795,93.01874595992243,88.5585003232062,4.460245636716225,6.98125404007757
03061126,03,06,11,26,16167,5163,12660,11004,1656,3507,100.0,31.935424011876044,78.30766375951012,68.06457598812395,10.243087771386158,21.692336240489887
03061131,03,06,11,31,10680,3742,8090,6938,1152,2590,100.0,35.0374531835206,75.74906367041199,64.9625468164794,10.786516853932584,24.250936329588015
03061227,03,06,12,27,14643,4042,12003,10601,1402,2640,100.0,27.603633135286486,81.97090760090146,72.39636686471351,9.57454073618794,18.029092399098545
03061228,03,06,12,28,12745,3333,10510,9412,1098,2235,100.0,26.1514319340918,82.46371125931738,73.84856806590821,8.61514319340918,17.536288740682622
03061332,03,06,13,32,22680,7389,17787,15291,2496,4893,100.0,32.57936507936508,78.42592592592592,67.42063492063492,11.005291005291005,21.574074074074073
03061429,03,06,14,29,9989,1861,8871,8128,743,1118,100.0,18.630493542897185,88.80768845730303,81.36950645710282,7.438182000200221,11.192311542696967
03061430,03,06,14,30,3981,1681,2607,2300,307,1374,100.0,42.225571464456166,65.4860587792012,57.774428535543834,7.711630243657372,34.51394122079879
03061434,03,06,14,34,6462,1941,5084,4521,563,1378,100.0,30.03714020427112,78.67533271432993,69.96285979572887,8.712472918601053,21.32466728567007
03061435,03,06,14,35,4005,1234,3172,2771,401,833,100.0,30.81148564294632,79.20099875156055,69.18851435705369,10.012484394506867,20.79900124843945
03061441,03,06,14,41,2787,788,2378,1999,379,409,100.0,28.274129888769284,85.32472192321492,71.72587011123072,13.598851811984211,14.675278076785073
03071536,03,07,15,36,11255,4289,8375,6966,1409,2880,100.0,38.10750777432253,74.41137272323411,61.89249222567747,12.518880497556642,25.58862727676588
03071537,03,07,15,37,15999,5753,12043,10246,1797,3956,100.0,35.95849740608788,75.27345459091194,64.04150259391211,11.231951996999813,24.726545409088068
03071633,03,07,16,33,3137,983,2488,2154,334,649,100.0,31.33567102327064,79.31144405482945,68.66432897672937,10.647115078100096,20.688555945170545
03071638,03,07,16,38,17650,5851,13778,11799,1979,3872,100.0,33.15014164305949,78.06232294617563,66.8498583569405,11.212464589235127,21.937677053824363
03071639,03,07,16,39,12866,3631,10605,9235,1370,2261,100.0,28.221669516555263,82.4265505984766,71.77833048344475,10.648220115031867,17.573449401523394
04010101,04,01,01,01,10801,5380,7663,5421,2242,3138,100.0,49.81020275900379,70.94713452458106,50.18979724099621,20.757337283584853,29.052865475418944
04010102,04,01,01,02,826,367,520,459,61,306,100.0,44.43099273607748,62.95399515738499,55.56900726392252,7.384987893462469,37.04600484261501
04010103,04,01,01,03,7967,4448,5721,3519,2202,2246,100.0,55.83029998744823,71.80871093259697,44.16970001255178,27.639010920045187,28.191289067403037
04020204,04,02,02,04,185,76,144,109,35,41,100.0,41.08108108108108,77.83783783783784,58.91891891891892,18.91891891891892,22.162162162162165
04020205,04,02,02,05,1290,330,1111,960,151,179,100.0,25.581395348837212,86.12403100775194,74.4186046511628,11.705426356589149,13.875968992248062
04020206,04,02,02,06,2908,917,2318,1991,327,590,100.0,31.53370013755158,79.7111416781293,68.46629986244842,11.24484181568088,20.288858321870702
04020207,04,02,02,07,2536,804,2057,1732,325,479,100.0,31.703470031545745,81.11198738170347,68.29652996845425,12.815457413249213,18.88801261829653
04020208,04,02,02,08,2977,823,2549,2154,395,428,100.0,27.64528048370843,85.6231105139402,72.35471951629157,13.268390997648641,14.37688948605979
04020209,04,02,02,09,3195,1250,2228,1945,283,967,100.0,39.123630672926446,69.7339593114241,60.876369327073554,8.857589984350547,30.266040688575902
04020310,04,02,03,10,810,540,342,270,72,468,100.0,66.66666666666666,42.22222222222222,33.33333333333333,8.88888888888889,57.77777777777777
04020311,04,02,03,11,14963,5078,11958,9885,2073,3005,100.0,33.93704471028537,79.91712891799773,66.06295528971464,13.854173628283098,20.08287108200227
04020312,04,02,03,12,5596,1887,4426,3709,717,1170,100.0,33.720514653323804,79.09220872051466,66.2794853466762,12.812723373838455,20.907791279485348
04020313,04,02,03,13,7234,2759,5580,4475,1105,1654,100.0,38.13934199612939,77.13574785734035,61.860658003870604,15.275089853469726,22.864252142659662
04020314,04,02,03,14,7,7,0,0,0,7,100.0,100.0,0.0,0.0,0.0,100.0
04030415,04,03,04,15,3219,1783,1864,1436,428,1355,100.0,55.38987263125195,57.90618204411307,44.61012736874806,13.29605467536502,42.09381795588692
04030416,04,03,04,16,10499,5127,7676,5372,2304,2823,100.0,48.8332222116392,73.11172492618344,51.1667777883608,21.94494713782265,26.888275073816555
04030417,04,03,04,17,10925,4295,8362,6630,1732,2563,100.0,39.31350114416476,76.5400457665904,60.68649885583524,15.853546910755147,23.45995423340961
04030518,04,03,05,18,9612,4492,6895,5120,1775,2717,100.0,46.73325010403662,71.73325010403661,53.266749895963386,18.466500208073242,28.26674989596338
04030519,04,03,05,19,5951,2779,4291,3172,1119,1660,100.0,46.698033943874975,72.10552848260797,53.30196605612502,18.803562426482944,27.894471517392034
04030620,04,03,06,20,8858,4038,6451,4820,1631,2407,100.0,45.58591104086701,72.82682321065704,54.41408895913299,18.412734251524046,27.173176789342968
04030621,04,03,06,21,3340,1989,2078,1351,727,1262,100.0,59.550898203592816,62.21556886227545,40.449101796407184,21.766467065868262,37.78443113772455
04030622,04,03,06,22,10866,5255,7788,5611,2177,3078,100.0,48.36186269096264,71.67310877967974,51.63813730903737,20.034971470642372,28.326891220320267
04030623,04,03,06,23,5063,2909,3386,2154,1232,1677,100.0,57.45605372308907,66.87734544736323,42.54394627691092,24.333399170452303,33.122654552636774
04030724,04,03,07,24,6557,2580,4976,3977,999,1581,100.0,39.34726246759189,75.8883635809059,60.65273753240812,15.235626048497789,24.111636419094097
04030725,04,03,07,25,12267,5099,9036,7168,1868,3231,100.0,41.56680524985734,73.66104181951577,58.43319475014266,15.227847069373116,26.338958180484223
04030726,04,03,07,26,5700,2644,4058,3056,1002,1642,100.0,46.385964912280706,71.19298245614036,53.6140350877193,17.57894736842105,28.807017543859647
04030827,04,03,08,27,12282,6783,7848,5499,2349,4434,100.0,55.22716170004885,63.89838788470933,44.77283829995115,19.125549584758183,36.10161211529067
04030828,04,03,08,28,9680,4536,6707,5144,1563,2973,100.0,46.85950413223141,69.28719008264463,53.1404958677686,16.146694214876035,30.712809917355372
04030929,04,03,09,29,6065,2689,4417,3376,1041,1648,100.0,44.3363561417972,72.82769991755977,55.6636438582028,17.164056059356966,27.17230008244023
04030930,04,03,09,30,5644,2636,3994,3008,986,1650,100.0,46.70446491849752,70.76541459957477,53.29553508150248,17.46987951807229,29.234585400425228
04030931,04,03,09,31,3708,2186,2223,1522,701,1485,100.0,58.95361380798274,59.95145631067961,41.04638619201726,18.90507011866235,40.04854368932039
04031032,04,03,10,32,15705,6969,11472,8736,2736,4233,100.0,44.37440305635148,73.04680038204393,55.62559694364852,17.421203438395416,26.953199617956063
04041133,04,04,11,33,112,79,39,33,6,73,100.0,70.53571428571429,34.82142857142857,29.464285714285715,5.357142857142857,65.17857142857143
04041134,04,04,11,34,5353,2247,4139,3106,1033,1214,100.0,41.97646179712311,77.32112833924903,58.02353820287689,19.29759013637213,22.67887166075098
04041135,04,04,11,35,2788,1037,2224,1751,473,564,100.0,37.19512195121951,79.77044476327116,62.80487804878049,16.965566714490674,20.22955523672884
04041136,04,04,11,36,3159,1159,2536,2000,536,623,100.0,36.68882557771447,80.27856916745806,63.31117442228553,16.967394745172523,19.721430832541945
04041137,04,04,11,37,8288,3310,6475,4978,1497,1813,100.0,39.937258687258684,78.125,60.06274131274131,18.062258687258687,21.875
04041238,04,04,12,38,6058,2193,5006,3865,1141,1052,100.0,36.20006602839221,82.63453284912512,63.79993397160779,18.834598877517333,17.365467150874878
04041239,04,04,12,39,536,373,244,163,81,292,100.0,69.58955223880598,45.52238805970149,30.410447761194032,15.111940298507461,54.47761194029851
04041240,04,04,12,40,1542,442,1320,1100,220,222,100.0,28.664072632944226,85.60311284046692,71.33592736705577,14.267185473411153,14.396887159533073
04041241,04,04,12,41,7071,1896,6015,5175,840,1056,100.0,26.813746287653796,85.06576156130674,73.1862537123462,11.879507848960543,14.934238438693253
04041342,04,04,13,42,4194,1523,3352,2671,681,842,100.0,36.313781592751546,79.9237005245589,63.686218407248454,16.237482117310442,20.076299475441107
04041343,04,04,13,43,3587,1166,2991,2421,570,596,100.0,32.50627265124059,83.38444382492334,67.4937273487594,15.890716476163924,16.615556175076666
04041344,04,04,13,44,10747,3116,8917,7631,1286,1830,100.0,28.994137898948548,82.97199218386527,71.00586210105145,11.966130082813809,17.028007816134735
04051445,04,05,14,45,6448,2953,4860,3495,1365,1588,100.0,45.79714640198511,75.37220843672456,54.20285359801489,21.16935483870968,24.627791563275434
04051446,04,05,14,46,10951,4949,8068,6002,2066,2883,100.0,45.19221988859465,73.67363711076614,54.80778011140535,18.86585699936079,26.326362889233863
04051447,04,05,14,47,5307,2292,3949,3015,934,1358,100.0,43.18824194460147,74.4111550781986,56.81175805539853,17.599397022800076,25.588844921801396
04051448,04,05,14,48,9416,4572,6504,4844,1660,2912,100.0,48.555649957519115,69.07391673746814,51.44435004248088,17.629566694987258,30.92608326253186
04051549,04,05,15,49,4742,2171,3374,2571,803,1368,100.0,45.782370307886964,71.15141290594686,54.217629692113036,16.933783213833824,28.84858709405314
04051550,04,05,15,50,5665,2479,4148,3186,962,1517,100.0,43.75992939099736,73.22153574580759,56.24007060900264,16.981465136804943,26.778464254192407
04051551,04,05,15,51,4523,2044,3339,2479,860,1184,100.0,45.19124474906036,73.82268405925271,54.80875525093965,19.013928808313064,26.17731594074729
04051652,04,05,16,52,9867,4038,7349,5829,1520,2518,100.0,40.92429309820614,74.48059187189622,59.07570690179386,15.404884970102362,25.519408128103784
04051653,04,05,16,53,7027,3110,5130,3917,1213,1897,100.0,44.2578625302405,73.00412693894977,55.7421374697595,17.26198946919027,26.995873061050236
04051654,04,05,16,54,3110,1193,2396,1917,479,714,100.0,38.360128617363344,77.04180064308682,61.639871382636656,15.401929260450162,22.958199356913184
04051655,04,05,16,55,7469,3367,5486,4102,1384,1983,100.0,45.0796626054358,73.45026107912706,54.9203373945642,18.52992368456286,26.54973892087294
04051656,04,05,16,56,7689,2605,6169,5084,1085,1520,100.0,33.87956821433216,80.23149954480427,66.12043178566783,14.111067759136429,19.768500455195735
04061757,04,06,17,57,65,13,52,52,0,13,100.0,20.0,80.0,80.0,0.0,20.0
05010101,05,01,01,01,10613,3197,9053,7416,1637,1560,100.0,30.123433524922266,85.30104588711957,69.87656647507774,15.424479412041837,14.69895411288043
05010102,05,01,01,02,8443,3093,6519,5350,1169,1924,100.0,36.63389790358877,77.2118915077579,63.366102096411225,13.84578941134668,22.788108492242092
05010103,05,01,01,03,7609,1518,6894,6091,803,715,100.0,19.950059140491526,90.6032330135366,80.04994085950847,10.553292154028124,9.396766986463398
05010204,05,01,02,04,3612,1613,2682,1999,683,930,100.0,44.65669988925803,74.25249169435216,55.343300110741964,18.909191583610188,25.74750830564784
05010205,05,01,02,05,2293,627,2049,1666,383,244,100.0,27.34409071085914,89.35891844744876,72.65590928914087,16.703009158307893,10.641081552551244
05010206,05,01,02,06,10681,4613,8161,6068,2093,2520,100.0,43.18883999625503,76.40670349218239,56.811160003744966,19.59554348843741,23.59329650781762
05010207,05,01,02,07,11592,6035,8827,5557,3270,2765,100.0,52.06176673567978,76.14734299516908,47.938233264320225,28.209109730848862,23.852657004830917
05010208,05,01,02,08,7669,2812,5959,4857,1102,1710,100.0,36.66710131699048,77.7024383883166,63.33289868300952,14.36953970530708,22.2975616116834
05010209,05,01,02,09,6080,2007,5100,4073,1027,980,100.0,33.00986842105263,83.88157894736842,66.99013157894737,16.891447368421055,16.11842105263158
05010310,05,01,03,10,3973,1596,2975,2377,598,998,100.0,40.17115529826328,74.88044299018374,59.82884470173673,15.051598288447018,25.119557009816262
05010311,05,01,03,11,5622,2875,4238,2747,1491,1384,100.0,51.13838491639986,75.38242618285308,48.86161508360014,26.520811099252935,24.617573817146923
05010312,05,01,03,12,7363,4290,4240,3073,1167,3123,100.0,58.26429444519897,57.585223414369146,41.73570555480104,15.84951785956811,42.41477658563086
05010313,05,01,03,13,6802,2991,4920,3811,1109,1882,100.0,43.97236107027345,72.33166715671861,56.02763892972655,16.304028226992063,27.66833284328139
05010314,05,01,03,14,12364,4993,9537,7371,2166,2827,100.0,40.38337107732126,77.13523131672598,59.61662892267875,17.518602394047235,22.864768683274022
05010339,05,01,03,39,944,643,365,301,64,579,100.0,68.11440677966102,38.66525423728814,31.885593220338983,6.779661016949152,61.33474576271186
05020415,05,02,04,15,3824,835,3577,2989,588,247,100.0,21.835774058577407,93.5407949790795,78.1642259414226,15.376569037656903,6.4592050209205025
05020416,05,02,04,16,1679,98,1660,1581,79,19,100.0,5.836807623585467,98.868374032162,94.16319237641453,4.705181655747468,1.1316259678379987
05020417,05,02,04,17,5814,1781,4980,4033,947,834,100.0,30.632954936360505,85.65531475748193,69.3670450636395,16.28826969384245,14.344685242518059
05020418,05,02,04,18,4329,1191,3611,3138,473,718,100.0,27.51212751212751,83.41418341418341,72.48787248787248,10.926310926310927,16.585816585816584
05020419,05,02,04,19,7237,2340,5978,4897,1081,1259,100.0,32.3338399889457,82.60328865552025,67.6661600110543,14.937128644465938,17.39671134447976
05020420,05,02,04,20,1087,204,998,883,115,89,100.0,18.767249310027598,91.81232750689972,81.2327506899724,10.579576816927323,8.187672493100276
05020521,05,02,05,21,3270,914,2924,2356,568,346,100.0,27.95107033639144,89.41896024464832,72.04892966360856,17.370030581039757,10.581039755351682
05020522,05,02,05,22,7630,3754,5213,3876,1337,2417,100.0,49.2005242463958,68.3224115334207,50.7994757536042,17.522935779816514,31.677588466579294
05020523,05,02,05,23,12617,7645,8487,4972,3515,4130,100.0,60.59285091543156,67.26638662122532,39.40714908456844,27.859237536656888,32.73361337877467
05020524,05,02,05,24,6270,1478,5559,4792,767,711,100.0,23.572567783094097,88.66028708133972,76.4274322169059,12.232854864433811,11.339712918660288
05020625,05,02,06,25,7582,2927,5826,4655,1171,1756,100.0,38.604589817989975,76.83988393563703,61.395410182010025,15.444473753627012,23.160116064362963
05020626,05,02,06,26,18217,6651,14075,11566,2509,4142,100.0,36.50985343360597,77.26299610254158,63.490146566394024,13.772849536147556,22.73700389745842
05020627,05,02,06,27,4395,2043,3093,2352,741,1302,100.0,46.484641638225256,70.37542662116041,53.515358361774744,16.860068259385667,29.624573378839592
05020628,05,02,06,28,2001,543,1747,1458,289,254,100.0,27.136431784107945,87.30634682658672,72.86356821589204,14.442778610694655,12.693653173413294
05020629,05,02,06,29,4426,714,4104,3712,392,322,100.0,16.13194758246724,92.72480795300497,83.86805241753275,8.856755535472209,7.27519204699503
05030730,05,03,07,30,4136,2291,3347,1845,1502,789,100.0,55.391682785299814,80.92359767891682,44.60831721470019,36.315280464216634,19.076402321083172
05030731,05,03,07,31,11595,5092,9106,6503,2603,2489,100.0,43.91548081069426,78.53385079775765,56.08451918930574,22.44933160845192,21.466149202242345
05030832,05,03,08,32,12252,5856,8879,6396,2483,3373,100.0,47.796278158667974,72.469800848841,52.203721841332026,20.266079007508978,27.530199151158996
05030833,05,03,08,33,490,241,362,249,113,128,100.0,49.183673469387756,73.87755102040816,50.816326530612244,23.06122448979592,26.122448979591837
05040934,05,04,09,34,3410,845,2946,2565,381,464,100.0,24.780058651026394,86.39296187683284,75.2199413489736,11.173020527859236,13.607038123167156
05040935,05,04,09,35,446,106,380,340,40,66,100.0,23.766816143497756,85.20179372197309,76.23318385650224,8.968609865470851,14.798206278026907
05040936,05,04,09,36,10188,1825,9593,8363,1230,595,100.0,17.91323125245387,94.15979583824107,82.08676874754613,12.073027090694936,5.840204161758932
05040937,05,04,09,37,2219,376,2075,1843,232,144,100.0,16.94456962595764,93.51059035601622,83.05543037404236,10.455159981973862,6.489409643983776
05040938,05,04,09,38,3684,548,3474,3136,338,210,100.0,14.87513572204126,94.29967426710097,85.12486427795875,9.174809989142236,5.700325732899023
06010101,06,01,01,01,6924,1866,5975,5058,917,949,100.0,26.949740034662046,86.29404968226459,73.05025996533796,13.243789716926631,13.705950317735413
06010102,06,01,01,02,8889,3229,7179,5660,1519,1710,100.0,36.32579592755091,80.76274046574417,63.67420407244909,17.088536393295083,19.23725953425582
06010103,06,01,01,03,6340,2049,5302,4291,1011,1038,100.0,32.3186119873817,83.62776025236593,67.6813880126183,15.946372239747634,16.37223974763407
06010204,06,01,02,04,6885,2436,5656,4449,1207,1229,100.0,35.38126361655773,82.14960058097313,64.61873638344227,17.530864197530864,17.850399419026868
06010205,06,01,02,05,9814,3268,8103,6546,1557,1711,100.0,33.299368249439574,82.56572243733441,66.70063175056042,15.865090686773996,17.434277562665578
06010206,06,01,02,06,7733,2318,6536,5415,1121,1197,100.0,29.975429975429975,84.52088452088452,70.02457002457002,14.496314496314497,15.47911547911548
06010207,06,01,02,07,7964,2714,6517,5250,1267,1447,100.0,34.07835258663988,81.83073832245103,65.92164741336012,15.909090909090908,18.16926167754897
06010208,06,01,02,08,6879,2160,5763,4719,1044,1116,100.0,31.399912778020063,83.7767117313563,68.60008722197995,15.176624509376364,16.2232882686437
06010209,06,01,02,09,9274,3277,7518,5997,1521,1756,100.0,35.33534612896269,81.06534397239594,64.6646538710373,16.400690101358638,18.934656027604056
06010210,06,01,02,10,4850,1398,4105,3452,653,745,100.0,28.824742268041238,84.63917525773196,71.17525773195877,13.463917525773194,15.360824742268042
06020301,06,02,03,01,4957,1184,4404,3773,631,553,100.0,23.885414565261247,88.84405890659673,76.11458543473876,12.72947347185798,11.155941093403268
06020302,06,02,03,02,6079,1933,4940,4146,794,1139,100.0,31.797993090968905,81.26336568514559,68.20200690903108,13.061358776114492,18.736634314854417
06020303,06,02,03,03,7386,2324,6167,5062,1105,1219,100.0,31.464933658272408,83.49580287029515,68.53506634172759,14.960736528567562,16.50419712970485
06020304,06,02,03,04,7279,2203,6175,5076,1099,1104,100.0,30.265146311306495,84.8330814672345,69.7348536886935,15.098227778541009,15.16691853276549
06020305,06,02,03,05,11447,4014,9320,7433,1887,2127,100.0,35.065956145715035,81.41871232637372,64.93404385428497,16.484668472088757,18.581287673626278
06020306,06,02,03,06,6353,1248,5810,5105,705,543,100.0,19.64426255312451,91.4528569179915,80.3557374468755,11.097119471116008,8.5471430820085
06020407,06,02,04,07,4618,2302,3432,2316,1116,1186,100.0,49.848419229103506,74.31788653096578,50.15158077089649,24.166305760069296,25.682113469034213
06020408,06,02,04,08,6981,2020,5887,4961,926,1094,100.0,28.935682566967486,84.32889270878098,71.06431743303251,13.264575275748461,15.671107291219021
06020409,06,02,04,09,8352,2189,7141,6163,978,1211,100.0,26.209291187739463,85.50047892720306,73.79070881226055,11.709770114942529,14.499521072796934
06020410,06,02,04,10,7010,1467,6166,5543,623,844,100.0,20.927246790299574,87.96005706134095,79.07275320970044,8.887303851640514,12.039942938659058
06020411,06,02,04,11,8624,2307,7528,6317,1211,1096,100.0,26.750927643784788,87.291280148423,73.24907235621522,14.042207792207792,12.708719851576994
06030501,06,03,05,01,5715,1385,4865,4330,535,850,100.0,24.234470691163605,85.12685914260717,75.76552930883639,9.361329833770778,14.873140857392825
06030502,06,03,05,02,5591,1382,4865,4209,656,726,100.0,24.718297263459128,87.0148452870685,75.28170273654086,11.733142550527633,12.985154712931497
06030503,06,03,05,03,11725,3471,9939,8254,1685,1786,100.0,29.603411513859275,84.76759061833688,70.39658848614071,14.371002132196162,15.232409381663112
06030504,06,03,05,04,11119,2570,9872,8549,1323,1247,100.0,23.113589351560393,88.78496267649969,76.88641064843961,11.898552028060077,11.215037323500315
06030605,06,03,06,05,7107,1998,6030,5109,921,1077,100.0,28.113127902068385,84.84592655128746,71.88687209793162,12.959054453355847,15.154073448712538
06030606,06,03,06,06,5608,2187,4220,3421,799,1388,100.0,38.997860199714694,75.24964336661911,61.002139800285306,14.247503566333808,24.750356633380886
06030607,06,03,06,07,3133,1165,2305,1968,337,828,100.0,37.184806894350466,73.57165655920844,62.815193105649534,10.75646345355889,26.428343440791576
06030608,06,03,06,08,13729,3946,11896,9783,2113,1833,100.0,28.7420788112754,86.64869983247141,71.2579211887246,15.390778643746813,13.35130016752859
06030609,06,03,06,09,12100,3070,10447,9030,1417,1653,100.0,25.371900826446282,86.3388429752066,74.62809917355372,11.710743801652892,13.661157024793388
06030610,06,03,06,10,8485,2022,7408,6463,945,1077,100.0,23.83028874484384,87.30701237477902,76.16971125515616,11.137301119622864,12.692987625220978
06040701,06,04,07,01,10264,2367,8960,7897,1063,1304,100.0,23.061184723304752,87.2954014029618,76.93881527669525,10.356586126266562,12.704598597038192
06040702,06,04,07,02,5487,1322,4820,4165,655,667,100.0,24.093311463459084,87.84399489702935,75.90668853654091,11.937306360488426,12.156005102970656
06040703,06,04,07,03,10949,3135,8846,7814,1032,2103,100.0,28.632751849483974,80.79276646269065,71.36724815051603,9.425518312174628,19.207233537309342
06040804,06,04,08,04,7484,1384,6822,6100,722,662,100.0,18.492784607161948,91.15446285408872,81.50721539283805,9.647247461250668,8.845537145911278
06040805,06,04,08,05,5293,1213,4697,4080,617,596,100.0,22.917060268278856,88.73984507840544,77.08293973172114,11.656905346684301,11.260154921594559
06040806,06,04,08,06,7318,1253,6702,6065,637,616,100.0,17.122164525826726,91.58239956272205,82.87783547417327,8.704564088548784,8.417600437277944
06040807,06,04,08,07,5984,1486,5254,4498,756,730,100.0,24.83288770053476,87.80080213903744,75.16711229946524,12.633689839572193,12.199197860962567
06040808,06,04,08,08,4778,1771,4096,3007,1089,682,100.0,37.065717873587275,85.72624529091671,62.934282126412725,22.791963164503976,14.273754709083297
06040809,06,04,08,09,4957,1538,4043,3419,624,914,100.0,31.026830744401856,81.56142828323583,68.97316925559814,12.588259027637685,18.43857171676417
06040810,06,04,08,10,7118,2310,5869,4808,1061,1249,100.0,32.45293621803877,82.45293621803877,67.54706378196123,14.90587243607755,17.547063781961224
07010101,07,01,01,01,10002,4983,7010,5019,1991,2992,100.0,49.820035992801444,70.08598280343932,50.17996400719856,19.90601879624075,29.91401719656069
07010102,07,01,01,02,16541,9481,10708,7060,3648,5833,100.0,57.318179070189224,64.7361102714467,42.68182092981077,22.054289341635936,35.263889728553295
07010103,07,01,01,03,10591,4232,8058,6359,1699,2533,100.0,39.95845529222925,76.08346709470305,60.04154470777075,16.0419223869323,23.91653290529695
07010104,07,01,01,04,13654,7709,9133,5945,3188,4521,100.0,56.45964552512084,66.88882378790099,43.54035447487916,23.348469313021823,33.11117621209902
07020201,07,02,02,01,10669,3861,8569,6808,1761,2100,100.0,36.18895866529196,80.3168056987534,63.81104133470803,16.505764364045366,19.6831943012466
07020202,07,02,02,02,10499,4752,7625,5747,1878,2874,100.0,45.26145347175922,72.62596437755977,54.73854652824078,17.887417849318982,27.374035622440235
07020203,07,02,02,03,17994,8001,13342,9993,3349,4652,100.0,44.464821607202396,74.14693786817828,55.535178392797604,18.611759475380683,25.85306213182172
07020204,07,02,02,04,12186,4561,9556,7625,1931,2630,100.0,37.42819629082554,78.41785655670441,62.57180370917447,15.84605284752995,21.582143443295585
07030301,07,03,03,01,24713,7095,20816,17618,3198,3897,100.0,28.709586047829077,84.23097155343342,71.29041395217092,12.940557601262492,15.769028446566585
07030302,07,03,03,02,9440,3061,7840,6379,1461,1600,100.0,32.425847457627114,83.05084745762711,67.57415254237287,15.476694915254239,16.94915254237288
07030303,07,03,03,03,12350,5475,9547,6875,2672,2803,100.0,44.33198380566802,77.30364372469636,55.66801619433198,21.635627530364374,22.696356275303646
07040401,07,04,04,01,17586,6817,14299,10769,3530,3287,100.0,38.76378937791425,81.30899579210737,61.23621062208575,20.07278517002161,18.691004207892643
07040402,07,04,04,02,2311,500,2073,1811,262,238,100.0,21.635655560363478,89.70142795326699,78.36434443963653,11.337083513630462,10.298572046733016
07040403,07,04,04,03,24597,9613,19321,14984,4337,5276,100.0,39.08200187014677,78.55022970280928,60.91799812985323,17.63223157295605,21.449770297190714
07040404,07,04,04,04,5106,1432,4418,3674,744,688,100.0,28.045436741088913,86.52565609087348,71.95456325891108,14.571092831962398,13.474343909126517
07040405,07,04,04,05,11232,5144,8250,6088,2162,2982,100.0,45.7977207977208,73.4508547008547,54.2022792022792,19.248575498575498,26.549145299145298
07040406,07,04,04,06,4039,2301,2588,1738,850,1451,100.0,56.96954691755385,64.07526615498887,43.03045308244615,21.04481307254271,35.92473384501114
07050501,07,05,05,01,17124,7107,13399,10017,3382,3725,100.0,41.5031534688157,78.24690492875497,58.496846531184296,19.750058397570662,21.753095071245035
07050502,07,05,05,02,8158,3233,6265,4925,1340,1893,100.0,39.62981122824222,76.79578328021573,60.37018877175778,16.425594508457955,23.20421671978426
07050503,07,05,05,03,9130,3069,7655,6061,1594,1475,100.0,33.6144578313253,83.84446878422781,66.38554216867469,17.45892661555312,16.15553121577218
07050504,07,05,05,04,5671,1907,4809,3764,1045,862,100.0,33.627226238758595,84.7998589314054,66.3727737612414,18.42708517016399,15.200141068594606
07050505,07,05,05,05,10713,3211,9217,7502,1715,1496,100.0,29.972930084943528,86.03565761224681,70.02706991505647,16.00858769719033,13.964342387753199
07050506,07,05,05,06,2247,537,2025,1710,315,222,100.0,23.89853137516689,90.12016021361816,76.10146862483312,14.018691588785046,9.879839786381844
07060601,07,06,06,01,10305,4426,7785,5879,1906,2520,100.0,42.95002426006793,75.54585152838428,57.049975739932066,18.495875788452206,24.45414847161572
07060602,07,06,06,02,4774,1240,4227,3534,693,547,100.0,25.97402597402597,88.54210305823209,74.02597402597402,14.516129032258066,11.45789694176791
07060603,07,06,06,03,2842,1103,2353,1739,614,489,100.0,38.810696692470096,82.79380717804364,61.189303307529904,21.60450387051372,17.206192821956368
07060604,07,06,06,04,14480,5649,12207,8831,3376,2273,100.0,39.01243093922652,84.3024861878453,60.98756906077348,23.314917127071823,15.697513812154696
07070701,07,07,07,01,10525,2404,9433,8121,1312,1092,100.0,22.840855106888363,89.62470308788598,77.15914489311164,12.465558194774347,10.375296912114013
07070702,07,07,07,02,10930,2473,9966,8457,1509,964,100.0,22.62580054894785,91.18023787740165,77.37419945105215,13.806038426349495,8.819762122598354
07070703,07,07,07,03,8332,2474,7185,5858,1327,1147,100.0,29.692750840134423,86.23379740758521,70.30724915986558,15.926548247719635,13.766202592414785
07070704,07,07,07,04,8473,3372,6556,5101,1455,1917,100.0,39.79700224241709,77.37519178567214,60.20299775758291,17.172194028089223,22.624808214327867
07070705,07,07,07,05,7006,1327,6428,5679,749,578,100.0,18.94090779332001,91.74992863260063,81.05909220667998,10.69083642592064,8.250071367399373
07070706,07,07,07,06,3881,862,3367,3019,348,514,100.0,22.210770419994848,86.7559907240402,77.78922958000514,8.966761144035043,13.244009275959803
07070707,07,07,07,07,2961,557,2679,2404,275,282,100.0,18.811212428233706,90.47619047619048,81.1887875717663,9.287402904424182,9.523809523809524
08010115,08,01,01,15,938,420,665,518,147,273,100.0,44.776119402985074,70.8955223880597,55.223880597014926,15.671641791044777,29.1044776119403
08010116,08,01,01,16,3614,2123,2198,1491,707,1416,100.0,58.743774211400115,60.81903707802988,41.256225788599885,19.562811289429995,39.180962921970114
08010117,08,01,01,17,15798,8188,10333,7610,2723,5465,100.0,51.82934548677047,65.40701354601849,48.17065451322952,17.23635903278896,34.59298645398152
08010118,08,01,01,18,12044,7386,7533,4658,2875,4511,100.0,61.32514114911989,62.545665891730316,38.674858850880106,23.870807040850217,37.45433410826968
08010211,08,01,02,11,9824,5775,6033,4049,1984,3791,100.0,58.78460912052117,61.41083061889251,41.215390879478825,20.195439739413683,38.58916938110749
08010212,08,01,02,12,7397,5023,4859,2374,2485,2538,100.0,67.90590780045964,65.68879275381911,32.094092199540356,33.59470055427876,34.311207246180885
08010213,08,01,02,13,12248,6765,7983,5483,2500,4265,100.0,55.23350751143043,65.17798824297844,44.76649248856957,20.411495754408886,34.822011757021556
08010214,08,01,02,14,8570,5103,5120,3467,1653,3450,100.0,59.54492415402567,59.74329054842473,40.45507584597433,19.28821470245041,40.25670945157526
08010301,08,01,03,01,27355,13664,18629,13691,4938,8726,100.0,49.95064887589106,68.1008956315116,50.049351124108945,18.05154450740267,31.899104368488395
08010302,08,01,03,02,3852,1459,2997,2393,604,855,100.0,37.876427829698855,77.80373831775701,62.123572170301145,15.680166147455868,22.19626168224299
08010303,08,01,03,03,8306,5063,4962,3243,1719,3344,100.0,60.95593546833614,59.739947026246085,39.04406453166386,20.69588249458223,40.260052973753915
08010404,08,01,04,04,23143,12366,15191,10777,4414,7952,100.0,53.43300349997839,65.63971827334399,46.56699650002161,19.07272177332239,34.360281726656005
08010405,08,01,04,05,8894,4265,6155,4629,1526,2739,100.0,47.953676635934336,69.20395772430852,52.046323364065664,17.15763436024286,30.796042275691477
08010406,08,01,04,06,7073,4250,4267,2823,1444,2806,100.0,60.087657288279374,60.328007917432494,39.912342711720626,20.41566520571186,39.671992082567506
08010407,08,01,04,07,794,345,568,449,119,226,100.0,43.45088161209068,71.53652392947103,56.549118387909324,14.987405541561714,28.463476070528966
08010508,08,01,05,08,5734,4199,3654,1535,2119,2080,100.0,73.22985699337286,63.725148238576914,26.770143006627134,36.95500523194977,36.274851761423086
08010509,08,01,05,09,9226,6089,6596,3137,3459,2630,100.0,65.99826577064817,71.49360502926511,34.00173422935183,37.49187079991329,28.506394970734878
08010510,08,01,05,10,466,315,233,151,82,233,100.0,67.59656652360515,50.0,32.40343347639485,17.59656652360515,50.0
08020619,08,02,06,19,11702,6584,7728,5118,2610,3974,100.0,56.26388651512562,66.03999316356179,43.73611348487438,22.303879678687405,33.96000683643822
08020620,08,02,06,20,9316,4288,7196,5028,2168,2120,100.0,46.028338342636324,77.2434521253757,53.971661657363676,23.27179046801202,22.756547874624303
08020621,08,02,06,21,2329,620,2141,1709,432,188,100.0,26.620867325032204,91.92786603692572,73.37913267496779,18.54873336195792,8.07213396307428
08020622,08,02,06,22,14270,4181,12323,10089,2234,1947,100.0,29.299229152067273,86.35599159074982,70.70077084793273,15.6552207428171,13.644008409250175
08020623,08,02,06,23,1259,418,1070,841,229,189,100.0,33.20095313741064,84.98808578236697,66.79904686258936,18.1890389197776,15.011914217633043
08020624,08,02,06,24,1400,523,1224,877,347,176,100.0,37.357142857142854,87.42857142857143,62.642857142857146,24.785714285714285,12.571428571428573
08020625,08,02,06,25,3336,1064,2806,2272,534,530,100.0,31.894484412470025,84.11270983213429,68.10551558752998,16.007194244604317,15.887290167865709
08020726,08,02,07,26,8314,2275,7351,6039,1312,963,100.0,27.363483281212414,88.41712773634833,72.63651671878759,15.78061101756074,11.582872263651673
08020727,08,02,07,27,11612,3573,10090,8039,2051,1522,100.0,30.76989321391664,86.89286944540132,69.23010678608337,17.662762659317945,13.107130554598692
08020728,08,02,07,28,8801,4040,6780,4761,2019,2021,100.0,45.903874559709124,77.03670037495739,54.096125440290876,22.940574934666515,22.96329962504261
08030829,08,03,08,29,12533,6578,9851,5955,3896,2682,100.0,52.485438442511764,78.60049469400782,47.514561557488236,31.08593313651959,21.399505305992182
08030830,08,03,08,30,7279,3111,6040,4168,1872,1239,100.0,42.73938727847232,82.9784311031735,57.26061272152768,25.71781838164583,17.021568896826487
08030831,08,03,08,31,17680,9394,13819,8286,5533,3861,100.0,53.133484162895925,78.16176470588235,46.866515837104075,31.29524886877828,21.83823529411765
08040932,08,04,09,32,2821,948,2440,1873,567,381,100.0,33.60510457284651,86.49415101028004,66.39489542715349,20.099255583126553,13.505848989719956
08040933,08,04,09,33,4126,1397,3535,2729,806,591,100.0,33.8584585555017,85.67619970916141,66.1415414444983,19.53465826466311,14.323800290838584
08040934,08,04,09,34,2670,913,2282,1757,525,388,100.0,34.19475655430711,85.46816479400749,65.80524344569288,19.662921348314608,14.531835205992511
08041035,08,04,10,35,8288,2965,7001,5323,1678,1287,100.0,35.7746138996139,84.4715250965251,64.22538610038609,20.246138996138995,15.528474903474903
08041036,08,04,10,36,6865,1757,6146,5108,1038,719,100.0,25.59359067734887,89.5265841223598,74.40640932265113,15.120174799708666,10.473415877640203
08041037,08,04,10,37,9955,2877,8620,7078,1542,1335,100.0,28.900050226017076,86.58965344048217,71.09994977398291,15.489703666499247,13.41034655951783
08041038,08,04,10,38,7080,1732,6520,5348,1172,560,100.0,24.463276836158194,92.09039548022598,75.53672316384181,16.55367231638418,7.909604519774012
08041039,08,04,10,39,3807,1141,3426,2666,760,381,100.0,29.971105857630683,89.99211977935381,70.02889414236932,19.963225636984504,10.007880220646179
08041040,08,04,10,40,7947,2104,7060,5843,1217,887,100.0,26.475399521832138,88.83855542972191,73.52460047816787,15.313954951554045,11.161444570278093
09010101,09,01,01,01,12993,4253,10443,8740,1703,2550,100.0,32.73301008235204,80.37404756407295,67.26698991764796,13.107057646425,19.625952435927037
09010102,09,01,01,02,68,12,56,56,0,12,100.0,17.647058823529413,82.35294117647058,82.35294117647058,0.0,17.647058823529413
09010201,09,01,02,01,4360,814,3919,3546,373,441,100.0,18.6697247706422,89.88532110091742,81.3302752293578,8.555045871559633,10.114678899082568
09010202,09,01,02,02,6944,1315,6094,5629,465,850,100.0,18.937211981566822,87.75921658986175,81.06278801843318,6.696428571428571,12.240783410138249
09010301,09,01,03,01,15773,2787,14106,12986,1120,1667,100.0,17.669435110632094,89.43130666328535,82.3305648893679,7.100741773917455,10.56869333671464
09010302,09,01,03,02,3121,952,2582,2169,413,539,100.0,30.503043896187123,82.72989426465877,69.49695610381288,13.232938160845883,17.270105735341236
09010401,09,01,04,01,8435,1039,7848,7396,452,587,100.0,12.317723770005928,93.04090100770598,87.68227622999407,5.358624777711914,6.959098992294013
09010402,09,01,04,02,11406,1871,10482,9535,947,924,100.0,16.40364720322637,91.89900052603893,83.59635279677363,8.3026477292653,8.100999473961073
09020501,09,02,05,01,7532,2415,5714,5117,597,1818,100.0,32.06319702602231,75.86298459904408,67.93680297397769,7.926181625066383,24.13701540095592
09020502,09,02,05,02,15881,3753,13328,12128,1200,2553,100.0,23.632013097412003,83.92418613437441,76.367986902588,7.556199231786412,16.07581386562559
09020601,09,02,06,01,9248,2820,7078,6428,650,2170,100.0,30.493079584775085,76.53546712802768,69.50692041522491,7.028546712802767,23.464532871972317
09020602,09,02,06,02,3584,340,3395,3244,151,189,100.0,9.486607142857142,94.7265625,90.51339285714286,4.213169642857143,5.2734375
09020701,09,02,07,01,2919,1197,2035,1722,313,884,100.0,41.007194244604314,69.7156560465913,58.992805755395686,10.722850291195615,30.284343953408698
09020702,09,02,07,02,16937,3275,14628,13662,966,2309,100.0,19.336364173112123,86.36712522878905,80.66363582688788,5.703489401901162,13.63287477121096
09020801,09,02,08,01,2973,313,2775,2660,115,198,100.0,10.528086108308106,93.34006054490413,89.47191389169188,3.8681466532122433,6.659939455095863
09020802,09,02,08,02,8268,1815,6975,6453,522,1293,100.0,21.95210449927431,84.36139332365748,78.0478955007257,6.313497822931785,15.638606676342526
09030901,09,03,09,01,14234,2165,13289,12069,1220,945,100.0,15.21006041871575,93.36096669945202,84.78993958128424,8.571027118167768,6.639033300547983
09030902,09,03,09,02,5642,928,5106,4714,392,536,100.0,16.448068060971288,90.49982275788727,83.5519319390287,6.9478908188585615,9.500177242112725
09030903,09,03,09,03,8198,1697,7392,6501,891,806,100.0,20.700170773359357,90.16833373993657,79.29982922664064,10.868504513295926,9.83166626006343
09031001,09,03,10,01,13118,1811,12032,11307,725,1086,100.0,13.805458149108096,91.72129897850282,86.19454185089191,5.526757127610916,8.278701021497179
09031101,09,03,11,01,6885,975,6302,5910,392,583,100.0,14.161220043572984,91.53231663035585,85.83877995642702,5.693536673928831,8.467683369644154
09031201,09,03,12,01,1847,201,1776,1646,130,71,100.0,10.882512181916622,96.15592853275582,89.11748781808338,7.038440714672442,3.84407146724418
09031202,09,03,12,02,2586,272,2458,2314,144,128,100.0,10.518174787316319,95.05027068832173,89.48182521268369,5.56844547563805,4.949729311678268
09041301,09,04,13,01,10111,681,9774,9430,344,337,100.0,6.7352388487785575,96.66699634061912,93.26476115122145,3.4022351893976857,3.3330036593808723
09041302,09,04,13,02,1911,194,1824,1717,107,87,100.0,10.151753008895865,95.44740973312402,89.84824699110413,5.599162742019885,4.552590266875981
09041401,09,04,14,01,5454,501,5232,4953,279,222,100.0,9.185918591859187,95.92959295929593,90.81408140814081,5.115511551155116,4.07040704070407
09041402,09,04,14,02,1541,233,1417,1308,109,124,100.0,15.120051914341337,91.95327709279688,84.87994808565867,7.073329007138223,8.046722907203115
09041403,09,04,14,03,4418,609,4015,3809,206,403,100.0,13.784517881394295,90.87822544137619,86.2154821186057,4.662743322770484,9.121774558623812
09041501,09,04,15,01,7263,1434,6340,5829,511,923,100.0,19.743907476249483,87.29175271926202,80.25609252375052,7.035660195511497,12.708247280737986
09041601,09,04,16,01,6764,543,6542,6221,321,222,100.0,8.027794204612656,96.71791839148433,91.97220579538734,4.745712596096984,3.282081608515671
09051701,09,05,17,01,4062,446,3782,3616,166,280,100.0,10.979812900049236,93.1068439192516,89.02018709995076,4.0866568193008375,6.8931560807484
09051702,09,05,17,02,14944,1297,14326,13647,679,618,100.0,8.67906852248394,95.86456102783725,91.32093147751607,4.543629550321199,4.135438972162741
09051801,09,05,18,01,9557,952,9053,8605,448,504,100.0,9.961284922046667,94.72637857068118,90.03871507795334,4.687663492727843,5.273621429318824
09051901,09,05,19,01,11621,1725,10503,9896,607,1118,100.0,14.843817227433096,90.37948541433612,85.15618277256691,5.223302641769211,9.620514585663885
09052001,09,05,20,01,13219,1255,12530,11964,566,689,100.0,9.493910280656632,94.78780543157576,90.50608971934338,4.281715712232393,5.212194568424238
10010101,10,01,01,01,5676,1549,4809,4127,682,867,100.0,27.29034531360113,84.72515856236787,72.70965468639888,12.015503875968992,15.274841437632137
10010102,10,01,01,02,18508,5042,15976,13466,2510,2532,100.0,27.24227361141128,86.3194294359196,72.75772638858872,13.561703047330884,13.680570564080396
10010203,10,01,02,03,1253,803,507,450,57,746,100.0,64.08619313647247,40.46288906624102,35.91380686352753,4.549082202713488,59.537110933758974
10010204,10,01,02,04,10622,2701,9278,7921,1357,1344,100.0,25.42835624176238,87.347015627942,74.57164375823761,12.775371869704388,12.652984372057993
10010205,10,01,02,05,8151,1404,7346,6747,599,805,100.0,17.22488038277512,90.12391117654276,82.77511961722487,7.348791559317876,9.876088823457245
10010206,10,01,02,06,17341,4524,14644,12817,1827,2697,100.0,26.08846087307537,84.44726371028199,73.91153912692462,10.53572458335736,15.552736289718009
10010207,10,01,02,07,10612,2693,9354,7919,1435,1258,100.0,25.37693177534866,88.14549566528459,74.62306822465133,13.522427440633244,11.854504334715417
10010308,10,01,03,08,2190,610,1840,1580,260,350,100.0,27.85388127853881,84.01826484018264,72.14611872146118,11.87214611872146,15.981735159817351
10010309,10,01,03,09,14564,3604,12950,10960,1990,1614,100.0,24.745948915133205,88.91787970337819,75.25405108486679,13.663828618511397,11.082120296621808
10010310,10,01,03,10,18290,4397,16041,13893,2148,2249,100.0,24.040459267359214,87.70366320393657,75.95954073264079,11.744122471295789,12.296336796063423
10010311,10,01,03,11,3694,537,3504,3157,347,190,100.0,14.537087168381158,94.85652409312398,85.46291283161884,9.393611261505143,5.143475906876016
10020412,10,02,04,12,7206,2365,5848,4841,1007,1358,100.0,32.81987232861504,81.15459339439356,67.18012767138497,13.974465723008603,18.84540660560644
10020413,10,02,04,13,16062,3807,13457,12255,1202,2605,100.0,23.701905117669035,83.78159631428215,76.29809488233097,7.48350143195119,16.218403685717846
10020414,10,02,04,14,1713,825,1273,888,385,440,100.0,48.161120840630474,74.31406888499708,51.83887915936952,22.475189725627555,25.68593111500292
10020415,10,02,04,15,6240,2288,4424,3952,472,1816,100.0,36.666666666666664,70.8974358974359,63.33333333333333,7.564102564102564,29.102564102564106
10020416,10,02,04,16,5949,1836,4673,4113,560,1276,100.0,30.862329803328294,78.5510169776433,69.1376701966717,9.413346780971592,21.4489830223567
10020517,10,02,05,17,9806,1746,8663,8060,603,1143,100.0,17.805425249847033,88.34387109932695,82.19457475015297,6.149296349173975,11.656128900673057
10020518,10,02,05,18,5321,1253,4475,4068,407,846,100.0,23.548205224581846,84.10073294493516,76.45179477541816,7.648938169517009,15.899267055064836
10020519,10,02,05,19,6113,2018,4725,4095,630,1388,100.0,33.01161459185343,77.29429085555374,66.98838540814658,10.305905447407165,22.705709144446264
10020620,10,02,06,20,3417,657,3074,2760,314,343,100.0,19.22739244951712,89.96195493122622,80.77260755048287,9.189347380743342,10.038045068773778
10020621,10,02,06,21,6336,1465,5395,4871,524,941,100.0,23.121843434343432,85.14835858585859,76.87815656565657,8.27020202020202,14.851641414141415
10020622,10,02,06,22,8544,1230,7948,7314,634,596,100.0,14.396067415730338,93.02434456928839,85.60393258426966,7.420411985018727,6.975655430711611
10020623,10,02,06,23,6475,886,6075,5589,486,400,100.0,13.683397683397683,93.82239382239382,86.31660231660231,7.505791505791507,6.177606177606178
10030724,10,03,07,24,7815,1422,6894,6393,501,921,100.0,18.1957773512476,88.21497120921306,81.8042226487524,6.410748560460652,11.78502879078695
10030725,10,03,07,25,6781,1509,5901,5272,629,880,100.0,22.253354962394926,87.02256304379885,77.74664503760508,9.275918006193777,12.97743695620115
10030726,10,03,07,26,3621,583,3339,3038,301,282,100.0,16.100524716929023,92.21209610604805,83.89947528307098,8.312620822977077,7.787903893951947
10030727,10,03,07,27,10148,1197,9698,8951,747,450,100.0,11.79542767047694,95.56562869530943,88.20457232952306,7.361056365786362,4.434371304690579
10040828,10,04,08,28,7765,701,7433,7064,369,332,100.0,9.027688345138442,95.72440437862201,90.97231165486156,4.752092723760463,4.275595621377978
10040829,10,04,08,29,3920,443,3643,3477,166,277,100.0,11.301020408163264,92.93367346938776,88.69897959183673,4.23469387755102,7.066326530612245
10040830,10,04,08,30,7674,547,7491,7127,364,183,100.0,7.1279645556424285,97.61532447224394,92.87203544435756,4.7432890278863695,2.3846755277560594
10040931,10,04,09,31,9854,881,9501,8973,528,353,100.0,8.940531763750762,96.41769839659021,91.05946823624924,5.3582301603409785,3.5823016034097828
10040932,10,04,09,32,4332,446,4113,3886,227,219,100.0,10.295475530932595,94.94459833795014,89.70452446906741,5.2400738688827335,5.055401662049862
10040933,10,04,09,33,15318,1187,14842,14131,711,476,100.0,7.7490534012273145,96.89254471863168,92.25094659877269,4.6415981198589895,3.107455281368325
11010101,11,01,01,01,634,79,582,555,27,52,100.0,12.46056782334385,91.7981072555205,87.53943217665615,4.2586750788643535,8.201892744479496
11010102,11,01,01,02,2655,186,2572,2469,103,83,100.0,7.005649717514125,96.87382297551788,92.99435028248587,3.8794726930320147,3.1261770244821094
11010103,11,01,01,03,2115,697,1568,1418,150,547,100.0,32.95508274231678,74.13711583924349,67.04491725768321,7.092198581560284,25.8628841607565
11010204,11,01,02,04,8999,2909,7199,6090,1109,1800,100.0,32.32581397933104,79.99777753083676,67.67418602066896,12.323591510167796,20.002222469163243
11010205,11,01,02,05,7080,2360,5601,4720,881,1479,100.0,33.33333333333333,79.11016949152543,66.66666666666666,12.443502824858758,20.889830508474578
11010206,11,01,02,06,6138,1695,5022,4443,579,1116,100.0,27.61485826001955,81.81818181818183,72.38514173998045,9.433040078201369,18.181818181818183
11010207,11,01,02,07,7487,2053,6046,5434,612,1441,100.0,27.42086282890343,80.75330572993188,72.57913717109656,8.174168558835316,19.24669427006812
11010308,11,01,03,08,11653,3465,9619,8188,1431,2034,100.0,29.734832232043253,82.54526731313825,70.26516776795675,12.280099545181498,17.454732686861753
11010309,11,01,03,09,9661,2765,7957,6896,1061,1704,100.0,28.620225649518684,82.36207431942863,71.37977435048131,10.982299968947313,17.63792568057137
11010310,11,01,03,10,5739,1193,4936,4546,390,803,100.0,20.787593657431607,86.00801533368183,79.21240634256839,6.7956089911134345,13.991984666318174
11020411,11,02,04,11,9873,2974,7672,6899,773,2201,100.0,30.122556467132583,77.70687734224653,69.87744353286742,7.829433809379115,22.293122657753468
11020412,11,02,04,12,6758,1494,5872,5264,608,886,100.0,22.10713228765907,86.88961231133472,77.89286771234093,8.996744598993784,13.110387688665284
11020513,11,02,05,13,3923,841,3281,3082,199,642,100.0,21.437675248534287,83.6349732347693,78.56232475146572,5.0726484833035945,16.36502676523069
11020514,11,02,05,14,9809,2540,7887,7269,618,1922,100.0,25.894586604139057,80.40574982159242,74.10541339586094,6.300336425731472,19.594250178407584
11020515,11,02,05,15,14985,4255,12397,10730,1667,2588,100.0,28.39506172839506,82.72939606272939,71.60493827160494,11.124457791124458,17.270603937270604
11020516,11,02,05,16,4107,786,3704,3321,383,403,100.0,19.138056975894813,90.18748478207938,80.86194302410519,9.32554175797419,9.812515217920623
11030617,11,03,06,17,6247,2326,4776,3921,855,1471,100.0,37.23387225868417,76.45269729470145,62.766127741315834,13.686569553385624,23.54730270529854
11030618,11,03,06,18,16454,4850,13426,11604,1822,3028,100.0,29.47611523033913,81.59718001701714,70.52388476966087,11.073295247356265,18.402819982982862
11030619,11,03,06,19,11274,3758,8994,7516,1478,2280,100.0,33.33333333333333,79.77647684938796,66.66666666666666,13.109810182721304,20.223523150612028
11030720,11,03,07,20,6312,3582,3140,2730,410,3172,100.0,56.749049429657795,49.746514575411915,43.250950570342205,6.495564005069708,50.253485424588085
11030721,11,03,07,21,25108,6745,20584,18363,2221,4524,100.0,26.863947745738407,81.98183845786204,73.13605225426159,8.845786203600445,18.018161542137964
11030824,11,03,08,24,9997,3719,7689,6278,1411,2308,100.0,37.20116034810444,76.91307392217665,62.79883965189556,14.114234270281084,23.086926077823346
11040925,11,04,09,25,4232,1057,3542,3175,367,690,100.0,24.976370510396976,83.69565217391305,75.02362948960302,8.672022684310019,16.304347826086957
11040926,11,04,09,26,29670,7151,24868,22519,2349,4802,100.0,24.101786316144253,83.81530165149982,75.89821368385574,7.917087967644084,16.184698348500167
11041022,11,04,10,22,5491,1985,4064,3506,558,1427,100.0,36.150063740666546,74.01201966854853,63.849936259333454,10.162083409215079,25.987980331451467
11041023,11,04,10,23,6750,2430,5332,4320,1012,1418,100.0,36.0,78.99259259259259,64.0,14.992592592592594,21.007407407407406
11041027,11,04,10,27,3163,953,2527,2210,317,636,100.0,30.12962377489725,79.89250711349985,69.87037622510275,10.022130888397092,20.107492886500157
11041128,11,04,11,28,26367,7171,21962,19196,2766,4405,100.0,27.19687488148064,83.29351082792886,72.80312511851936,10.49038570940949,16.706489172071148
11051229,11,05,12,29,4250,920,3708,3330,378,542,100.0,21.64705882352941,87.24705882352941,78.3529411764706,8.894117647058824,12.75294117647059
11051330,11,05,13,30,10268,2204,8749,8064,685,1519,100.0,21.464744838332685,85.20646669263732,78.53525516166732,6.671211530970004,14.79353330736268
11051331,11,05,13,31,10590,1393,9891,9197,694,699,100.0,13.153918791312558,93.39943342776203,86.84608120868744,6.553352219074599,6.600566572237961
11051332,11,05,13,32,7148,1000,6665,6148,517,483,100.0,13.989927252378287,93.24286513710128,86.0100727476217,7.232792389479576,6.757134862898713
12103115,12,10,31,15,7825,3492,5827,4333,1494,1998,100.0,44.626198083067095,74.4664536741214,55.373801916932905,19.0926517571885,25.533546325878593
12103116,12,10,31,16,10086,5030,6981,5056,1925,3105,100.0,49.87110846718223,69.214753123141,50.12889153281777,19.08586159032322,30.785246876859013
12103117,12,10,31,17,10980,6010,7331,4970,2361,3649,100.0,54.735883424408016,66.76684881602914,45.264116575591984,21.502732240437158,33.233151183970854
12103218,12,10,32,18,14087,6470,10365,7617,2748,3722,100.0,45.928870589905586,73.57847660964009,54.07112941009441,19.50734719954568,26.42152339035991
12103219,12,10,32,19,8852,4124,6563,4728,1835,2289,100.0,46.58834161771351,74.14143696339809,53.41165838228649,20.729778581111614,25.8585630366019
12103220,12,10,32,20,4632,1469,3864,3163,701,768,100.0,31.714162348877373,83.41968911917098,68.28583765112263,15.13385146804836,16.580310880829018
12214125,12,21,41,25,7784,2554,6422,5230,1192,1362,100.0,32.810894141829394,82.50256937307296,67.1891058581706,15.313463514902365,17.49743062692703
12214126,12,21,41,26,8109,3280,6354,4829,1525,1755,100.0,40.448883956098165,78.35738068812431,59.55111604390184,18.80626464422247,21.642619311875695
12214421,12,21,44,21,2753,1091,2078,1662,416,675,100.0,39.62949509625863,75.48129313476207,60.37050490374137,15.110788231020706,24.51870686523792
12214422,12,21,44,22,8303,4948,5361,3355,2006,2942,100.0,59.59291822232928,64.56702396724076,40.407081777670726,24.159942189570035,35.43297603275924
12214423,12,21,44,23,5710,2442,4421,3268,1153,1289,100.0,42.76707530647986,77.42556917688266,57.23292469352014,20.19264448336252,22.57443082311734
12214424,12,21,44,24,10714,5651,7266,5063,2203,3448,100.0,52.744073175284676,67.81780847489266,47.255926824715324,20.561881650177337,32.182191525107335
12214527,12,21,45,27,10975,2629,9463,8346,1117,1512,100.0,23.954441913439638,86.22323462414579,76.04555808656036,10.177676537585421,13.776765375854213
12214528,12,21,45,28,266,115,193,151,42,73,100.0,43.233082706766915,72.55639097744361,56.766917293233085,15.789473684210526,27.44360902255639
12224229,12,22,42,29,6012,842,5671,5170,501,341,100.0,14.005322687957419,94.32801064537591,85.99467731204258,8.333333333333332,5.671989354624085
12224230,12,22,42,30,18104,2543,17096,15561,1535,1008,100.0,14.046619531595228,94.43216968625718,85.95338046840477,8.478789217852409,5.567830313742819
12231101,12,23,11,01,16588,2474,15440,14114,1326,1148,100.0,14.914395948878708,93.07933445864481,85.0856040511213,7.993730407523511,6.920665541355196
12231102,12,23,11,02,16787,2275,15872,14512,1360,915,100.0,13.55215345207601,94.54935366652767,86.44784654792399,8.101507118603681,5.45064633347233
12301203,12,30,12,03,15054,4711,12156,10343,1813,2898,100.0,31.294008237013422,80.74930251096055,68.70599176298659,12.04331074797396,19.25069748903946
12301204,12,30,12,04,6455,1552,5712,4903,809,743,100.0,24.043377226955847,88.48954298993029,75.95662277304415,12.532920216886135,11.510457010069713
12301205,12,30,12,05,5113,983,4671,4130,541,442,100.0,19.225503618228046,91.35536866810092,80.77449638177195,10.580872286328965,8.644631331899081
12301206,12,30,12,06,5172,888,4859,4284,575,313,100.0,17.16937354988399,93.94818252126836,82.830626450116,11.117556071152359,6.051817478731632
12302107,12,30,21,07,3083,1331,2519,1752,767,564,100.0,43.172234836198506,81.70613039247486,56.827765163801494,24.87836522867337,18.29386960752514
12302108,12,30,21,08,14867,6708,11529,8159,3370,3338,100.0,45.120064572543214,77.54758861908925,54.879935427456786,22.667653191632475,22.452411380910743
12302109,12,30,21,09,11647,6129,8588,5518,3070,3059,100.0,52.62299304541942,73.7357259380098,47.37700695458058,26.358718983429206,26.26427406199021
12302110,12,30,21,10,10655,6080,7457,4575,2882,3198,100.0,57.06241201313937,69.9859221022994,42.937587986860635,27.04833411543876,30.01407789770061
12302211,12,30,22,11,3295,972,2869,2323,546,426,100.0,29.499241274658573,87.07132018209408,70.50075872534143,16.570561456752657,12.92867981790592
12302212,12,30,22,12,5935,2933,4081,3002,1079,1854,100.0,49.418702611625946,68.76158382476832,50.58129738837405,18.180286436394272,31.238416175231677
12304313,12,30,43,13,6709,1798,5551,4911,640,1158,100.0,26.79982113578775,82.73960351766284,73.20017886421225,9.539424653450588,17.26039648233716
12304314,12,30,43,14,9667,1534,8906,8133,773,761,100.0,15.8684183304024,92.12785766008069,84.1315816695976,7.996275990483087,7.872142339919313
