id,district_id,forecast_area_id,district_region_id,planning_area_id,inhabitants,inhabitants_with_migration_background,inhabitants_germans,inhabitants_germans_without_migration_background,inhabitants_germans_with_migration_background,inhabitants_foreigners,inhabitants_percentage,inhabitants_with_migration_background_percentage,inhabitants_germans_percentage,inhabitants_germans_without_migration_background_percentage,inhabitants_germans_with_migration_background_percentage,inhabitants_foreigners_percentage
01100101,01,10,01,01,3561,2282,2019,1279,740,1542,100.0,64.08312271833755,56.697556866048856,35.91687728166246,20.78067958438641,43.30244313395114
01100102,01,10,01,02,2002,1418,912,584,328,1090,100.0,70.82917082917083,45.55444555444556,29.170829170829172,16.383616383616385,54.44555444555444
01100103,01,10,01,03,5662,3472,3475,2190,1285,2187,100.0,61.32108795478629,61.37407276580713,38.67891204521371,22.695160720593428,38.625927234192865
01100104,01,10,01,04,5029,3363,2928,1666,1262,2101,100.0,66.87214157884272,58.22231059852854,33.127858421157285,25.094452177371245,41.77768940147146
01100205,01,10,02,05,3009,2046,1435,963,472,1574,100.0,67.99601196410767,47.69026254569624,32.00398803589232,15.686274509803921,52.30973745430375
01100206,01,10,02,06,1915,1072,1170,843,327,745,100.0,55.979112271540465,61.096605744125334,44.02088772845953,17.075718015665796,38.90339425587467
01100207,01,10,02,07,8801,4924,5500,3877,1623,3301,100.0,55.94818770594251,62.49289853425747,44.05181229405749,18.44108624019998,37.50710146574253
01100308,01,10,03,08,7384,3591,4837,3793,1044,2547,100.0,48.63217768147345,65.50650054171182,51.36782231852655,14.138678223185266,34.49349945828819
01100309,01,10,03,09,12559,5427,8979,7132,1847,3580,100.0,43.21203917509356,71.4945457440879,56.78796082490645,14.706584919181465,28.505454255912095
01100310,01,10,03,10,10332,5465,6362,4867,1495,3970,100.0,52.89392179636082,61.575687185443286,47.10607820363918,14.469608981804102,38.424312814556714
01100311,01,10,03,11,9649,4986,6353,4663,1690,3296,100.0,51.67374857498186,65.84101979479739,48.326251425018135,17.51476836977925,34.15898020520261
01100312,01,10,03,12,10213,5087,6799,5126,1673,3414,100.0,49.80906687555077,66.57201605796533,50.19093312444923,16.381082933516105,33.427983942034665
01100313,01,10,03,13,11160,5494,7378,5666,1712,3782,100.0,49.22939068100358,66.11111111111111,50.77060931899642,15.340501792114694,33.88888888888889
01100414,01,10,04,14,5556,3232,3112,2324,788,2444,100.0,58.17134629229662,56.011519078473725,41.82865370770338,14.18286537077034,43.98848092152628
01100415,01,10,04,15,13339,5950,9245,7389,1856,4094,100.0,44.606042431966415,69.30804408126546,55.39395756803358,13.914086513231878,30.691955918734536
01100416,01,10,04,16,13527,5860,9593,7667,1926,3934,100.0,43.3207658756561,70.91742441043837,56.6792341243439,14.238190286094476,29.082575589561614
01200517,01,20,05,17,4078,2573,2177,1505,672,1901,100.0,63.094654242275624,53.38401177047572,36.905345757724376,16.478666012751347,46.61598822952428
01200518,01,20,05,18,6970,4503,3851,2467,1384,3119,100.0,64.6054519368723,55.251076040172165,35.39454806312769,19.85652797704448,44.748923959827835
01200519,01,20,05,19,9533,5408,5787,4125,1662,3746,100.0,56.729256267701665,60.704919752438904,43.270743732298335,17.434176020140566,39.2950802475611
01200520,01,20,05,20,9548,4724,6614,4824,1790,2934,100.0,49.476330121491415,69.27105152911605,50.52366987850859,18.747381650607455,30.728948470883953
01200521,01,20,05,21,5307,3238,3243,2069,1174,2064,100.0,61.01375541737328,61.10797060486151,38.98624458262672,22.121726022234782,38.89202939513849
01200522,01,20,05,22,11621,4456,8975,7165,1810,2646,100.0,38.34437655967645,77.23087513983306,61.655623440323545,15.57525169950951,22.76912486016694
01200623,01,20,06,23,10969,5810,7364,5159,2205,3605,100.0,52.96745373324825,67.13465220165922,47.03254626675176,20.102105934907467,32.86534779834078
01200624,01,20,06,24,6504,4691,3168,1813,1355,3336,100.0,72.12484624846248,48.708487084870846,27.875153751537518,20.833333333333336,51.291512915129154
01200625,01,20,06,25,6970,4236,4520,2734,1786,2450,100.0,60.774748923959834,64.8493543758967,39.22525107604017,25.624103299856525,35.1506456241033
01200626,01,20,06,26,5949,2661,4290,3288,1002,1659,100.0,44.730206757438225,72.11296016137166,55.26979324256177,16.843166918809885,27.88703983862834
01200627,01,20,06,27,3424,2314,2194,1110,1084,1230,100.0,67.58177570093457,64.07710280373831,32.418224299065415,31.6588785046729,35.92289719626168
01200628,01,20,06,28,3275,1499,2432,1776,656,843,100.0,45.770992366412216,74.25954198473282,54.22900763358779,20.03053435114504,25.740458015267176
01200629,01,20,06,29,5956,2948,3918,3008,910,2038,100.0,49.49630624580255,65.7824042981867,50.50369375419744,15.278710543989254,34.217595701813295
01300730,01,30,07,30,7967,5796,4167,2171,1996,3800,100.0,72.75009413832058,52.30325091000376,27.24990586167943,25.05334504832434,47.69674908999623
01300731,01,30,07,31,8826,5411,5276,3415,1861,3550,100.0,61.30750056650805,59.777928846589624,38.69249943349195,21.085429413097668,40.222071153410376
01300732,01,30,07,32,9949,6367,5846,3582,2264,4103,100.0,63.996381545884006,58.75967433912956,36.003618454115994,22.756055885013566,41.24032566087044
01300733,01,30,07,33,11658,7362,7096,4296,2800,4562,100.0,63.1497683993824,60.86807342597358,36.8502316006176,24.01784182535598,39.13192657402642
01300834,01,30,08,34,14379,9694,9866,4685,5181,4513,100.0,67.41776201404826,68.61395090061896,32.582237985951735,36.031712914667224,31.38604909938104
01300835,01,30,08,35,10872,6726,7287,4146,3141,3585,100.0,61.86534216335541,67.02538631346579,38.13465783664459,28.89072847682119,32.97461368653421
01300836,01,30,08,36,15051,10035,8710,5016,3694,6341,100.0,66.67331074347219,57.86990897614777,33.3266892565278,24.54321971961996,42.13009102385223
01400937,01,40,09,37,10885,5618,7357,5267,2090,3528,100.0,51.61231051906293,67.58842443729904,48.38768948093707,19.200734956361966,32.41157556270097
01400938,01,40,09,38,9695,5259,6291,4436,1855,3404,100.0,54.244455905105724,64.8891181021145,45.755544094894276,19.133574007220215,35.11088189788551
01400939,01,40,09,39,6003,3279,3686,2724,962,2317,100.0,54.62268865567217,61.40263201732468,45.377311344327836,16.025320672996834,38.59736798267533
01400940,01,40,09,40,6882,2772,5624,4110,1514,1258,100.0,40.27898866608544,81.72043010752688,59.72101133391456,21.999418773612323,18.27956989247312
01400941,01,40,09,41,3898,1887,2815,2011,804,1083,100.0,48.40944073884043,72.21652129297075,51.59055926115958,20.625962031811184,27.783478707029246
01400942,01,40,09,42,8746,4910,5385,3836,1549,3361,100.0,56.13994969128745,61.57100388749143,43.86005030871256,17.71095357877887,38.42899611250857
01401043,01,40,10,43,7768,5329,4466,2439,2027,3302,100.0,68.60195674562307,57.49227600411947,31.39804325437693,26.094232749742535,42.50772399588054
01401044,01,40,10,44,10274,7122,5619,3152,2467,4655,100.0,69.32061514502628,54.691454156122255,30.67938485497372,24.012069301148532,45.30854584387775
01401045,01,40,10,45,5682,4179,3083,1503,1580,2599,100.0,73.5480464625132,54.25906370996129,26.4519535374868,27.80711017247448,45.74093629003872
01401046,01,40,10,46,8933,4607,5941,4326,1615,2992,100.0,51.57281988133886,66.50621291839248,48.42718011866115,18.079032799731333,33.49378708160752
01401047,01,40,10,47,8054,5668,3934,2386,1548,4120,100.0,70.37496895952322,48.84529426371989,29.625031040476777,19.22026322324311,51.15470573628011
01401048,01,40,10,48,9488,5853,5642,3635,2007,3846,100.0,61.688448566610454,59.464586846543,38.311551433389546,21.153035413153457,40.535413153457
01401049,01,40,10,49,6787,4220,3888,2567,1321,2899,100.0,62.17769264770886,57.28598791807868,37.82230735229115,19.463680565787538,42.71401208192132
02100101,02,10,01,01,6923,5123,3668,1800,1868,3255,100.0,73.9997111079012,52.98281092012134,26.0002888920988,26.982522028022533,47.01718907987866
02100102,02,10,01,02,8816,6331,5555,2485,3070,3261,100.0,71.81261343012704,63.010435571687836,28.187386569872956,34.82304900181488,36.989564428312164
02100103,02,10,01,03,5521,3524,3717,1997,1720,1804,100.0,63.82901648252128,67.32476000724506,36.17098351747872,31.15377648976635,32.67523999275493
02100104,02,10,01,04,5723,3974,3543,1749,1794,2180,100.0,69.4391053643194,61.908090162502184,30.560894635680587,31.347195526821597,38.091909837497816
02100105,02,10,01,05,9512,6852,6092,2660,3432,3420,100.0,72.03532380151387,64.04541631623214,27.96467619848612,36.08074011774601,35.95458368376787
02100106,02,10,01,06,4962,3261,3350,1701,1649,1612,100.0,65.71946795646917,67.5130995566304,34.28053204353084,33.23256751309956,32.486900443369606
02200207,02,20,02,07,2406,1048,1775,1358,417,631,100.0,43.557772236076474,73.77389858686617,56.442227763923526,17.331670822942645,26.226101413133833
02200208,02,20,02,08,5845,2688,4149,3157,992,1696,100.0,45.98802395209581,70.98374679213002,54.011976047904184,16.971770744225832,29.016253207869973
02200209,02,20,02,09,10908,4655,8100,6253,1847,2808,100.0,42.675100843417674,74.25742574257426,57.32489915658232,16.932526585991933,25.742574257425744
02200210,02,20,02,10,12221,5524,8803,6697,2106,3418,100.0,45.20088372473611,72.0317486294084,54.79911627526389,17.232632354144506,27.968251370591606
02200211,02,20,02,11,14783,6483,10939,8300,2639,3844,100.0,43.85442738280457,73.99715889873504,56.14557261719543,17.851586281539607,26.002841101264966
02200212,02,20,02,12,8510,4324,6204,4186,2018,2306,100.0,50.810810810810814,72.90246768507637,49.18918918918919,23.71327849588719,27.097532314923615
02200213,02,20,02,13,10173,4726,7137,5447,1690,3036,100.0,46.45630590779514,70.15629607785314,53.54369409220485,16.612601985648283,29.843703922146858
02300314,02,30,03,14,7376,4498,4700,2878,1822,2676,100.0,60.98156182212582,63.72017353579176,39.01843817787419,24.70173535791757,36.27982646420824
02300315,02,30,03,15,8484,4904,5553,3580,1973,2931,100.0,57.80292314945781,65.45261669024045,42.197076850542196,23.255539839698255,34.54738330975955
02300316,02,30,03,16,4220,2146,2934,2074,860,1286,100.0,50.85308056872038,69.5260663507109,49.14691943127962,20.379146919431278,30.473933649289098
02300417,02,30,04,17,8171,4524,5411,3647,1764,2760,100.0,55.36654020315751,66.22200465059356,44.63345979684249,21.58854485375107,33.77799534940644
02300418,02,30,04,18,7755,3834,5335,3921,1414,2420,100.0,49.439071566731144,68.79432624113475,50.560928433268856,18.23339780786589,31.20567375886525
02300419,02,30,04,19,10610,5558,7048,5052,1996,3562,100.0,52.38454288407163,66.42789820923657,47.615457115928365,18.8124410933082,33.57210179076343
02400520,02,40,05,20,5856,2291,4452,3565,887,1404,100.0,39.12226775956284,76.02459016393442,60.877732240437155,15.146857923497267,23.975409836065573
02400521,02,40,05,21,8278,3238,6178,5040,1138,2100,100.0,39.11572843682049,74.63155351534188,60.88427156317952,13.747281952162357,25.36844648465813
02400522,02,40,05,22,11375,3773,8985,7602,1383,2390,100.0,33.169230769230765,78.98901098901099,66.83076923076922,12.158241758241758,21.01098901098901
02400623,02,40,06,23,13602,6853,9070,6749,2321,4532,100.0,50.38229672107043,66.68137038670784,49.61770327892957,17.06366710777827,33.31862961329216
02400624,02,40,06,24,11907,4681,8452,7226,1226,3455,100.0,39.313009154278994,70.98345511043924,60.686990845721,10.296464264718233,29.016544889560762
02400625,02,40,06,25,1114,767,471,347,124,643,100.0,68.85098743267505,42.28007181328546,31.149012567324956,11.131059245960502,57.71992818671454
02500726,02,50,07,26,9345,3727,6727,5618,1109,2618,100.0,39.88228999464955,71.98501872659176,60.11771000535045,11.867308721241306,28.01498127340824
02500727,02,50,07,27,6642,2644,4823,3998,825,1819,100.0,39.80728696175851,72.61367058115026,60.19271303824149,12.420957542908763,27.38632941884974
02500728,02,50,07,28,10138,3660,7554,6478,1076,2584,100.0,36.10179522588282,74.51173801538765,63.89820477411718,10.613533241270467,25.488261984612347
02500729,02,50,07,29,5520,2062,4175,3458,717,1345,100.0,37.35507246376812,75.63405797101449,62.64492753623189,12.98913043478261,24.365942028985508
02500830,02,50,08,30,4047,1734,2795,2313,482,1252,100.0,42.84655300222387,69.06350382999753,57.15344699777612,11.910056832221398,30.93649617000247
02500831,02,50,08,31,7970,3344,5584,4626,958,2386,100.0,41.957340025094105,70.06273525721456,58.042659974905895,12.020075282308659,29.937264742785448
02500832,02,50,08,32,9569,4396,6411,5173,1238,3158,100.0,45.940014630577906,66.997596405058,54.059985369422094,12.937611035635907,33.002403594941995
02500833,02,50,08,33,10280,4175,7150,6105,1045,3130,100.0,40.61284046692607,69.55252918287937,59.38715953307393,10.165369649805447,30.44747081712062
02500834,02,50,08,34,11466,4292,8524,7174,1350,2942,100.0,37.43240886098029,74.34153148438863,62.567591139019704,11.773940345368917,25.65846851561137
02500835,02,50,08,35,8211,3590,5584,4621,963,2627,100.0,43.72183656071124,68.0063329679698,56.27816343928876,11.728169528681038,31.993667032030203
02500836,02,50,08,36,4992,1311,4339,3681,658,653,100.0,26.26201923076923,86.91907051282051,73.73798076923077,13.181089743589745,13.080929487179487
03100101,03,10,01,01,4697,915,4109,3782,327,588,100.0,19.480519480519483,87.48137108792847,80.51948051948052,6.961890568447945,12.518628912071536
03100102,03,10,01,02,3335,1068,2498,2267,231,837,100.0,32.023988005997,74.90254872563719,67.97601199400299,6.926536731634184,25.097451274362818
03100103,03,10,01,03,9671,2577,7591,7094,497,2080,100.0,26.646675628166683,78.49239995863923,73.35332437183332,5.139075586805915,21.50760004136077
03200204,03,20,02,04,2403,501,1982,1902,80,421,100.0,20.848938826466917,82.48023304203079,79.1510611735331,3.3291718684977116,17.519766957969203
03200205,03,20,02,05,8800,1693,7817,7107,710,983,100.0,19.238636363636363,88.82954545454545,80.76136363636364,8.068181818181818,11.170454545454547
03200206,03,20,02,06,6735,1650,5609,5085,524,1126,100.0,24.4988864142539,83.28136599851523,75.50111358574611,7.780252412769116,16.71863400148478
03200207,03,20,02,07,11448,2271,10113,9177,936,1335,100.0,19.837526205450732,88.33857442348008,80.16247379454927,8.176100628930817,11.661425576519918
03200308,03,20,03,08,5283,840,4862,4443,419,421,100.0,15.900056785917094,92.0310429680106,84.09994321408291,7.931099753927692,7.9689570319894
03200309,03,20,03,09,5386,1019,4801,4367,434,585,100.0,18.91942072038619,89.13850724099517,81.08057927961381,8.057927961381358,10.861492759004827
03200310,03,20,03,10,8056,1430,7400,6626,774,656,100.0,17.750744786494536,91.85700099304866,82.24925521350545,9.607745779543198,8.14299900695134
03300411,03,30,04,11,11765,2844,9940,8921,1019,1825,100.0,24.173395665108373,84.48788780280493,75.82660433489163,8.661283467913302,15.512112197195071
03300412,03,30,04,12,5247,654,4923,4593,330,324,100.0,12.464265294453973,93.82504288164665,87.53573470554603,6.289308176100629,6.174957118353345
03300413,03,30,04,13,3140,320,3000,2820,180,140,100.0,10.191082802547772,95.54140127388536,89.80891719745223,5.7324840764331215,4.45859872611465
03300514,03,30,05,14,6964,808,6512,6156,356,452,100.0,11.602527283170591,93.50947731188973,88.39747271682941,5.11200459506031,6.490522688110281
03300515,03,30,05,15,50,0,50,50,0,0,100.0,0.0,100.0,100.0,0.0,0.0
03300516,03,30,05,16,8446,2259,6809,6187,622,1637,100.0,26.746388823111534,80.61804404451811,73.25361117688847,7.364432867629647,19.381955955481885
03300517,03,30,05,17,1114,75,1071,1039,32,43,100.0,6.732495511669659,96.14003590664272,93.26750448833035,2.872531418312388,3.859964093357271
03400618,03,40,06,18,4809,1097,4400,3712,688,409,100.0,22.81139530047827,91.49511332917446,77.18860469952173,14.306508629652734,8.504886670825536
03400619,03,40,06,19,10593,2320,9347,8273,1074,1246,100.0,21.901255546115358,88.23751534031908,78.09874445388463,10.138770886434438,11.762484659680922
03400620,03,40,06,20,3517,752,3120,2765,355,397,100.0,21.381859539380155,88.7119704293432,78.61814046061984,10.093829968723343,11.28802957065681
03400721,03,40,07,21,11782,2843,10163,8939,1224,1619,100.0,24.130028857579358,86.2586997114242,75.86997114242064,10.388728569003565,13.741300288575795
03400722,03,40,07,22,3622,656,3294,2966,328,328,100.0,18.11154058531198,90.94422970734401,81.88845941468801,9.05577029265599,9.05577029265599
03400723,03,40,07,23,7146,1821,6020,5325,695,1126,100.0,25.482787573467675,84.24293310943185,74.51721242653232,9.725720682899524,15.75706689056815
03400724,03,40,07,24,7691,1255,6954,6436,518,737,100.0,16.31777402158367,90.41737095306202,83.68222597841634,6.73514497464569,9.58262904693798
03400725,03,40,07,25,7511,1140,6852,6371,481,659,100.0,15.17773931567035,91.22620157102915,84.82226068432965,6.403940886699508,8.773798428970842
03400826,03,40,08,26,6998,1698,5769,5300,469,1229,100.0,24.26407545012861,82.43783938268076,75.73592454987138,6.701914832809375,17.562160617319233
03400827,03,40,08,27,9683,2573,8007,7110,897,1676,100.0,26.572343282040688,82.69131467520397,73.42765671795931,9.263657957244655,17.308685324796034
03400828,03,40,08,28,4903,1391,3922,3512,410,981,100.0,28.370385478278603,79.99184172955334,71.6296145217214,8.362227207831939,20.008158270446668
03400829,03,40,08,29,6000,1454,4980,4546,434,1020,100.0,24.233333333333334,83.0,75.76666666666667,7.233333333333333,17.0
03400830,03,40,08,30,9313,1748,8223,7565,658,1090,100.0,18.769462042306454,88.29593041984323,81.23053795769354,7.065392462149683,11.70406958015677
03400831,03,40,08,31,0,0,0,0,0,0,0.0,0.0,0.0,0.0,0.0,0.0
03500932,03,50,09,32,6349,1855,4834,4494,340,1515,100.0,29.21719955898567,76.13797448417074,70.78280044101433,5.355174043156403,23.862025515829263
03500933,03,50,09,33,7667,1570,6622,6097,525,1045,100.0,20.47737054910656,86.37015781922524,79.52262945089343,6.847528368331812,13.629842180774748
03500934,03,50,09,34,10321,3118,8173,7203,970,2148,100.0,30.210250944675902,79.18806317217324,69.78974905532411,9.398314116849143,20.81193682782676
03500935,03,50,09,35,6621,1910,5323,4711,612,1298,100.0,28.847606101797314,80.39571061773147,71.15239389820269,9.243316719528773,19.60428938226854
03500936,03,50,09,36,10008,2458,8373,7550,823,1635,100.0,24.5603517186251,83.6630695443645,75.4396482813749,8.223421262989609,16.336930455635493
03501037,03,50,10,37,8527,1928,7172,6599,573,1355,100.0,22.610531253664828,84.10929987099802,77.38946874633517,6.719831124662836,15.890700129001994
03501038,03,50,10,38,7360,1362,6416,5998,418,944,100.0,18.505434782608695,87.17391304347825,81.4945652173913,5.679347826086956,12.82608695652174
03601139,03,60,11,39,3792,1422,2824,2370,454,968,100.0,37.5,74.47257383966245,62.5,11.972573839662447,25.52742616033755
03601140,03,60,11,40,6025,2048,4600,3977,623,1425,100.0,33.99170124481328,76.34854771784232,66.00829875518673,10.340248962655602,23.651452282157674
03601141,03,60,11,41,6722,2504,4968,4218,750,1754,100.0,37.25081820886641,73.90657542398095,62.74918179113359,11.157393632847366,26.093424576019043
03601142,03,60,11,42,10967,4150,8071,6817,1254,2896,100.0,37.84079511261056,73.59350779611562,62.15920488738944,11.434302908726178,26.40649220388438
03601243,03,60,12,43,6943,2149,5524,4794,730,1419,100.0,30.952038023908973,79.5621489269768,69.04796197609103,10.514186950885785,20.43785107302319
03601244,03,60,12,44,7624,2238,6162,5386,776,1462,100.0,29.35466946484785,80.82371458551941,70.64533053515215,10.178384050367262,19.17628541448059
03601245,03,60,12,45,13038,4010,10295,9028,1267,2743,100.0,30.756250958736004,78.96149716214144,69.243749041264,9.717748120877436,21.038502837858566
03601346,03,60,13,46,6000,2329,4367,3671,696,1633,100.0,38.81666666666666,72.78333333333333,61.18333333333334,11.600000000000001,27.21666666666667
03601347,03,60,13,47,9431,3262,7347,6169,1178,2084,100.0,34.58806065104443,77.90266143569082,65.41193934895557,12.490722086735234,22.097338564309194
03601348,03,60,13,48,7561,2689,5763,4872,891,1798,100.0,35.56407882555217,76.22007670942997,64.43592117444781,11.784155534982146,23.77992329057003
03601449,03,60,14,49,9939,2205,8541,7734,807,1398,100.0,22.185330516148504,85.93419861153033,77.81466948385149,8.119529127678842,14.065801388469664
03601450,03,60,14,50,4345,2175,2502,2170,332,1843,100.0,50.057537399309545,57.58342922899885,49.942462600690455,7.640966628308401,42.41657077100115
03601451,03,60,14,51,6408,2159,4865,4249,616,1543,100.0,33.692259675405744,75.9207240948814,66.30774032459425,9.61298377028714,24.079275905118603
03601452,03,60,14,52,4722,1968,3341,2754,587,1381,100.0,41.67725540025413,70.75391783142736,58.32274459974587,12.431173231681491,29.24608216857264
03601453,03,60,14,53,3061,1043,2466,2018,448,595,100.0,34.073832081019276,80.56190787324404,65.92616791898072,14.635739954263313,19.43809212675596
03701554,03,70,15,54,11507,4647,8362,6860,1502,3145,100.0,40.38411401755454,72.66881028938906,59.61588598244547,13.0529243069436,27.331189710610932
03701555,03,70,15,55,7288,2568,5601,4720,881,1687,100.0,35.236004390779364,76.8523600439078,64.76399560922064,12.088364434687158,23.147639956092206
03701556,03,70,15,56,8711,3603,6225,5108,1117,2486,100.0,41.361496957869356,71.46137068074849,58.638503042130644,12.82286763861784,28.53862931925152
03701657,03,70,16,57,3170,1072,2462,2098,364,708,100.0,33.81703470031546,77.66561514195584,66.18296529968454,11.482649842271293,22.334384858044164
03701658,03,70,16,58,8445,2938,6443,5507,936,2002,100.0,34.78981645944346,76.29366489046772,65.21018354055654,11.083481349911189,23.70633510953227
03701659,03,70,16,59,9204,3401,6994,5803,1191,2210,100.0,36.95132551064754,75.98870056497175,63.04867448935245,12.940026075619295,24.01129943502825
03701660,03,70,16,60,12904,3947,10408,8957,1451,2496,100.0,30.587414755114693,80.65716057036579,69.4125852448853,11.244575325480472,19.342839429634225
04100101,04,10,01,01,11546,6058,7827,5488,2339,3719,100.0,52.46838732028408,67.78971072232808,47.53161267971592,20.25809804261216,32.21028927767192
04100102,04,10,01,02,7804,4506,5547,3298,2249,2257,100.0,57.73962070732958,71.07893388006151,42.26037929267042,28.81855458739108,28.921066119938494
04200203,04,20,02,03,1528,474,1239,1054,185,289,100.0,31.02094240837696,81.08638743455498,68.97905759162303,12.107329842931938,18.913612565445025
04200204,04,20,02,04,3096,1230,2244,1866,378,852,100.0,39.72868217054263,72.48062015503875,60.27131782945736,12.209302325581394,27.51937984496124
04200205,04,20,02,05,2543,870,2018,1673,345,525,100.0,34.2115611482501,79.35509241053873,65.7884388517499,13.566653558788833,20.644907589461265
04200206,04,20,02,06,2904,868,2465,2036,429,439,100.0,29.88980716253444,84.88292011019284,70.11019283746556,14.772727272727273,15.117079889807162
04200207,04,20,02,07,2958,1070,2201,1888,313,757,100.0,36.173089925625426,74.40838404327248,63.826910074374574,10.581473968897905,25.59161595672752
04200308,04,20,03,08,6174,2259,4737,3915,822,1437,100.0,36.588921282798836,76.72497570456754,63.411078717201164,13.313896987366375,23.27502429543246
04200309,04,20,03,09,6843,2013,5809,4830,979,1034,100.0,29.416922402455064,84.88966827414876,70.58307759754494,14.306590676603829,15.110331725851234
04200310,04,20,03,10,7685,2904,6088,4781,1307,1597,100.0,37.7878985035784,79.21925829538061,62.2121014964216,17.00715679895901,20.780741704619388
04200311,04,20,03,11,7320,3039,5465,4281,1184,1855,100.0,41.51639344262295,74.6584699453552,58.48360655737706,16.174863387978142,25.341530054644807
04300412,04,30,04,12,4442,2628,2468,1814,654,1974,100.0,59.162539396668166,55.56055830706889,40.837460603331834,14.723097703737057,44.43944169293111
04300413,04,30,04,13,10010,4824,7520,5186,2334,2490,100.0,48.19180819180819,75.12487512487512,51.80819180819181,23.316683316683317,24.875124875124875
04300414,04,30,04,14,10664,4324,8132,6340,1792,2532,100.0,40.54763690922731,76.25656414103526,59.4523630907727,16.804201050262566,23.74343585896474
04300415,04,30,04,15,6358,2537,4909,3821,1088,1449,100.0,39.9024850581944,77.20981440704624,60.0975149418056,17.11229946524064,22.790185592953762
04300416,04,30,04,16,11868,5013,8871,6855,2016,2997,100.0,42.23963599595551,74.74721941354903,57.76036400404448,16.98685540950455,25.252780586450964
04300517,04,30,05,17,9476,4636,6661,4840,1821,2815,100.0,48.92359645420009,70.29337273111017,51.07640354579992,19.216969185310255,29.70662726888983
04300518,04,30,05,18,5800,2731,4244,3069,1175,1556,100.0,47.08620689655172,73.17241379310346,52.913793103448285,20.25862068965517,26.82758620689655
04300619,04,30,06,19,8798,4147,6342,4651,1691,2456,100.0,47.13571266196863,72.0845646737895,52.86428733803137,19.220277335758126,27.915435326210503
04300620,04,30,06,20,3631,2239,2229,1392,837,1402,100.0,61.66345359405122,61.388047369870556,38.33654640594877,23.051500963921782,38.611952630129444
04300621,04,30,06,21,10599,5268,7586,5331,2255,3013,100.0,49.70280215114634,71.57278988583829,50.29719784885367,21.275592036984623,28.42721011416171
04300622,04,30,06,22,5238,3114,3493,2124,1369,1745,100.0,59.450171821305844,66.68575792287132,40.549828178694156,26.135929744177165,33.314242077128675
04300623,04,30,06,23,12147,6829,7790,5318,2472,4357,100.0,56.21964271013419,64.13106116736643,43.78035728986581,20.350703877500617,35.868938832633575
04300624,04,30,06,24,9224,4211,6653,5013,1640,2571,100.0,45.65264527320035,72.12705984388552,54.34735472679966,17.77970511708586,27.872940156114485
04400725,04,40,07,25,98,72,38,26,12,60,100.0,73.46938775510205,38.775510204081634,26.53061224489796,12.244897959183673,61.224489795918366
04400726,04,40,07,26,5449,2457,4081,2992,1089,1368,100.0,45.09084235639567,74.89447605065149,54.90915764360433,19.985318407047163,25.105523949348502
04400727,04,40,07,27,8276,3526,6316,4750,1566,1960,100.0,42.60512324794587,76.31706138231029,57.39487675205414,18.92218463025616,23.682938617689704
04400728,04,40,07,28,3216,1288,2545,1928,617,671,100.0,40.049751243781095,79.13557213930348,59.950248756218905,19.185323383084576,20.864427860696516
04400729,04,40,07,29,2854,1149,2229,1705,524,625,100.0,40.259285213735104,78.10091100210231,59.740714786264896,18.36019621583742,21.899088997897685
04400830,04,40,08,30,8273,3963,5892,4310,1582,2381,100.0,47.90281639066844,71.21963012208388,52.097183609331566,19.12244651275233,28.78036987791611
04400831,04,40,08,31,1541,472,1303,1069,234,238,100.0,30.629461388708627,84.5554834523037,69.37053861129137,15.18494484101233,15.444516547696303
04400832,04,40,08,32,6891,1849,5925,5042,883,966,100.0,26.832099840371498,85.98171528080104,73.1679001596285,12.813815121172546,14.018284719198956
04400833,04,40,08,33,4088,1590,3267,2498,769,821,100.0,38.89432485322896,79.91682974559687,61.105675146771034,18.811154598825834,20.083170254403132
04400834,04,40,08,34,3490,1188,2872,2302,570,618,100.0,34.04011461318051,82.29226361031519,65.95988538681948,16.332378223495702,17.707736389684815
04400835,04,40,08,35,10292,2971,8679,7321,1358,1613,100.0,28.867081228138357,84.32763311309756,71.13291877186164,13.19471434123591,15.672366886902447
04500936,04,50,09,36,5517,2510,4094,3007,1087,1423,100.0,45.49574043864419,74.20699655609933,54.50425956135581,19.702736994743518,25.79300344390067
04500937,04,50,09,37,7599,3315,5625,4284,1341,1974,100.0,43.624161073825505,74.02289774970392,56.375838926174495,17.647058823529413,25.97710225029609
04500938,04,50,09,38,8216,3919,5921,4297,1624,2295,100.0,47.69961051606621,72.06669912366115,52.300389483933785,19.76630963972736,27.93330087633885
04500939,04,50,09,39,6741,3374,4844,3367,1477,1897,100.0,50.05192107995846,71.85877466251299,49.94807892004154,21.910695742471443,28.14122533748702
04501040,04,50,10,40,5942,2718,4363,3224,1139,1579,100.0,45.74217435207001,73.42645573880849,54.25782564792999,19.16863009087849,26.57354426119152
04501041,04,50,10,41,5429,2510,3929,2919,1010,1500,100.0,46.233192116411864,72.37060232086941,53.76680788358814,18.60379443728127,27.629397679130598
04501042,04,50,10,42,3669,2148,2294,1521,773,1375,100.0,58.54456255110384,62.523848460070866,41.45543744889616,21.068411011174707,37.476151539929134
04501043,04,50,10,43,11018,5226,7971,5792,2179,3047,100.0,47.431475766926845,72.34525322200037,52.568524233073155,19.77672898892721,27.65474677799964
04501044,04,50,10,44,5441,2511,3911,2930,981,1530,100.0,46.14960485204925,71.88016908656498,53.85039514795075,18.029773938614223,28.119830913435027
04501045,04,50,10,45,9115,4489,6384,4626,1758,2731,100.0,49.248491497531546,70.03839824465167,50.751508502468454,19.286889742183213,29.961601755348326
04501146,04,50,11,46,4613,2094,3363,2519,844,1250,100.0,45.39345328419683,72.90266637762845,54.60654671580316,18.296119661825276,27.09733362237156
04501147,04,50,11,47,5488,2406,4122,3082,1040,1366,100.0,43.84110787172011,75.10932944606414,56.15889212827988,18.950437317784257,24.89067055393586
04501148,04,50,11,48,4545,2198,3241,2347,894,1304,100.0,48.36083608360836,71.30913091309131,51.63916391639164,19.66996699669967,28.690869086908695
04501149,04,50,11,49,9996,4236,7468,5760,1708,2528,100.0,42.37695078031212,74.70988395358144,57.62304921968787,17.086834733893557,25.290116046418564
04501150,04,50,11,50,3048,1212,2306,1836,470,742,100.0,39.76377952755906,75.65616797900262,60.23622047244095,15.419947506561678,24.343832020997375
04501151,04,50,11,51,7404,2560,5967,4844,1123,1437,100.0,34.57590491626148,80.59157212317666,65.42409508373852,15.16747703943814,19.40842787682334
04501152,04,50,11,52,6840,3084,5026,3756,1270,1814,100.0,45.08771929824562,73.47953216374269,54.91228070175439,18.567251461988306,26.52046783625731
04501153,04,50,11,53,7410,3399,5447,4011,1436,1963,100.0,45.87044534412956,73.50877192982456,54.12955465587045,19.379217273954115,26.49122807017544
05100101,05,10,01,01,4348,1057,3841,3291,550,507,100.0,24.310027598896045,88.33946642134315,75.68997240110396,12.64949402023919,11.660533578656853
05100102,05,10,01,02,4329,1177,3627,3152,475,702,100.0,27.188727188727192,83.78378378378379,72.81127281127281,10.972510972510973,16.216216216216218
05100103,05,10,01,03,6068,3073,4188,2995,1193,1880,100.0,50.642715886618326,69.01779828609097,49.357284113381674,19.660514172709295,30.98220171390903
05100104,05,10,01,04,5790,2859,4127,2931,1196,1663,100.0,49.37823834196891,71.27806563039724,50.62176165803108,20.65630397236615,28.721934369602764
05100105,05,10,01,05,7659,1695,6815,5964,851,844,100.0,22.130826478652565,88.98028463245855,77.86917352134743,11.11111111111111,11.019715367541455
05100206,05,10,02,06,3687,1697,2692,1990,702,995,100.0,46.026579875237324,73.01328993761867,53.97342012476268,19.03986981285598,26.98671006238134
05100207,05,10,02,07,2322,671,2055,1651,404,267,100.0,28.897502153316108,88.50129198966408,71.1024978466839,17.39879414298019,11.498708010335918
05100208,05,10,02,08,10902,5330,7769,5572,2197,3133,100.0,48.89011190607228,71.26215373325995,51.10988809392772,20.15226563933223,28.737846266740046
05100209,05,10,02,09,11797,6483,8641,5314,3327,3156,100.0,54.954649487157745,73.24743578875984,45.04535051284225,28.202085275917604,26.75256421124015
05100210,05,10,02,10,7853,3266,5737,4587,1150,2116,100.0,41.58920157901439,73.05488348401884,58.41079842098561,14.644085063033236,26.945116515981155
05100211,05,10,02,11,6167,2262,5032,3905,1127,1135,100.0,36.67909842711205,81.5955894275985,63.320901572887955,18.274687854710557,18.404410572401492
05100312,05,10,03,12,4125,1874,2899,2251,648,1226,100.0,45.43030303030303,70.27878787878788,54.56969696969697,15.709090909090909,29.72121212121212
05100313,05,10,03,13,6341,3505,4365,2836,1529,1976,100.0,55.275193187194446,68.83772275666298,44.724806812805554,24.112915943857434,31.162277243337012
05100314,05,10,03,14,7450,4660,3975,2790,1185,3475,100.0,62.5503355704698,53.355704697986575,37.4496644295302,15.906040268456376,46.644295302013425
05100315,05,10,03,15,6942,3313,4735,3629,1106,2207,100.0,47.72399884759435,68.20800921924517,52.27600115240565,15.93200806683953,31.791990780754826
05100316,05,10,03,16,10468,4682,7717,5786,1931,2751,100.0,44.72678639663737,73.71990829193733,55.27321360336263,18.446694688574706,26.28009170806267
05100317,05,10,03,17,3989,2192,2219,1797,422,1770,100.0,54.951115567811485,55.627976936575585,45.048884432188515,10.579092504387065,44.372023063424415
05200418,05,20,04,18,3913,984,3579,2929,650,334,100.0,25.146946077178633,91.46434960388449,74.85305392282136,16.611295681063122,8.535650396115512
05200419,05,20,04,19,1654,97,1633,1557,76,21,100.0,5.8645707376058045,98.73035066505442,94.1354292623942,4.594921402660217,1.2696493349455864
05200420,05,20,04,20,5889,2037,4884,3852,1032,1005,100.0,34.589913397860414,82.93428425878757,65.41008660213959,17.52419765664799,17.065715741212433
05200421,05,20,04,21,4405,1428,3491,2977,514,914,100.0,32.417707150964816,79.25085130533485,67.58229284903518,11.668558456299658,20.749148694665152
05200422,05,20,04,22,1114,276,962,838,124,152,100.0,24.775583482944345,86.35547576301616,75.22441651705566,11.131059245960502,13.644524236983843
05200423,05,20,04,23,6666,2471,5178,4195,983,1488,100.0,37.068706870687066,77.67776777677767,62.93129312931293,14.746474647464748,22.322232223222322
05200524,05,20,05,24,3433,1039,2998,2394,604,435,100.0,30.26507427905622,87.32886688027965,69.73492572094379,17.593941159335856,12.671133119720363
05200525,05,20,05,25,2450,659,2205,1791,414,245,100.0,26.89795918367347,90.0,73.10204081632654,16.897959183673468,10.0
05200526,05,20,05,26,5667,3396,3306,2271,1035,2361,100.0,59.925886712546315,58.33774483853891,40.07411328745368,18.26363155108523,41.66225516146109
05200527,05,20,05,27,11966,7767,7379,4199,3180,4587,100.0,64.90890857429383,61.666388099615574,35.09109142570617,26.57529667390941,38.333611900384426
05200528,05,20,05,28,7148,2201,6014,4947,1067,1134,100.0,30.791829882484613,84.13542249580303,69.2081701175154,14.927252378287633,15.864577504196978
05200629,05,20,06,29,8456,3792,6002,4664,1338,2454,100.0,44.84389782403028,70.97918637653737,55.15610217596972,15.823084200567644,29.020813623462633
05200630,05,20,06,30,9957,4073,7305,5884,1421,2652,100.0,40.905895350005025,73.36547152756854,59.09410464999498,14.271366877573566,26.634528472431455
05200631,05,20,06,31,8545,3571,6216,4974,1242,2329,100.0,41.79052077238151,72.74429490930369,58.20947922761849,14.534815681685195,27.255705090696313
05200632,05,20,06,32,3738,1872,2518,1866,652,1220,100.0,50.08025682182986,67.36222578919208,49.919743178170144,17.442482611021937,32.63777421080792
05200633,05,20,06,33,2025,600,1730,1425,305,295,100.0,29.629629629629626,85.4320987654321,70.37037037037037,15.06172839506173,14.5679012345679
05200634,05,20,06,34,4429,849,3964,3580,384,465,100.0,19.169112666516146,89.50101603070671,80.83088733348386,8.67012869722285,10.498983969293295
05300735,05,30,07,35,3962,2471,2890,1491,1399,1072,100.0,62.36749116607774,72.9429581019687,37.63250883392226,35.31044926804644,27.057041898031297
05300736,05,30,07,36,3619,2019,2717,1600,1117,902,100.0,55.788891959104724,75.07598784194529,44.211108040895276,30.864879801050016,24.924012158054712
05300737,05,30,07,37,11733,5573,8842,6160,2682,2891,100.0,47.49850848035456,75.3600954572573,52.50149151964545,22.858603937611864,24.63990454274269
05300838,05,30,08,38,32,22,13,10,3,19,100.0,68.75,40.625,31.25,9.375,59.375
05300839,05,30,08,39,7783,4107,5268,3676,1592,2515,100.0,52.76885519722472,67.68598226904793,47.231144802775276,20.454837466272647,32.314017730952074
05300840,05,30,08,40,483,244,345,239,106,138,100.0,50.5175983436853,71.42857142857143,49.4824016563147,21.94616977225673,28.57142857142857
05300841,05,30,08,41,4644,2310,3271,2334,937,1373,100.0,49.74160206718346,70.4349698535745,50.258397932816536,20.17657192075797,29.565030146425496
05400942,05,40,09,42,3793,858,3384,2935,449,409,100.0,22.620616925916163,89.21697864487214,77.37938307408385,11.837595570788293,10.783021355127866
05400943,05,40,09,43,10545,2164,9759,8381,1378,786,100.0,20.52157420578473,92.54623044096728,79.47842579421527,13.067804646752016,7.453769559032716
05400944,05,40,09,44,2217,433,2028,1784,244,189,100.0,19.53089760938205,91.47496617050066,80.46910239061795,11.005863779882723,8.525033829499323
05400945,05,40,09,45,3672,637,3398,3035,363,274,100.0,17.347494553376908,92.53812636165577,82.6525054466231,9.88562091503268,7.461873638344227
06100101,06,10,01,01,6869,1918,5887,4951,936,982,100.0,27.92255058960547,85.70388702867957,72.07744941039452,13.626437618285047,14.296112971320424
06100102,06,10,01,02,9124,3722,6979,5402,1577,2145,100.0,40.79351161771153,76.49057430951338,59.20648838228847,17.2840859272249,23.50942569048663
06100103,06,10,01,03,6200,2099,5139,4101,1038,1061,100.0,33.85483870967742,82.88709677419355,66.14516129032259,16.741935483870968,17.112903225806452
06100204,06,10,02,04,6866,2605,5497,4261,1236,1369,100.0,37.94057675502476,80.06117098747451,62.05942324497524,18.001747742499273,19.93882901252549
06100205,06,10,02,05,9998,3601,8072,6397,1675,1926,100.0,36.01720344068814,80.73614722944589,63.98279655931186,16.753350670134026,19.26385277055411
06100206,06,10,02,06,7734,2525,6366,5209,1157,1368,100.0,32.64804758210499,82.31186966640807,67.351952417895,14.95991724851306,17.688130333591932
06100207,06,10,02,07,8124,2997,6484,5127,1357,1640,100.0,36.89069423929099,79.81290004923683,63.10930576070901,16.703594288527817,20.18709995076317
06100208,06,10,02,08,6964,2371,5663,4593,1070,1301,100.0,34.04652498564044,81.31820792647903,65.95347501435957,15.364732912119472,18.681792073520963
06100209,06,10,02,09,9349,3582,7362,5767,1595,1987,100.0,38.314258209434165,78.74638998823403,61.68574179056584,17.0606481976682,21.253610011765964
06100210,06,10,02,10,4987,1633,4098,3354,744,889,100.0,32.745137357128534,82.17365149388411,67.25486264287147,14.918788851012632,17.826348506115902
06200311,06,20,03,11,4923,1308,4281,3615,666,642,100.0,26.569165143205364,86.95917123705058,73.43083485679463,13.528336380255942,13.040828762949422
06200312,06,20,03,12,6164,2159,4843,4005,838,1321,100.0,35.0259571706684,78.5691109669046,64.97404282933161,13.595068137573005,21.430889033095394
06200313,06,20,03,13,7383,2580,5996,4803,1193,1387,100.0,34.94514425030476,81.21359880807259,65.05485574969525,16.158743058377354,18.7864011919274
06200314,06,20,03,14,7176,2300,5948,4876,1072,1228,100.0,32.05128205128205,82.88740245261984,67.94871794871796,14.938684503901895,17.112597547380158
06200315,06,20,03,15,6687,2376,5493,4311,1182,1194,100.0,35.53162853297443,82.14445939883356,64.46837146702558,17.676087931807984,17.855540601166442
06200316,06,20,03,16,5417,2367,4079,3050,1029,1338,100.0,43.69577256784198,75.29998153959755,56.304227432158015,18.99575410743954,24.700018460402436
06200317,06,20,03,17,6357,1422,5705,4935,770,652,100.0,22.369042000943843,89.74358974358975,77.63095799905616,12.112631744533585,10.256410256410255
06200418,06,20,04,18,0,0,0,0,0,0,0.0,0.0,0.0,0.0,0.0,0.0
06200419,06,20,04,19,4529,2392,3299,2137,1162,1230,100.0,52.815190991388825,72.8416869066019,47.184809008611175,25.656877897990725,27.1583130933981
06200420,06,20,04,20,7205,2259,5925,4946,979,1280,100.0,31.353226925746007,82.23455933379597,68.64677307425399,13.587786259541984,17.765440666204025
06200421,06,20,04,21,8400,2485,6946,5915,1031,1454,100.0,29.583333333333332,82.69047619047619,70.41666666666667,12.273809523809524,17.30952380952381
06200422,06,20,04,22,7125,1761,6042,5364,678,1083,100.0,24.71578947368421,84.8,75.28421052631579,9.515789473684212,15.2
06200423,06,20,04,23,8670,2612,7351,6058,1293,1319,100.0,30.126874279123417,84.78662053056517,69.87312572087659,14.913494809688583,15.213379469434832
06300524,06,30,05,24,5762,1569,4789,4193,596,973,100.0,27.230128427629296,83.11350225616106,72.7698715723707,10.34363068379035,16.886497743838945
06300525,06,30,05,25,5746,1571,4860,4175,685,886,100.0,27.340758788722592,84.58057779324749,72.65924121127742,11.921336581970065,15.419422206752524
06300526,06,30,05,26,3370,1134,2740,2236,504,630,100.0,33.64985163204748,81.30563798219585,66.35014836795253,14.955489614243323,18.694362017804153
06300527,06,30,05,27,8419,2558,7108,5861,1247,1311,100.0,30.383656016153935,84.42807934434018,69.61634398384606,14.811735360494122,15.571920655659818
06300528,06,30,05,28,11019,2803,9629,8216,1413,1390,100.0,25.437880025410653,87.38542517469826,74.56211997458935,12.823305200108903,12.614574825301753
06300629,06,30,06,29,7037,2080,5909,4957,952,1128,100.0,29.55805030552792,83.97044194969448,70.44194969447207,13.528492255222396,16.02955805030553
06300630,06,30,06,30,5643,2366,4111,3277,834,1532,100.0,41.92805245436824,72.85132021974128,58.07194754563175,14.779372674109517,27.14867978025873
06300631,06,30,06,31,2989,1115,2227,1874,353,762,100.0,37.30344596855136,74.50652392104384,62.69655403144865,11.809969889595182,25.493476078956174
06300632,06,30,06,32,14040,4454,11850,9586,2264,2190,100.0,31.723646723646727,84.4017094017094,68.27635327635328,16.125356125356124,15.598290598290598
06300633,06,30,06,33,12070,3367,10220,8703,1517,1850,100.0,27.895608947804472,84.67274233637116,72.10439105219552,12.568351284175641,15.327257663628831
06300634,06,30,06,34,8489,2195,7297,6294,1003,1192,100.0,25.856991400636115,85.95829897514432,74.14300859936388,11.815290375780421,14.041701024855696
06400735,06,40,07,35,10343,2674,8781,7669,1112,1562,100.0,25.853234071352603,84.89799864642752,74.1467659286474,10.751232717780141,15.102001353572463
06400736,06,40,07,36,5243,1193,4748,4050,698,495,100.0,22.754148388327295,90.55884035857333,77.2458516116727,13.312988746900627,9.441159641426664
06400737,06,40,07,37,11357,3723,8802,7634,1168,2555,100.0,32.781544421942414,77.502861671216,67.21845557805759,10.284406093158404,22.49713832878401
06400838,06,40,08,38,7539,1609,6726,5930,796,813,100.0,21.342353097227747,89.21607640270592,78.65764690277224,10.558429499933677,10.78392359729407
06400839,06,40,08,39,5307,1300,4620,4007,613,687,100.0,24.495948746938005,87.05483323911814,75.504051253062,11.550781986056153,12.945166760881854
06400840,06,40,08,40,7216,1315,6543,5901,642,673,100.0,18.22339246119734,90.67350332594235,81.77660753880266,8.89689578713969,9.32649667405765
06400841,06,40,08,41,6262,1822,5243,4440,803,1019,100.0,29.09613541999361,83.72724369211114,70.9038645800064,12.82337911210476,16.27275630788885
06400842,06,40,08,42,4880,1885,4111,2995,1116,769,100.0,38.62704918032787,84.24180327868852,61.372950819672134,22.86885245901639,15.758196721311476
06400843,06,40,08,43,4751,1461,3949,3290,659,802,100.0,30.751420753525572,83.11934329614819,69.24857924647443,13.870764049673753,16.88065670385182
06400844,06,40,08,44,7307,2568,5909,4739,1170,1398,100.0,35.14438209935678,80.86766114684549,64.85561790064321,16.01204324620227,19.13233885315451
07100101,07,10,01,01,9904,4961,7010,4943,2067,2894,100.0,50.09087237479805,70.77948303715671,49.90912762520194,20.870355411954765,29.220516962843295
07100102,07,10,01,02,8643,4550,5673,4093,1580,2970,100.0,52.64375795441397,65.63693162096494,47.35624204558602,18.28068957537892,34.363068379035056
07100103,07,10,01,03,7812,5014,4923,2798,2125,2889,100.0,64.18330773169482,63.0184331797235,35.816692268305175,27.20174091141833,36.9815668202765
07100204,07,10,02,04,10446,4277,7841,6169,1672,2605,100.0,40.94390197204672,75.0622247750335,59.05609802795328,16.00612674708022,24.937775224966494
07100205,07,10,02,05,5250,3580,3208,1670,1538,2042,100.0,68.19047619047619,61.10476190476191,31.80952380952381,29.295238095238098,38.89523809523809
07100206,07,10,02,06,8410,4274,5860,4136,1724,2550,100.0,50.82045184304399,69.67895362663495,49.179548156956,20.49940546967895,30.32104637336504
07200307,07,20,03,07,10566,3998,8373,6568,1805,2193,100.0,37.83834942267651,79.24474730266894,62.16165057732349,17.08309672534545,20.755252697331063
07200308,07,20,03,08,10560,5034,7521,5526,1995,3039,100.0,47.67045454545455,71.2215909090909,52.32954545454545,18.892045454545457,28.77840909090909
07200409,07,20,04,09,9313,3582,7291,5731,1560,2022,100.0,38.46236443680876,78.2884140448835,61.53763556319124,16.750778481692258,21.7115859551165
07200410,07,20,04,10,5599,3080,3908,2519,1389,1691,100.0,55.0098231827112,69.79817824611538,44.9901768172888,24.808001428826575,30.201821753884623
07200411,07,20,04,11,2747,1238,2034,1509,525,713,100.0,45.067346195850014,74.0444120859119,54.93265380414998,19.111758281761922,25.955587914088095
07200412,07,20,04,12,2025,1211,1263,814,449,762,100.0,59.80246913580247,62.37037037037037,40.19753086419753,22.17283950617284,37.629629629629626
07200413,07,20,04,13,7758,2817,6137,4941,1196,1621,100.0,36.31090487238979,79.10543954627481,63.68909512761021,15.416344418664604,20.894560453725187
07200414,07,20,04,14,3775,1580,2865,2195,670,910,100.0,41.85430463576159,75.89403973509934,58.145695364238414,17.748344370860927,24.10596026490066
07300515,07,30,05,15,6911,1939,5918,4972,946,993,100.0,28.056721169150627,85.63160179424106,71.94327883084937,13.688322963391695,14.368398205758934
07300516,07,30,05,16,8942,2814,7364,6128,1236,1578,100.0,31.469469917244464,82.35294117647058,68.53053008275553,13.822411093715054,17.647058823529413
07300517,07,30,05,17,9519,3400,7609,6119,1490,1910,100.0,35.71803760899254,79.93486710788949,64.28196239100747,15.652904716882027,20.065132892110515
07300618,07,30,06,18,9338,3235,7598,6103,1495,1740,100.0,34.64339258941958,81.36645962732919,65.35660741058042,16.00985221674877,18.633540372670808
07300619,07,30,06,19,12255,5694,9288,6561,2727,2967,100.0,46.46266829865361,75.78947368421053,53.53733170134639,22.25214198286414,24.210526315789473
07400720,07,40,07,20,11962,5149,9474,6813,2661,2488,100.0,43.04464136432035,79.20080254138104,56.95535863567965,22.245443905701386,20.79919745861896
07400721,07,40,07,21,6191,2576,4589,3615,974,1602,100.0,41.60878694879664,74.12372799224681,58.39121305120336,15.73251494104345,25.876272007753194
07400822,07,40,08,22,3030,1056,2431,1974,457,599,100.0,34.85148514851485,80.23102310231023,65.14851485148515,15.082508250825082,19.768976897689768
07400823,07,40,08,23,9775,3737,7831,6038,1793,1944,100.0,38.230179028132994,80.11253196930946,61.769820971867006,18.342710997442456,19.887468030690535
07400824,07,40,08,24,7334,3036,5615,4298,1317,1719,100.0,41.39623670575403,76.56122170711754,58.60376329424598,17.957458412871556,23.438778292882464
07400825,07,40,08,25,7384,3323,5488,4061,1427,1896,100.0,45.00270855904659,74.3228602383532,54.99729144095341,19.325568797399782,25.677139761646806
07400826,07,40,08,26,5108,1502,4389,3606,783,719,100.0,29.404855129209086,85.92404072043853,70.59514487079092,15.328895849647612,14.075959279561474
07400927,07,40,09,27,11336,5549,8088,5787,2301,3248,100.0,48.950247000705716,71.34791813690896,51.049752999294284,20.298165137614678,28.652081863091038
07400928,07,40,09,28,3937,2327,2447,1610,837,1490,100.0,59.105918211836425,62.15392430784862,40.894081788163575,21.25984251968504,37.84607569215138
07501029,07,50,10,29,8443,3865,6375,4578,1797,2068,100.0,45.77756721544475,75.50633661020964,54.22243278455525,21.283903825654388,24.49366338979036
07501030,07,50,10,30,8749,3841,6757,4908,1849,1992,100.0,43.90216024688536,77.23168362098527,56.09783975311464,21.133843867870613,22.768316379014745
07501031,07,50,10,31,9107,3259,7508,5848,1660,1599,100.0,35.785659382892284,82.44207752278467,64.21434061710772,18.227736905676952,17.557922477215328
07501032,07,50,10,32,5824,2138,4836,3686,1150,988,100.0,36.71016483516483,83.03571428571429,63.28983516483516,19.74587912087912,16.964285714285715
07501133,07,50,11,33,8097,3488,6013,4609,1404,2084,100.0,43.07768309250339,74.26207237248363,56.92231690749661,17.339755464987032,25.737927627516367
07501134,07,50,11,34,10588,3391,8974,7197,1777,1614,100.0,32.02682281828485,84.75632791839818,67.97317718171514,16.783150736683037,15.243672081601813
07501135,07,50,11,35,2224,609,1954,1615,339,270,100.0,27.38309352517986,87.85971223021582,72.61690647482014,15.242805755395683,12.140287769784171
07601236,07,60,12,36,10345,4755,7610,5590,2020,2735,100.0,45.96423392943451,73.5621072982117,54.035766070565494,19.526341227646206,26.4378927017883
07601237,07,60,12,37,4761,1340,4156,3421,735,605,100.0,28.14534761604705,87.29258559126234,71.85465238395295,15.43793320730939,12.70741440873766
07601238,07,60,12,38,2838,1188,2323,1650,673,515,100.0,41.86046511627907,81.85341789992952,58.139534883720934,23.713883016208598,18.14658210007047
07601339,07,60,13,39,5722,2487,4750,3235,1515,972,100.0,43.46382383781894,83.01293254106955,56.53617616218105,26.4767563788885,16.987067458930444
07601340,07,60,13,40,6558,2958,5238,3600,1638,1320,100.0,45.10521500457457,79.87191216834401,54.89478499542544,24.97712717291857,20.128087831655993
07601341,07,60,13,41,2252,733,1862,1519,343,390,100.0,32.54884547069272,82.68206039076377,67.45115452930727,15.230905861456485,17.317939609236234
07601442,07,60,14,42,10436,2642,9194,7794,1400,1242,100.0,25.31621310847068,88.09888846301264,74.68378689152932,13.415101571483326,11.901111536987353
07601443,07,60,14,43,10960,2812,9778,8148,1630,1182,100.0,25.656934306569347,89.21532846715328,74.34306569343066,14.872262773722628,10.784671532846716
07601544,07,60,15,44,8990,3127,7446,5863,1583,1544,100.0,34.78309232480534,82.825361512792,65.21690767519466,17.60845383759733,17.174638487208007
07601545,07,60,15,45,8286,3442,6361,4844,1517,1925,100.0,41.539946898382816,76.76804248129375,58.460053101617184,18.307989379676563,23.23195751870625
07601546,07,60,15,46,7029,1531,6330,5498,832,699,100.0,21.781192203727414,90.05548442168161,78.21880779627259,11.83667662540902,9.944515578318395
07601547,07,60,15,47,3928,998,3328,2930,398,600,100.0,25.407331975560083,84.72505091649694,74.59266802443992,10.132382892057027,15.274949083503056
07601548,07,60,15,48,2946,603,2654,2343,311,292,100.0,20.468431771894092,90.08825526137136,79.53156822810591,10.556687033265446,9.911744738628649
08100101,08,10,01,01,4718,2714,2880,2004,876,1838,100.0,57.52437473505723,61.04281475201356,42.47562526494277,18.56718948707079,38.95718524798644
08100102,08,10,01,02,8301,4533,5244,3768,1476,3057,100.0,54.60787856884713,63.17311167329237,45.39212143115287,17.780990242139502,36.826888326707625
08100103,08,10,01,03,7408,3834,4895,3574,1321,2513,100.0,51.7548596112311,66.07721382289417,48.245140388768895,17.83207343412527,33.92278617710583
08100104,08,10,01,04,6595,3880,4155,2715,1440,2440,100.0,58.83244882486732,63.00227445034117,41.16755117513268,21.834723275208493,36.99772554965883
08100105,08,10,01,05,6047,3851,3736,2196,1540,2311,100.0,63.68447163882918,61.78270216636349,36.31552836117083,25.467173805192655,38.217297833636515
08100206,08,10,02,06,9574,5727,5807,3847,1960,3767,100.0,59.81825778149153,60.65385418842699,40.18174221850846,20.47211196991853,39.34614581157301
08100207,08,10,02,07,7506,5087,4850,2419,2431,2656,100.0,67.7724487077005,64.61497468691714,32.227551292299495,32.387423394617635,35.38502531308287
08100208,08,10,02,08,12305,7069,7721,5236,2485,4584,100.0,57.44819179195449,62.7468508736286,42.55180820804551,20.195042665583095,37.25314912637139
08100209,08,10,02,09,8669,5227,5128,3442,1686,3541,100.0,60.295305110162644,59.153304879455526,39.70469488983735,19.44860998961818,40.84669512054447
08100310,08,10,03,10,7806,4038,5293,3768,1525,2513,100.0,51.729438893159106,67.8068152703049,48.270561106840894,19.536254163464,32.193184729695105
08100311,08,10,03,11,7249,3569,4902,3680,1222,2347,100.0,49.23437715546972,67.6231204304042,50.76562284453028,16.85749758587391,32.37687956959581
08100312,08,10,03,12,11874,6273,7793,5601,2192,4081,100.0,52.82971197574533,65.6307899612599,47.170288024254674,18.460501937005223,34.36921003874011
08100313,08,10,03,13,3854,1511,2981,2343,638,873,100.0,39.20601971977167,77.34820965230928,60.79398028022833,16.554229372080957,22.65179034769071
08100314,08,10,03,14,8020,4933,4794,3087,1707,3226,100.0,61.50872817955112,59.775561097256855,38.49127182044888,21.28428927680798,40.224438902743145
08100415,08,10,04,15,6531,3577,4193,2954,1239,2338,100.0,54.76956055734191,64.20150053590568,45.230439442658096,18.971061093247588,35.79849946409432
08100416,08,10,04,16,6473,3457,4247,3016,1231,2226,100.0,53.40645759307895,65.61099953653638,46.59354240692106,19.017457129615327,34.38900046346362
08100417,08,10,04,17,9686,5422,6163,4264,1899,3523,100.0,55.977699772868064,63.62791658063184,44.02230022713194,19.605616353499897,36.37208341936816
08100418,08,10,04,18,9474,4624,6497,4850,1647,2977,100.0,48.80726198015622,68.57715853915981,51.19273801984379,17.384420519316024,31.422841460840196
08100419,08,10,04,19,7270,4581,4143,2689,1454,3127,100.0,63.01237964236589,56.987620357634114,36.98762035763411,20.0,43.012379642365886
08100520,08,10,05,20,5867,4445,3579,1422,2157,2288,100.0,75.76274075336629,61.00221578319414,24.237259246633712,36.76495653656042,38.99778421680586
08100521,08,10,05,21,9582,6450,6607,3132,3475,2975,100.0,67.313713212273,68.95220204550199,32.686286787726985,36.26591525777499,31.04779795449802
08200622,08,20,06,22,5707,4016,3045,1691,1354,2662,100.0,70.36972139477834,53.35552829858069,29.630278605221655,23.725249693359032,46.64447170141931
08200623,08,20,06,23,6291,3089,4481,3202,1279,1810,100.0,49.10189159116198,71.22873946908281,50.89810840883803,20.330631060244794,28.771260530917182
08200624,08,20,06,24,8855,4443,6503,4412,2091,2352,100.0,50.17504234895539,73.43873517786561,49.82495765104461,23.613777526821007,26.56126482213439
08200725,08,20,07,25,2526,885,2171,1641,530,355,100.0,35.03562945368171,85.94615993665874,64.96437054631829,20.98178939034046,14.05384006334125
08200726,08,20,07,26,6209,1963,5292,4246,1046,917,100.0,31.615397004348527,85.23111612175873,68.38460299565148,16.84651312610726,14.768883878241262
08200727,08,20,07,27,7961,2645,6677,5316,1361,1284,100.0,33.22446928777792,83.8713729430976,66.77553071222209,17.09584223087552,16.1286270569024
08200728,08,20,07,28,1204,417,1018,787,231,186,100.0,34.634551495016616,84.5514950166113,65.36544850498339,19.186046511627907,15.448504983388705
08200729,08,20,07,29,1897,704,1611,1193,418,286,100.0,37.11122825513969,84.9235635213495,62.88877174486031,22.034791776489193,15.076436478650502
08200730,08,20,07,30,3347,1167,2751,2180,571,596,100.0,34.86704511502838,82.19300866447566,65.13295488497161,17.060053779504035,17.80699133552435
08200831,08,20,08,31,8365,2616,7198,5749,1449,1167,100.0,31.27316198445906,86.04901374775852,68.72683801554095,17.322175732217573,13.950986252241481
08200832,08,20,08,32,11733,4176,9833,7557,2276,1900,100.0,35.59192022500639,83.80635813517429,64.40807977499361,19.398278360180687,16.193641864825707
08200833,08,20,08,33,8488,4104,6447,4384,2063,2041,100.0,48.35061262959472,75.95428840716305,51.64938737040528,24.304901036757776,24.045711592836945
08300934,08,30,09,34,12605,6935,9769,5670,4099,2836,100.0,55.0178500595002,77.50099166997224,44.9821499404998,32.51884172947243,22.499008330027767
08300935,08,30,09,35,7401,3543,5881,3858,2023,1520,100.0,47.87190920145926,79.46223483313067,52.12809079854074,27.33414403458992,20.53776516686934
08301036,08,30,10,36,7164,3609,5655,3555,2100,1509,100.0,50.37688442211056,78.93634840871022,49.62311557788945,29.313232830820766,21.06365159128978
08301037,08,30,10,37,10979,6605,8255,4374,3881,2724,100.0,60.160306038801345,75.18899717642773,39.839693961198655,35.34930321522907,24.811002823572277
08401138,08,40,11,38,2862,1027,2424,1835,589,438,100.0,35.88399720475192,84.69601677148847,64.11600279524808,20.58001397624039,15.30398322851153
08401139,08,40,11,39,4166,1574,3458,2592,866,708,100.0,37.78204512722036,83.00528084493519,62.21795487277964,20.787325972155546,16.99471915506481
08401140,08,40,11,40,2697,1014,2247,1683,564,450,100.0,37.59733036707453,83.31479421579533,62.40266963292548,20.912124582869858,16.68520578420467
08401241,08,40,12,41,8337,3299,6858,5038,1820,1479,100.0,39.57058894086602,82.25980568549838,60.42941105913398,21.8303946263644,17.74019431450162
08401242,08,40,12,42,6870,2008,6013,4862,1151,857,100.0,29.22852983988355,87.5254730713246,70.77147016011645,16.75400291120815,12.4745269286754
08401243,08,40,12,43,10085,3330,8476,6755,1721,1609,100.0,33.019335647000496,84.04561229548835,66.98066435299951,17.064947942488846,15.954387704511653
08401244,08,40,12,44,7300,2026,6609,5274,1335,691,100.0,27.753424657534246,90.53424657534246,72.24657534246576,18.28767123287671,9.465753424657535
08401245,08,40,12,45,3716,1202,3290,2514,776,426,100.0,32.34660925726588,88.53606027987084,67.65339074273412,20.882669537136707,11.46393972012917
08401246,08,40,12,46,7902,2294,6946,5608,1338,956,100.0,29.0306251581878,87.90179701341432,70.9693748418122,16.932422171602127,12.098202986585674
09100101,09,10,01,01,13336,4756,10424,8580,1844,2912,100.0,35.6628674265147,78.16436712657469,64.3371325734853,13.827234553089381,21.835632873425315
09100202,09,10,02,02,4349,1000,3772,3349,423,577,100.0,22.99379167624741,86.73258220280525,77.00620832375259,9.726373879052657,13.267417797194758
09100203,09,10,02,03,7048,1685,5852,5363,489,1196,100.0,23.907491486946654,83.03064699205449,76.09250851305335,6.938138479001135,16.969353007945518
09100304,09,10,03,04,11852,2543,10285,9309,976,1567,100.0,21.456294296321296,86.7786027674654,78.5437057036787,8.234897063786702,13.221397232534592
09100305,09,10,03,05,4275,1090,3582,3185,397,693,100.0,25.497076023391813,83.78947368421052,74.50292397660819,9.286549707602338,16.210526315789473
09100306,09,10,03,06,3163,1089,2533,2074,459,630,100.0,34.42933923490357,80.08220044261776,65.57066076509642,14.51153967752134,19.91779955738223
09100407,09,10,04,07,8601,1423,7724,7178,546,877,100.0,16.544587838623414,89.80351121962562,83.45541216137659,6.348099058249041,10.196488780374375
09100408,09,10,04,08,8439,1775,7311,6664,647,1128,100.0,21.033297784097645,86.63348738002134,78.96670221590236,7.666785164118971,13.366512619978671
09100409,09,10,04,09,3984,1077,3480,2907,573,504,100.0,27.03313253012048,87.34939759036145,72.96686746987952,14.38253012048193,12.650602409638553
09200510,09,20,05,10,7767,2931,5503,4836,667,2264,100.0,37.736577829277714,70.85103643620445,62.26342217072228,8.587614265482168,29.148963563795544
09200511,09,20,05,11,13199,3864,10425,9335,1090,2774,100.0,29.27494507159633,78.98325630729602,70.72505492840367,8.258201378892341,21.016743692703994
09200512,09,20,05,12,3968,1268,3003,2700,303,965,100.0,31.955645161290324,75.6804435483871,68.04435483870968,7.636088709677419,24.319556451612904
09200613,09,20,06,13,10576,4093,7353,6483,870,3223,100.0,38.700832072617246,69.52534039334341,61.29916792738276,8.226172465960666,30.47465960665658
09200614,09,20,06,14,3759,570,3360,3189,171,399,100.0,15.16360734237829,89.3854748603352,84.8363926576217,4.549082202713488,10.614525139664805
09200715,09,20,07,15,3641,1732,2355,1909,446,1286,100.0,47.56934907992309,64.68003295797857,52.43065092007691,12.249382037901675,35.319967042021425
09200716,09,20,07,16,8021,2251,6265,5770,495,1756,100.0,28.063832439845406,78.10746789677097,71.9361675601546,6.171300336616381,21.892532103229023
09200717,09,20,07,17,9677,2334,7955,7343,612,1722,100.0,24.11904515862354,82.20522889325204,75.88095484137646,6.324274051875581,17.79477110674796
09200818,09,20,08,18,3754,820,3128,2934,194,626,100.0,21.843367075119872,83.32445391582313,78.15663292488013,5.167820990942994,16.67554608417688
09200819,09,20,08,19,8523,2304,6826,6219,607,1697,100.0,27.03273495248152,80.08917047987798,72.96726504751848,7.1219054323594975,19.91082952012202
09300920,09,30,09,20,12632,2692,11243,9940,1303,1389,100.0,21.310956301456617,89.00411652944902,78.68904369854339,10.315072830905637,10.995883470550982
09300921,09,30,09,21,2776,453,2562,2323,239,214,100.0,16.318443804034583,92.29106628242076,83.68155619596543,8.609510086455332,7.708933717579251
09300922,09,30,09,22,5929,1387,5030,4542,488,899,100.0,23.39348962725586,84.83724068139654,76.60651037274414,8.230730308652387,15.162759318603475
09300923,09,30,09,23,8319,2104,7208,6215,993,1111,100.0,25.29150138237769,86.64502945065513,74.70849861762231,11.936530833032817,13.354970549344875
09301024,09,30,10,24,3575,918,3021,2657,364,554,100.0,25.67832167832168,84.5034965034965,74.32167832167832,10.181818181818182,15.496503496503497
09301025,09,30,10,25,11619,2371,10067,9248,819,1552,100.0,20.406231173078577,86.64256820724675,79.59376882692142,7.048799380325329,13.35743179275325
09301126,09,30,11,26,8019,1595,6988,6424,564,1031,100.0,19.89026063100137,87.14303529118344,80.10973936899863,7.033295922184811,12.856964708816559
09301227,09,30,12,27,1924,237,1819,1687,132,105,100.0,12.318087318087318,94.54261954261955,87.68191268191268,6.860706860706861,5.457380457380458
09301228,09,30,12,28,2658,345,2489,2313,176,169,100.0,12.979683972911966,93.6418359668924,87.02031602708804,6.621519939804364,6.3581640331076
09401329,09,40,13,29,10244,1005,9612,9239,373,632,100.0,9.810620851229988,93.83053494728621,90.18937914877002,3.6411557985162046,6.169465052713783
09401330,09,40,13,30,1905,252,1775,1653,122,130,100.0,13.228346456692913,93.1758530183727,86.77165354330708,6.404199475065616,6.824146981627297
09401431,09,40,14,31,5909,1093,5116,4816,300,793,100.0,18.49720764934845,86.57979353528515,81.50279235065156,5.07700118463361,13.420206464714843
09401432,09,40,14,32,1554,289,1374,1265,109,180,100.0,18.597168597168597,88.41698841698842,81.4028314028314,7.014157014157014,11.583011583011583
09401433,09,40,14,33,4606,962,3876,3644,232,730,100.0,20.88580112896222,84.1511072514112,79.11419887103777,5.0369083803734265,15.848892748588797
09401534,09,40,15,34,7531,1862,6227,5669,558,1304,100.0,24.724472181649183,82.68490240339929,75.27552781835082,7.409374585048465,17.31509759660072
09401635,09,40,16,35,6970,698,6644,6272,372,326,100.0,10.014347202295552,95.32281205164993,89.98565279770445,5.337159253945481,4.677187948350071
09501736,09,50,17,36,4619,589,4223,4030,193,396,100.0,12.751677852348994,91.42671573933751,87.24832214765101,4.178393591686512,8.573284260662481
09501737,09,50,17,37,14438,1544,13568,12894,674,870,100.0,10.694001939326776,93.97423465853997,89.30599806067322,4.66823659786674,6.025765341460036
09501838,09,50,18,38,10622,1529,9660,9093,567,962,100.0,14.394652607795141,90.94332517416682,85.60534739220486,5.337977781961966,9.056674825833175
09501939,09,50,19,39,6561,1465,5534,5096,438,1027,100.0,22.32891327541533,84.34689833866788,77.67108672458467,6.675811614083218,15.653101661332114
09501940,09,50,19,40,2709,535,2329,2174,155,380,100.0,19.748984865263935,85.97268364710226,80.25101513473606,5.721668512366187,14.027316352897747
09501941,09,50,19,41,2767,465,2464,2302,162,303,100.0,16.805204192265993,89.04951210697506,83.19479580773401,5.854716299241056,10.950487893024937
09502042,09,50,20,42,4185,582,3784,3603,181,401,100.0,13.906810035842293,90.41816009557945,86.0931899641577,4.324970131421744,9.58183990442055
09502043,09,50,20,43,9177,1003,8574,8174,400,603,100.0,10.929497657186445,93.42922523700555,89.07050234281355,4.358722894192002,6.570774762994443
10100101,10,10,01,01,5835,1870,4640,3965,675,1195,100.0,32.04798628963154,79.52013710368466,67.95201371036846,11.568123393316196,20.47986289631534
10100102,10,10,01,02,3645,1249,2739,2396,343,906,100.0,34.26611796982167,75.1440329218107,65.73388203017832,9.410150891632373,24.855967078189302
10100103,10,10,01,03,7805,2210,6483,5595,888,1322,100.0,28.315182575272264,83.0621396540679,71.68481742472774,11.377322229340168,16.937860345932094
10100104,10,10,01,04,7500,2330,6396,5170,1226,1104,100.0,31.066666666666663,85.28,68.93333333333334,16.346666666666668,14.719999999999999
10100205,10,10,02,05,1320,903,463,417,46,857,100.0,68.4090909090909,35.07575757575758,31.590909090909093,3.4848484848484853,64.92424242424242
10100206,10,10,02,06,11348,3368,9362,7980,1382,1986,100.0,29.679238632358125,82.49911878745154,70.32076136764186,12.17835741980966,17.500881212548467
10100207,10,10,02,07,8243,1632,7191,6611,580,1052,100.0,19.79861700837074,87.23765619313357,80.20138299162926,7.036273201504306,12.762343806866433
10100208,10,10,02,08,9643,2790,7913,6853,1060,1730,100.0,28.932904697708185,82.05952504407342,71.06709530229182,10.992429741781603,17.94047495592658
10100209,10,10,02,09,9335,3233,7113,6102,1011,2222,100.0,34.63310123192287,76.19710765934654,65.36689876807714,10.830208891269416,23.802892340653457
10100210,10,10,02,10,10865,3229,9102,7636,1466,1763,100.0,29.719282098481365,83.77358490566039,70.28071790151864,13.49286700414174,16.22641509433962
10100311,10,10,03,11,2234,730,1777,1504,273,457,100.0,32.67681289167413,79.54341987466428,67.32318710832588,12.220232766338407,20.456580125335723
10100312,10,10,03,12,15293,4733,12583,10560,2023,2710,100.0,30.948800104623032,82.27947426927352,69.05119989537697,13.228274373896554,17.72052573072648
10100313,10,10,03,13,4915,1706,3751,3209,542,1164,100.0,34.710071210579855,76.31739572736521,65.28992878942013,11.027466937945066,23.68260427263479
10100314,10,10,03,14,6418,1453,5633,4965,668,785,100.0,22.639451542536616,87.76877531941415,77.36054845746338,10.408226861950762,12.231224680585852
10100315,10,10,03,15,7545,2278,6351,5267,1084,1194,100.0,30.1921802518224,84.17495029821073,69.80781974817761,14.367130550033135,15.825049701789265
10100316,10,10,03,16,3743,618,3488,3125,363,255,100.0,16.510820197702376,93.1872829281325,83.48917980229761,9.698103125834892,6.812717071867485
10200417,10,20,04,17,7644,2959,5745,4685,1060,1899,100.0,38.710099424385135,75.15698587127159,61.289900575614865,13.867085295656725,24.843014128728413
10200418,10,20,04,18,6558,1534,5454,5024,430,1104,100.0,23.391277828606285,83.16559926806953,76.60872217139372,6.556877096675816,16.834400731930465
10200419,10,20,04,19,4325,2000,2831,2325,506,1494,100.0,46.24277456647399,65.45664739884393,53.75722543352601,11.699421965317919,34.543352601156066
10200420,10,20,04,20,7292,2249,5522,5043,479,1770,100.0,30.842018650575977,75.72682391662096,69.15798134942402,6.568842567196928,24.273176083379045
10200421,10,20,04,21,1774,932,1199,842,357,575,100.0,52.536640360766626,67.58737316798195,47.463359639233374,20.12401352874859,32.412626832018034
10200422,10,20,04,22,6701,2888,4339,3813,526,2362,100.0,43.098045067900316,64.75152962244441,56.901954932099684,7.849574690344725,35.24847037755559
10200423,10,20,04,23,6111,2294,4444,3817,627,1667,100.0,37.538864342988056,72.72132220585829,62.461135657011944,10.260186548846342,27.27867779414171
10200524,10,20,05,24,11334,3191,8982,8143,839,2352,100.0,28.154226221986946,79.24827951296982,71.84577377801305,7.402505734956767,20.751720487030177
10200525,10,20,05,25,5382,1659,4152,3723,429,1230,100.0,30.824972129319956,77.14604236343366,69.17502787068004,7.971014492753622,22.85395763656633
10200526,10,20,05,26,6189,2364,4427,3825,602,1762,100.0,38.196800775569564,71.53013410890289,61.803199224430436,9.726934884472453,28.469865891097108
10200627,10,20,06,27,3626,900,3045,2726,319,581,100.0,24.820739106453395,83.97683397683397,75.17926089354661,8.797573083287368,16.023166023166024
10200628,10,20,06,28,6557,1946,5166,4611,555,1391,100.0,29.67820649687357,78.7860301967363,70.32179350312643,8.464236693609882,21.213969803263687
10200629,10,20,06,29,9112,1863,8022,7249,773,1090,100.0,20.44556628621598,88.0377524143986,79.55443371378402,8.483318700614575,11.962247585601403
10200630,10,20,06,30,6525,1091,5926,5434,492,599,100.0,16.72030651340996,90.8199233716475,83.27969348659003,7.540229885057472,9.18007662835249
10300731,10,30,07,31,7777,1499,6853,6278,575,924,100.0,19.274784621319274,88.11881188118812,80.72521537868073,7.3935965025073935,11.881188118811881
10300732,10,30,07,32,7122,1789,6073,5333,740,1049,100.0,25.119348497613032,85.27099129458018,74.88065150238697,10.390339792193204,14.729008705419828
10300733,10,30,07,33,5246,1602,4189,3644,545,1057,100.0,30.537552420892105,79.85131528783836,69.46244757910789,10.38886770873046,20.148684712161646
10300734,10,30,07,34,10596,1601,9834,8995,839,762,100.0,15.109475273688183,92.80860702151756,84.89052472631181,7.918082295205737,7.191392978482446
10400835,10,40,08,35,7907,891,7448,7016,432,459,100.0,11.26849626912862,94.19501707347919,88.73150373087138,5.463513342607816,5.804982926520804
10400836,10,40,08,36,3962,521,3642,3441,201,320,100.0,13.149924280666331,91.92327107521454,86.85007571933367,5.073195355880868,8.076728924785462
10400837,10,40,08,37,7771,698,7496,7073,423,275,100.0,8.982112984171922,96.4612019045168,91.01788701582808,5.443314888688715,3.5387980954832066
10400938,10,40,09,38,10262,1064,9759,9198,561,503,100.0,10.368349249658936,95.09842136035861,89.63165075034107,5.466770610017541,4.901578639641396
10400939,10,40,09,39,4482,598,4158,3884,274,324,100.0,13.342257920571173,92.7710843373494,86.65774207942883,6.113342257920571,7.228915662650602
10400940,10,40,09,40,5919,552,5617,5367,250,302,100.0,9.32589964521034,94.89778678830884,90.67410035478966,4.223686433519176,5.102213211691164
10400941,10,40,09,41,9817,944,9413,8873,540,404,100.0,9.61597229296119,95.88468982377508,90.38402770703881,5.500662116736274,4.115310176224916
11100101,11,10,01,01,3347,343,3163,3004,159,184,100.0,10.247983268598745,94.50253958769046,89.75201673140126,4.750522856289214,5.497460412309531
11100102,11,10,01,02,3045,1260,2092,1785,307,953,100.0,41.37931034482759,68.70279146141215,58.620689655172406,10.082101806239738,31.29720853858785
11100203,11,10,02,03,9093,3255,6936,5838,1098,2157,100.0,35.79676674364896,76.27845595513033,64.20323325635104,12.075222698779282,23.72154404486968
11100204,11,10,02,04,7207,2646,5432,4561,871,1775,100.0,36.71430553628417,75.37116692104898,63.285694463715835,12.085472457333148,24.628833078951022
11100205,11,10,02,05,6228,2102,4744,4126,618,1484,100.0,33.75080282594733,76.17212588310855,66.24919717405267,9.922928709055876,23.827874116891458
11100206,11,10,02,06,7699,2560,5798,5139,659,1901,100.0,33.25107156773607,75.30848162098974,66.74892843226394,8.55955318872581,24.69151837901026
11100307,11,10,03,07,11773,3941,9335,7832,1503,2438,100.0,33.47490019536227,79.2915994224072,66.52509980463773,12.766499617769473,20.708400577592798
11100308,11,10,03,08,9665,3222,7521,6443,1078,2144,100.0,33.33678220382825,77.81686497672013,66.66321779617176,11.15364718054837,22.183135023279878
11100309,11,10,03,09,6491,1919,5072,4572,500,1419,100.0,29.564011708519487,78.13896163919273,70.43598829148051,7.702973347712216,21.86103836080727
11200410,11,20,04,10,10296,3531,7656,6765,891,2640,100.0,34.294871794871796,74.35897435897436,65.7051282051282,8.653846153846153,25.64102564102564
11200411,11,20,04,11,6913,1884,5673,5029,644,1240,100.0,27.253001591204978,82.0627802690583,72.74699840879502,9.315781860263272,17.937219730941703
11200512,11,20,05,12,3981,899,3295,3082,213,686,100.0,22.582265762371264,82.76814870635518,77.41773423762874,5.35041446872645,17.231851293644812
11200513,11,20,05,13,10191,3004,7955,7187,768,2236,100.0,29.47698950053969,78.05907172995781,70.5230104994603,7.5360612304974985,21.940928270042196
11200514,11,20,05,14,15790,5246,12378,10544,1834,3412,100.0,33.22355921469284,78.3913869537682,66.77644078530716,11.614946168461051,21.608613046231792
11200515,11,20,05,15,4272,1120,3635,3152,483,637,100.0,26.217228464419474,85.08895131086143,73.78277153558052,11.3061797752809,14.911048689138577
11300616,11,30,06,16,6004,2342,4602,3662,940,1402,100.0,39.00732844770153,76.64890073284477,60.992671552298475,15.656229180546303,23.351099267155227
11300617,11,30,06,17,4355,1335,3579,3020,559,776,100.0,30.65442020665901,82.18140068886338,69.34557979334099,12.835820895522387,17.818599311136623
11300618,11,30,06,18,3798,1265,2891,2533,358,907,100.0,33.30700368615061,76.11901000526593,66.69299631384939,9.426013691416536,23.88098999473407
11300619,11,30,06,19,8676,3401,6231,5275,956,2445,100.0,39.20009220839096,71.81881051175657,60.79990779160903,11.018902720147533,28.18118948824343
11300620,11,30,06,20,11376,4296,8581,7080,1501,2795,100.0,37.76371308016878,75.43073136427567,62.236286919831215,13.194444444444445,24.56926863572433
11300721,11,30,07,21,6502,4438,2523,2064,459,3979,100.0,68.25592125499847,38.80344509381729,31.744078745001538,7.0593663488157485,61.19655490618271
11300722,11,30,07,22,10232,2986,8448,7246,1202,1784,100.0,29.18295543393276,82.56450351837373,70.81704456606724,11.74745895230649,17.43549648162627
11300723,11,30,07,23,2728,1915,1031,813,218,1697,100.0,70.19794721407625,37.79325513196481,29.802052785923756,7.991202346041056,62.20674486803519
11300724,11,30,07,24,4159,1273,3275,2886,389,884,100.0,30.60831930752585,78.74489059870162,69.39168069247415,9.353209906227459,21.255109401298387
11300725,11,30,07,25,10059,2607,8250,7452,798,1809,100.0,25.917089173874142,82.01610498061439,74.08291082612585,7.933194154488518,17.983895019385628
11300826,11,30,08,26,10285,4272,7484,6013,1471,2801,100.0,41.536217792902285,72.76616431696645,58.463782207097715,14.302382109868741,27.23383568303354
11400927,11,40,09,27,4252,1156,3493,3096,397,759,100.0,27.18720602069614,82.14957666980244,72.81279397930386,9.33678269049859,17.850423330197554
11400928,11,40,09,28,2725,1098,1887,1627,260,838,100.0,40.293577981651374,69.24770642201835,59.706422018348626,9.541284403669724,30.75229357798165
11400929,11,40,09,29,16644,5044,12918,11600,1318,3726,100.0,30.305215092525835,77.61355443403029,69.69478490747416,7.918769526556116,22.38644556596972
11400930,11,40,09,30,4718,943,4143,3775,368,575,100.0,19.987282746926663,87.81263247138618,80.01271725307333,7.799915218312845,12.18736752861382
11400931,11,40,09,31,6861,2078,5451,4783,668,1410,100.0,30.287130155953946,79.44905990380411,69.71286984404605,9.736190059758053,20.55094009619589
11401032,11,40,10,32,6149,2392,4403,3757,646,1746,100.0,38.90063424947146,71.60513904699951,61.09936575052855,10.505773296470972,28.39486095300049
11401033,11,40,10,33,6823,2793,5042,4030,1012,1781,100.0,40.93507254873223,73.89711270702037,59.06492745126777,14.8321852557526,26.102887292979627
11401034,11,40,10,34,3388,1207,2540,2181,359,848,100.0,35.62573789846517,74.97048406139315,64.37426210153482,10.596221959858324,25.02951593860685
11401135,11,40,11,35,10925,3904,8423,7021,1402,2502,100.0,35.734553775743706,77.09839816933638,64.2654462242563,12.832951945080092,22.901601830663616
11401136,11,40,11,36,8159,2206,6506,5953,553,1653,100.0,27.037627160191203,79.74016423581321,72.9623728398088,6.777791396004412,20.259835764186786
11401137,11,40,11,37,8748,3196,6730,5552,1178,2018,100.0,36.53406492912666,76.93187014174669,63.46593507087335,13.465935070873341,23.068129858253315
11501238,11,50,12,38,4427,1199,3715,3228,487,712,100.0,27.083803930426924,83.91687372938785,72.91619606957308,11.000677659814773,16.08312627061215
11501339,11,50,13,39,10405,2654,8562,7751,811,1843,100.0,25.506967803940412,82.28736184526669,74.49303219605959,7.7943296492071115,17.712638154733302
11501340,11,50,13,40,11192,2088,9870,9104,766,1322,100.0,18.656182987848464,88.1879914224446,81.34381701215153,6.844174410293066,11.812008577555396
11501341,11,50,13,41,8705,2257,7201,6448,753,1504,100.0,25.927627800114877,82.72257323377369,74.07237219988512,8.65020103388857,17.277426766226306
12100101,12,10,01,01,11058,6434,7142,4624,2518,3916,100.0,58.184120094049554,64.58672454331705,41.815879905950446,22.770844637366615,35.413275456682946
12100102,12,10,01,02,9842,5150,6647,4692,1955,3195,100.0,52.32676285307865,67.53708595813859,47.67323714692136,19.86384881121723,32.46291404186141
12100103,12,10,01,03,7615,3534,5572,4081,1491,2043,100.0,46.408404464871964,73.17137229152988,53.591595535128036,19.579776756401838,26.828627708470126
12100204,12,10,02,04,8964,4609,6256,4355,1901,2708,100.0,51.416778224007146,69.79027219991075,48.58322177599286,21.207050423917895,30.209727800089247
12100205,12,10,02,05,13841,6761,9854,7080,2774,3987,100.0,48.84762661657395,71.19427787009609,51.15237338342605,20.041904486670038,28.80572212990391
12100206,12,10,02,06,4691,1740,3739,2951,788,952,100.0,37.09230441270518,79.70581965465784,62.90769558729482,16.798124067363034,20.294180345342145
12200307,12,20,03,07,2757,1203,2004,1554,450,753,100.0,43.63438520130577,72.68770402611534,56.36561479869423,16.32208922742111,27.31229597388466
12200308,12,20,03,08,5744,2689,4275,3055,1220,1469,100.0,46.81406685236769,74.42548746518106,53.18593314763231,21.23955431754875,25.574512534818943
12200309,12,20,03,09,10923,6191,6999,4732,2267,3924,100.0,56.678568158930695,64.07580335072782,43.321431841069305,20.75437150965852,35.924196649272176
12200310,12,20,03,10,8146,4961,5193,3185,2008,2953,100.0,60.90105573287503,63.749079302725264,39.09894426712497,24.650135035600297,36.250920697274736
12200411,12,20,04,11,331,223,189,108,81,142,100.0,67.37160120845923,57.09969788519638,32.62839879154079,24.47129909365559,42.90030211480362
12200412,12,20,04,12,6361,2404,5031,3957,1074,1330,100.0,37.792799874233616,79.09133783996228,62.20720012576639,16.884137714195884,20.908662160037732
12200413,12,20,04,13,8145,3575,6152,4570,1582,1993,100.0,43.89195825659914,75.53100061387354,56.10804174340086,19.42295887047268,24.46899938612646
12200414,12,20,04,14,1833,817,1209,1016,193,624,100.0,44.57174031642116,65.95744680851064,55.42825968357883,10.529187124931806,34.04255319148936
12200515,12,20,05,15,11036,2931,9306,8105,1201,1730,100.0,26.558535701341068,84.3240304458137,73.44146429865893,10.882566147154767,15.6759695541863
12400616,12,40,06,16,6054,1040,5574,5014,560,480,100.0,17.178724810042947,92.07135777998018,82.82127518995705,9.250082590023124,7.928642220019821
12400617,12,40,06,17,6826,1063,6383,5763,620,443,100.0,15.572809844711397,93.51010840902431,84.4271901552886,9.082918253735716,6.489891590975681
12400618,12,40,06,18,3787,699,3480,3088,392,307,100.0,18.457882228677054,91.89331925006601,81.54211777132294,10.35120147874307,8.106680749933986
12400619,12,40,06,19,7744,1255,7126,6489,637,618,100.0,16.206095041322314,92.01962809917356,83.79390495867769,8.225723140495868,7.980371900826447
12400720,12,40,07,20,8540,1297,7998,7243,755,542,100.0,15.18735362997658,93.65339578454332,84.81264637002342,8.840749414519907,6.346604215456675
12400721,12,40,07,21,8042,1305,7414,6737,677,628,100.0,16.22730664013927,92.1909972643621,83.77269335986072,8.418303904501368,7.809002735637901
12400722,12,40,07,22,8555,1400,7867,7155,712,688,100.0,16.36469900642899,91.95791934541204,83.63530099357102,8.322618351841028,8.042080654587961
12400723,12,40,07,23,8171,1475,7449,6696,753,722,100.0,18.051646065353076,91.16387223106108,81.94835393464692,9.215518296414148,8.83612776893893
12500824,12,50,08,24,9614,1773,8727,7841,886,887,100.0,18.44185562721032,90.773871437487,81.55814437278968,9.215727064697317,9.226128562513
12500825,12,50,08,25,6896,2166,5437,4730,707,1459,100.0,31.40951276102088,78.84280742459396,68.59048723897911,10.252320185614849,21.157192575406032
12500926,12,50,09,26,5087,1554,4209,3533,676,878,100.0,30.548456850796146,82.74031845881659,69.45154314920386,13.288775309612738,17.259681541183408
12500927,12,50,09,27,6791,1929,5824,4862,962,967,100.0,28.40524223236637,85.76056545427771,71.59475776763364,14.165807686644088,14.239434545722279
12500928,12,50,09,28,5186,1151,4609,4035,574,577,100.0,22.19436945622831,88.8738912456614,77.8056305437717,11.068260701889702,11.126108754338604
12500929,12,50,09,29,5092,934,4748,4158,590,344,100.0,18.34249803613511,93.24430479183033,81.65750196386489,11.586802827965435,6.755695208169678
12500930,12,50,09,30,10232,3951,7619,6281,1338,2613,100.0,38.61415168100078,74.46247068021891,61.385848318999216,13.076622361219703,25.537529319781076
12601031,12,60,10,31,3251,1068,2760,2183,577,491,100.0,32.8514303291295,84.89695478314366,67.1485696708705,17.748385112273148,15.103045216856351
12601032,12,60,10,32,6054,3247,4042,2807,1235,2012,100.0,53.63396101750908,66.76577469441692,46.36603898249091,20.399735711926,33.23422530558309
12601133,12,60,11,33,11448,6172,8331,5276,3055,3117,100.0,53.91334730957372,72.77253668763103,46.08665269042628,26.68588399720475,27.22746331236897
12601134,12,60,11,34,15841,7802,11761,8039,3722,4080,100.0,49.25194116533047,74.24405024935294,50.74805883466953,23.495991414683417,25.755949750647055
12601235,12,60,12,35,10676,6384,7355,4292,3063,3321,100.0,59.797677032596475,68.8928437617085,40.20232296740352,28.690520794304987,31.107156238291495
12601236,12,60,12,36,3134,1428,2498,1706,792,636,100.0,45.564773452456926,79.70644543714104,54.43522654754308,25.271218889597957,20.29355456285897
